# variable: Temperature at 850hPa
# units: degree celsius
# 
| fcst_hour |    1 |     2 |     3 |     4 |     5 |     6 |     7 |    8 |    9 |   10 |   11 |   12 |    13 |    14 |    15 |    16 |    17 |    18 |    19 |    20 |   21 |    22 |    23 |    24 |   25 |    26 |    27 |   28 |    29 |    30 |    31 |    32 |    33 |    34 |    35 |    36 |    37 |    38 |    39 |    40 |
|         0 | 7.72 |  8.37 |  8.15 |  7.41 |  7.74 |  8.33 |  8.32 | 9.08 | 8.28 | 7.82 | 8.03 | 7.94 |  7.76 |  7.63 |  7.79 |  7.70 |  8.00 |  8.34 |  7.87 |  8.42 | 8.16 |  7.95 |  7.76 |  7.79 | 7.52 |  7.04 |  8.11 | 8.35 |  7.69 |  7.44 |  7.52 |  7.89 |  7.96 |  7.45 |  8.68 |  8.40 |  8.17 |  8.97 |  8.70 |  8.18 |
|         1 | 7.45 |  8.07 |  7.74 |  7.18 |  7.75 |  8.05 |  8.45 | 9.01 | 8.18 | 7.75 | 7.83 | 7.70 |  7.54 |  7.37 |  7.41 |  7.72 |  7.83 |  8.24 |  7.66 |  8.16 | 8.02 |  7.79 |  7.52 |  7.62 | 7.56 |  7.12 |  7.85 | 8.17 |  7.59 |  7.27 |  7.28 |  7.75 |  7.84 |  7.38 |  8.30 |  8.34 |  7.99 |  8.49 |  8.40 |  8.06 |
|         2 | 7.45 |  7.99 |  7.52 |  7.24 |  7.56 |  7.96 |  8.41 | 8.79 | 8.32 | 7.88 | 7.85 | 7.74 |  7.57 |  7.48 |  7.36 |  7.80 |  7.65 |  8.41 |  7.77 |  7.97 | 7.81 |  7.62 |  7.49 |  7.52 | 7.57 |  7.33 |  7.80 | 8.10 |  7.71 |  7.56 |  7.11 |  7.63 |  7.97 |  7.38 |  8.19 |  8.18 |  8.06 |  8.46 |  8.21 |  7.99 |
|         3 | 7.63 |  8.04 |  7.60 |  7.59 |  7.26 |  8.18 |  7.97 | 8.67 | 8.10 | 7.89 | 7.98 | 7.76 |  7.54 |  7.44 |  7.51 |  7.36 |  8.00 |  8.60 |  8.06 |  8.05 | 7.87 |  7.36 |  7.71 |  7.81 | 7.22 |  7.16 |  7.87 | 8.09 |  7.70 |  7.55 |  7.43 |  7.79 |  8.13 |  7.06 |  8.51 |  8.22 |  7.94 |  8.45 |  7.99 |  7.95 |
|         4 | 7.67 |  7.63 |  7.65 |  7.61 |  6.58 |  8.20 |  7.50 | 8.63 | 7.54 | 7.41 | 7.81 | 7.35 |  7.04 |  7.15 |  7.34 |  6.71 |  8.09 |  8.34 |  7.80 |  8.12 | 7.90 |  6.96 |  7.72 |  7.45 | 6.71 |  6.79 |  8.12 | 7.68 |  7.71 |  7.02 |  7.54 |  7.91 |  7.71 |  6.85 |  8.33 |  8.13 |  7.79 |  8.15 |  8.51 |  7.40 |
|         5 | 7.37 |  7.20 |  7.36 |  7.47 |  6.15 |  7.64 |  7.12 | 8.58 | 7.07 | 7.15 | 7.25 | 6.87 |  6.57 |  6.65 |  6.85 |  6.34 |  7.56 |  7.78 |  7.08 |  7.71 | 7.50 |  6.69 |  7.11 |  6.84 | 6.35 |  6.43 |  7.98 | 7.17 |  7.21 |  6.68 |  7.22 |  7.42 |  6.95 |  6.55 |  7.75 |  7.60 |  7.34 |  7.60 |  8.15 |  6.67 |
|         6 | 6.94 |  7.01 |  7.12 |  7.14 |  5.79 |  7.42 |  6.95 | 8.38 | 6.84 | 6.98 | 7.00 | 6.74 |  6.22 |  6.58 |  6.90 |  6.04 |  7.55 |  7.33 |  6.91 |  7.20 | 7.12 |  6.35 |  6.68 |  6.55 | 6.13 |  6.29 |  7.62 | 6.84 |  6.93 |  6.61 |  6.82 |  6.88 |  6.54 |  6.29 |  7.21 |  7.10 |  6.76 |  7.17 |  7.72 |  6.21 |
|         7 | 6.76 |  6.43 |  7.19 |  6.78 |  5.28 |  7.16 |  6.70 | 8.00 | 6.44 | 6.83 | 6.81 | 6.53 |  5.44 |  6.12 |  6.88 |  5.68 |  7.70 |  7.06 |  6.97 |  6.99 | 7.09 |  5.53 |  6.51 |  6.16 | 5.86 |  6.15 |  7.35 | 6.71 |  6.98 |  6.16 |  6.29 |  6.55 |  6.18 |  5.49 |  6.93 |  6.76 |  6.33 |  6.89 |  7.43 |  6.03 |
|         8 | 6.45 |  5.22 |  7.07 |  6.35 |  4.92 |  6.40 |  6.20 | 7.65 | 6.02 | 6.32 | 6.42 | 6.13 |  4.85 |  5.85 |  6.43 |  5.23 |  7.65 |  6.67 |  6.65 |  6.80 | 6.84 |  4.91 |  6.22 |  5.65 | 5.42 |  5.63 |  7.15 | 6.47 |  7.04 |  5.66 |  5.58 |  6.10 |  5.42 |  4.95 |  6.88 |  6.42 |  5.61 |  6.53 |  7.28 |  5.74 |
|         9 | 5.91 |  4.11 |  6.39 |  5.69 |  4.53 |  5.81 |  5.52 | 7.31 | 5.55 | 5.77 | 6.01 | 5.82 |  4.32 |  5.53 |  5.86 |  4.81 |  7.13 |  6.18 |  6.43 |  6.34 | 6.22 |  4.28 |  5.75 |  5.38 | 4.87 |  5.21 |  6.40 | 5.90 |  6.79 |  5.24 |  4.89 |  5.36 |  4.87 |  4.44 |  6.64 |  5.80 |  4.99 |  6.03 |  6.92 |  5.15 |
|        10 | 5.37 |  3.56 |  5.74 |  5.03 |  4.24 |  5.40 |  4.99 | 6.99 | 5.12 | 5.40 | 5.74 | 5.57 |  3.85 |  5.16 |  5.15 |  4.33 |  6.17 |  5.88 |  6.50 |  6.01 | 5.62 |  3.44 |  5.22 |  5.01 | 4.53 |  4.71 |  5.56 | 5.39 |  6.39 |  4.82 |  4.13 |  4.78 |  4.19 |  3.71 |  5.95 |  5.33 |  4.59 |  5.62 |  6.46 |  4.60 |
|        11 | 5.11 |  3.03 |  5.39 |  4.38 |  3.87 |  4.90 |  4.45 | 6.29 | 4.73 | 4.93 | 5.28 | 5.28 |  3.43 |  4.62 |  4.77 |  3.89 |  5.69 |  5.66 |  5.93 |  5.38 | 5.22 |  3.10 |  4.45 |  4.32 | 4.34 |  4.18 |  4.99 | 5.06 |  5.59 |  4.36 |  3.18 |  4.22 |  3.68 |  3.09 |  5.47 |  4.76 |  4.24 |  5.37 |  6.07 |  4.06 |
|        12 | 4.74 |  2.79 |  4.68 |  3.82 |  3.47 |  4.27 |  3.99 | 5.85 | 4.31 | 4.48 | 4.89 | 4.81 |  3.12 |  4.21 |  4.57 |  3.68 |  5.19 |  4.80 |  5.40 |  4.35 | 4.88 |  2.97 |  3.92 |  3.81 | 4.11 |  3.69 |  4.74 | 4.62 |  4.80 |  3.89 |  2.55 |  3.73 |  3.27 |  2.86 |  5.15 |  3.95 |  3.99 |  4.77 |  5.34 |  3.64 |
|        13 | 4.23 |  2.88 |  3.88 |  3.41 |  3.11 |  3.86 |  3.57 | 5.57 | 4.01 | 4.01 | 4.48 | 4.33 |  2.91 |  3.91 |  4.21 |  3.36 |  4.80 |  4.21 |  4.94 |  3.38 | 4.55 |  2.95 |  3.60 |  3.54 | 3.91 |  3.36 |  4.40 | 4.21 |  4.39 |  3.58 |  2.34 |  3.32 |  3.16 |  2.77 |  4.54 |  3.16 |  3.76 |  4.17 |  5.02 |  3.26 |
|        14 | 3.75 |  2.95 |  3.23 |  3.22 |  2.79 |  3.64 |  3.29 | 5.30 | 3.83 | 3.65 | 4.24 | 4.03 |  2.46 |  3.73 |  4.03 |  3.09 |  4.59 |  3.88 |  4.59 |  3.03 | 4.36 |  2.95 |  3.46 |  3.51 | 3.71 |  3.14 |  4.22 | 3.95 |  4.14 |  3.52 |  2.10 |  3.13 |  2.90 |  2.32 |  4.10 |  2.73 |  3.40 |  3.76 |  4.81 |  3.13 |
|        15 | 3.58 |  3.14 |  2.82 |  3.10 |  2.56 |  3.49 |  3.11 | 4.99 | 3.63 | 3.32 | 4.17 | 3.71 |  2.45 |  3.45 |  3.87 |  3.01 |  4.57 |  3.57 |  4.47 |  2.63 | 4.08 |  2.99 |  3.18 |  3.69 | 3.68 |  3.00 |  4.15 | 3.74 |  3.93 |  3.33 |  1.68 |  3.21 |  2.80 |  1.80 |  3.73 |  2.64 |  3.17 |  3.55 |  4.52 |  3.11 |
|        16 | 3.60 |  3.21 |  2.61 |  3.02 |  2.45 |  3.30 |  3.05 | 4.48 | 3.55 | 3.12 | 4.10 | 3.31 |  2.32 |  3.32 |  3.85 |  2.92 |  4.37 |  3.29 |  4.37 |  2.12 | 3.83 |  3.00 |  3.00 |  3.54 | 3.72 |  2.98 |  4.01 | 3.51 |  3.64 |  3.17 |  1.43 |  3.32 |  2.87 |  1.77 |  3.47 |  2.58 |  3.16 |  3.43 |  4.26 |  3.15 |
|        17 | 3.61 |  2.95 |  2.51 |  2.89 |  2.34 |  3.15 |  3.06 | 3.99 | 3.43 | 2.88 | 3.99 | 2.96 |  2.14 |  3.16 |  3.73 |  2.97 |  4.07 |  3.25 |  4.11 |  1.95 | 3.58 |  2.83 |  2.92 |  3.29 | 3.71 |  2.87 |  3.74 | 3.41 |  3.18 |  2.96 |  1.32 |  3.24 |  2.80 |  1.90 |  3.33 |  2.49 |  3.21 |  3.35 |  4.02 |  3.05 |
|        18 | 3.43 |  2.53 |  2.43 |  2.66 |  1.87 |  2.99 |  3.07 | 3.84 | 3.18 | 2.70 | 3.88 | 2.84 |  1.81 |  2.67 |  3.51 |  2.93 |  3.86 |  2.95 |  4.01 |  1.81 | 3.39 |  2.70 |  2.70 |  3.06 | 3.59 |  2.64 |  3.42 | 3.18 |  2.91 |  2.73 |  1.19 |  3.02 |  2.34 |  1.95 |  3.14 |  2.30 |  3.12 |  3.10 |  3.96 |  2.80 |
|        19 | 3.09 |  2.16 |  2.36 |  2.48 |  1.36 |  2.87 |  2.98 | 3.88 | 2.86 | 2.53 | 3.63 | 2.57 |  1.70 |  2.20 |  3.16 |  2.71 |  3.72 |  2.57 |  4.04 |  1.78 | 3.13 |  2.59 |  2.42 |  2.99 | 3.37 |  2.27 |  3.08 | 2.98 |  2.75 |  2.67 |  1.21 |  2.84 |  1.96 |  1.93 |  2.92 |  2.12 |  3.08 |  2.86 |  3.97 |  2.49 |
|        20 | 2.77 |  1.77 |  2.36 |  2.37 |  1.11 |  2.64 |  2.87 | 3.69 | 2.59 | 2.46 | 3.35 | 2.27 |  1.69 |  1.97 |  3.02 |  2.55 |  3.76 |  2.25 |  3.91 |  1.89 | 2.82 |  2.13 |  2.31 |  2.82 | 3.16 |  1.99 |  2.97 | 2.84 |  2.45 |  2.69 |  1.08 |  2.67 |  1.73 |  2.01 |  2.77 |  2.02 |  2.90 |  2.68 |  4.02 |  2.30 |
|        21 | 2.75 |  1.52 |  2.45 |  2.21 |  1.00 |  2.50 |  2.71 | 3.49 | 2.37 | 2.35 | 3.19 | 2.03 |  1.58 |  1.80 |  2.89 |  2.12 |  3.90 |  1.77 |  3.83 |  2.05 | 2.49 |  1.91 |  2.17 |  2.78 | 2.89 |  1.96 |  2.92 | 2.65 |  2.33 |  2.63 |  0.99 |  2.52 |  1.60 |  1.93 |  2.62 |  2.05 |  2.64 |  2.60 |  3.97 |  2.37 |
|        22 | 2.81 |  1.34 |  2.47 |  2.10 |  1.03 |  2.47 |  2.44 | 3.41 | 2.21 | 2.24 | 3.27 | 1.98 |  1.45 |  1.58 |  2.66 |  1.79 |  4.00 |  1.46 |  3.84 |  2.21 | 2.32 |  1.87 |  2.08 |  2.69 | 2.48 |  1.99 |  2.73 | 2.56 |  2.33 |  2.42 |  0.93 |  2.49 |  1.37 |  1.96 |  2.44 |  2.05 |  2.41 |  2.42 |  4.01 |  2.44 |
|        23 | 2.90 |  1.45 |  2.44 |  2.15 |  0.97 |  2.46 |  2.16 | 3.45 | 2.01 | 2.22 | 3.43 | 1.91 |  1.39 |  1.44 |  2.23 |  1.73 |  4.07 |  1.56 |  3.73 |  2.32 | 2.33 |  1.68 |  2.05 |  2.39 | 2.33 |  1.97 |  2.57 | 2.45 |  2.27 |  2.27 |  0.79 |  2.55 |  1.32 |  2.16 |  2.30 |  1.90 |  2.22 |  2.12 |  4.13 |  2.35 |
|        24 | 3.01 |  1.66 |  2.48 |  2.40 |  0.90 |  2.48 |  1.97 | 3.63 | 1.84 | 2.29 | 3.42 | 1.72 |  1.40 |  1.34 |  1.89 |  1.94 |  4.08 |  1.71 |  3.54 |  2.25 | 2.35 |  1.40 |  2.01 |  2.06 | 2.36 |  1.95 |  2.54 | 2.28 |  2.26 |  2.23 |  0.80 |  2.88 |  1.31 |  2.08 |  2.24 |  1.81 |  2.05 |  1.91 |  4.14 |  2.25 |
|        25 | 3.08 |  1.70 |  2.51 |  2.61 |  0.99 |  2.48 |  1.92 | 3.96 | 1.84 | 2.39 | 3.51 | 1.62 |  1.34 |  1.38 |  1.57 |  2.22 |  4.13 |  1.72 |  3.38 |  2.13 | 2.25 |  1.09 |  2.01 |  1.99 | 2.36 |  1.93 |  2.70 | 2.29 |  2.59 |  2.22 |  1.04 |  3.23 |  1.33 |  1.94 |  2.35 |  1.87 |  1.92 |  1.82 |  4.24 |  2.18 |
|        26 | 3.09 |  1.69 |  2.56 |  2.73 |  1.05 |  2.73 |  1.88 | 4.13 | 1.81 | 2.28 | 3.62 | 1.56 |  1.15 |  1.63 |  1.41 |  2.14 |  4.22 |  1.63 |  3.25 |  2.00 | 2.07 |  0.90 |  2.05 |  2.07 | 2.26 |  1.93 |  2.95 | 2.38 |  2.77 |  2.22 |  1.17 |  3.35 |  1.48 |  1.77 |  2.50 |  1.88 |  1.80 |  1.77 |  4.44 |  2.08 |
|        27 | 2.83 |  1.60 |  2.64 |  2.78 |  0.98 |  3.16 |  1.63 | 4.18 | 1.52 | 2.10 | 3.72 | 1.51 |  0.91 |  1.91 |  1.32 |  2.03 |  4.41 |  1.47 |  3.14 |  1.98 | 2.04 |  0.76 |  2.28 |  2.19 | 2.13 |  2.01 |  3.18 | 2.61 |  2.94 |  2.07 |  1.14 |  3.24 |  1.64 |  1.75 |  2.65 |  2.22 |  1.73 |  1.77 |  4.67 |  2.06 |
|        28 | 2.45 |  1.50 |  2.87 |  2.76 |  0.85 |  3.59 |  1.38 | 4.29 | 1.10 | 2.03 | 3.85 | 1.62 |  0.87 |  2.09 |  1.30 |  2.25 |  4.61 |  1.38 |  3.17 |  2.05 | 2.08 |  0.75 |  2.63 |  2.37 | 2.26 |  2.13 |  3.29 | 2.91 |  3.10 |  1.90 |  1.01 |  3.00 |  1.72 |  1.74 |  2.68 |  2.37 |  1.52 |  2.01 |  4.84 |  2.07 |
|        29 | 2.18 |  1.59 |  3.10 |  2.68 |  0.81 |  4.00 |  1.35 | 4.74 | 0.78 | 1.98 | 4.08 | 1.98 |  1.06 |  2.15 |  1.50 |  2.23 |  4.70 |  1.54 |  3.31 |  2.00 | 2.01 |  0.74 |  2.92 |  2.40 | 2.40 |  2.20 |  3.48 | 3.08 |  3.60 |  2.01 |  0.82 |  2.81 |  1.80 |  1.75 |  2.53 |  2.30 |  1.21 |  2.23 |  4.87 |  2.01 |
|        30 | 2.02 |  1.83 |  3.38 |  2.73 |  0.90 |  4.24 |  1.39 | 5.23 | 0.66 | 1.96 | 4.39 | 2.40 |  1.45 |  2.29 |  1.74 |  2.12 |  4.64 |  2.00 |  3.51 |  1.84 | 2.10 |  0.64 |  3.13 |  2.13 | 2.99 |  2.34 |  3.82 | 3.16 |  4.55 |  2.16 |  0.65 |  3.05 |  1.89 |  1.69 |  2.37 |  2.34 |  1.31 |  2.35 |  4.97 |  2.08 |
|        31 | 1.90 |  2.03 |  3.83 |  2.82 |  0.94 |  4.37 |  1.45 | 5.57 | 0.58 | 1.96 | 4.70 | 2.85 |  2.00 |  2.67 |  2.02 |  2.68 |  4.56 |  2.53 |  3.57 |  1.79 | 2.35 |  0.61 |  3.35 |  1.82 | 3.68 |  2.51 |  3.66 | 3.28 |  5.14 |  2.21 |  0.57 |  3.19 |  1.82 |  1.61 |  2.21 |  2.53 |  1.76 |  2.51 |  5.13 |  2.37 |
|        32 | 1.93 |  2.08 |  4.04 |  2.93 |  1.01 |  4.46 |  1.93 | 5.74 | 0.70 | 2.03 | 5.08 | 3.37 |  2.59 |  3.22 |  2.37 |  3.26 |  4.61 |  2.94 |  3.61 |  1.86 | 2.35 |  0.54 |  3.59 |  1.89 | 3.83 |  2.68 |  3.53 | 3.42 |  5.21 |  2.37 |  0.75 |  3.02 |  1.99 |  1.44 |  2.07 |  2.69 |  2.33 |  2.58 |  5.12 |  2.77 |
|        33 | 1.87 |  2.06 |  4.24 |  2.97 |  1.00 |  4.16 |  2.22 | 5.69 | 1.05 | 2.18 | 5.48 | 3.85 |  3.01 |  3.75 |  2.56 |  3.42 |  4.55 |  3.24 |  3.66 |  1.91 | 2.45 |  0.45 |  3.79 |  2.09 | 3.64 |  2.78 |  3.49 | 3.62 |  6.03 |  2.56 |  1.06 |  2.79 |  2.14 |  1.18 |  1.96 |  2.58 |  2.93 |  2.53 |  5.20 |  3.01 |
|        34 | 1.95 |  2.35 |  4.62 |  3.02 |  1.11 |  3.74 |  2.36 | 5.63 | 1.62 | 2.46 | 5.66 | 4.29 |  3.42 |  3.90 |  2.67 |  3.78 |  4.33 |  3.69 |  3.84 |  1.87 | 2.55 |  0.62 |  4.05 |  2.38 | 3.78 |  2.76 |  3.61 | 3.84 |  6.37 |  2.55 |  1.23 |  2.83 |  2.55 |  1.06 |  1.92 |  2.65 |  3.38 |  2.66 |  5.26 |  3.11 |
|        35 | 2.07 |  2.84 |  4.75 |  3.22 |  1.26 |  3.49 |  2.43 | 5.57 | 1.92 | 2.64 | 5.49 | 4.44 |  3.75 |  4.23 |  2.97 |  3.96 |  4.38 |  3.80 |  4.16 |  2.01 | 2.53 |  1.39 |  3.96 |  2.60 | 3.84 |  3.04 |  3.86 | 4.16 |  5.81 |  2.54 |  1.30 |  2.87 |  3.00 |  0.84 |  2.01 |  2.76 |  3.82 |  3.15 |  5.20 |  3.14 |
|        36 | 2.11 |  3.24 |  4.74 |  3.48 |  1.69 |  3.33 |  2.76 | 5.71 | 2.26 | 2.99 | 5.61 | 4.54 |  4.12 |  4.58 |  3.30 |  4.14 |  4.24 |  3.85 |  4.59 |  2.64 | 2.47 |  2.28 |  3.91 |  2.94 | 3.60 |  3.48 |  3.94 | 4.41 |  5.49 |  2.51 |  1.63 |  2.87 |  3.64 |  0.56 |  2.25 |  2.84 |  4.32 |  3.69 |  4.87 |  3.22 |
|        37 | 2.33 |  3.69 |  5.14 |  3.91 |  2.16 |  3.30 |  3.25 | 5.87 | 3.26 | 3.28 | 6.22 | 4.64 |  4.41 |  4.88 |  3.50 |  4.30 |  4.03 |  4.16 |  4.96 |  3.50 | 2.41 |  3.25 |  4.16 |  3.30 | 3.54 |  3.86 |  3.73 | 4.53 |  5.37 |  2.53 |  2.16 |  3.01 |  4.26 |  0.48 |  2.57 |  3.01 |  4.66 |  4.11 |  4.40 |  3.53 |
|        38 | 2.70 |  4.29 |  5.94 |  4.55 |  2.43 |  3.29 |  3.67 | 5.98 | 3.69 | 3.53 | 6.81 | 4.58 |  4.49 |  5.28 |  3.96 |  4.51 |  4.10 |  4.43 |  5.27 |  4.43 | 2.38 |  3.99 |  4.55 |  3.76 | 3.74 |  4.17 |  3.71 | 4.80 |  5.34 |  2.63 |  2.56 |  3.14 |  4.25 |  0.72 |  3.06 |  3.33 |  4.40 |  4.47 |  3.98 |  4.02 |
|        39 | 3.27 |  4.69 |  6.49 |  5.21 |  2.56 |  3.54 |  4.15 | 6.00 | 4.09 | 3.88 | 7.02 | 4.61 |  4.34 |  5.58 |  4.46 |  4.64 |  4.27 |  4.96 |  5.57 |  5.20 | 2.51 |  4.36 |  5.16 |  4.38 | 4.04 |  4.44 |  3.70 | 5.09 |  4.98 |  2.87 |  2.94 |  3.24 |  4.36 |  1.08 |  3.75 |  3.78 |  4.25 |  4.80 |  3.40 |  4.51 |
|        40 | 3.83 |  4.83 |  6.48 |  5.37 |  3.30 |  4.02 |  4.20 | 6.00 | 4.58 | 4.43 | 6.96 | 4.82 |  4.54 |  6.20 |  4.68 |  4.48 |  3.89 |  5.23 |  5.63 |  5.49 | 2.68 |  5.07 |  5.25 |  5.35 | 4.26 |  4.77 |  3.59 | 5.23 |  5.03 |  3.20 |  3.45 |  3.39 |  4.50 |  1.38 |  4.56 |  4.13 |  4.88 |  5.25 |  3.32 |  4.75 |
|        41 | 4.30 |  5.10 |  6.21 |  4.95 |  4.37 |  4.27 |  4.31 | 6.26 | 5.32 | 4.77 | 6.87 | 5.15 |  5.03 |  6.51 |  4.92 |  4.55 |  2.77 |  5.47 |  5.51 |  5.37 | 2.79 |  5.89 |  5.09 |  6.08 | 4.68 |  5.05 |  3.61 | 5.07 |  5.88 |  3.63 |  3.79 |  3.70 |  4.88 |  2.02 |  5.39 |  4.33 |  5.92 |  5.76 |  3.61 |  5.30 |
|        42 | 4.76 |  5.36 |  6.16 |  5.31 |  4.62 |  4.17 |  4.93 | 6.36 | 5.85 | 4.96 | 7.05 | 5.56 |  5.75 |  6.18 |  5.06 |  4.87 |  2.66 |  5.81 |  5.42 |  5.43 | 3.07 |  6.30 |  5.16 |  5.91 | 5.30 |  5.01 |  3.48 | 4.93 |  6.64 |  3.90 |  4.10 |  3.87 |  5.23 |  2.64 |  5.81 |  4.43 |  6.18 |  5.92 |  4.28 |  5.82 |
|        43 | 5.14 |  5.65 |  6.13 |  5.82 |  4.30 |  4.29 |  5.10 | 6.21 | 5.85 | 5.31 | 7.04 | 5.74 |  6.25 |  5.79 |  5.20 |  5.00 |  3.01 |  5.93 |  5.41 |  5.93 | 3.38 |  6.21 |  5.22 |  5.57 | 5.44 |  4.71 |  3.36 | 4.80 |  6.41 |  3.93 |  4.30 |  4.15 |  5.64 |  3.05 |  5.95 |  4.53 |  6.10 |  5.90 |  4.88 |  5.80 |
|        44 | 5.24 |  5.84 |  6.11 |  5.84 |  4.11 |  4.49 |  4.91 | 5.91 | 5.83 | 5.68 | 6.75 | 5.90 |  6.82 |  5.32 |  5.35 |  5.39 |  3.10 |  6.45 |  5.45 |  5.85 | 3.45 |  5.83 |  5.23 |  5.41 | 5.56 |  4.44 |  3.31 | 4.43 |  5.69 |  4.10 |  4.79 |  4.53 |  6.18 |  3.24 |  5.93 |  4.99 |  6.51 |  5.63 |  5.03 |  5.49 |
|        45 | 5.04 |  6.14 |  5.51 |  5.39 |  4.11 |  4.32 |  4.98 | 5.57 | 5.83 | 5.70 | 6.59 | 6.08 |  7.23 |  5.06 |  5.43 |  5.80 |  3.37 |  7.07 |  5.62 |  5.21 | 3.47 |  5.84 |  5.19 |  5.25 | 5.65 |  4.44 |  3.29 | 4.17 |  5.25 |  4.20 |  5.19 |  5.17 |  6.35 |  3.53 |  5.98 |  5.17 |  6.28 |  5.42 |  5.10 |  5.75 |
|        46 | 5.21 |  6.50 |  4.93 |  5.17 |  4.25 |  4.35 |  5.21 | 5.15 | 5.95 | 5.80 | 6.65 | 6.17 |  7.06 |  4.96 |  5.77 |  5.97 |  3.88 |  7.36 |  5.56 |  5.02 | 3.57 |  5.99 |  5.27 |  5.14 | 6.08 |  4.37 |  3.77 | 4.18 |  4.92 |  4.45 |  5.16 |  5.88 |  6.29 |  3.78 |  6.07 |  5.20 |  5.97 |  5.41 |  4.81 |  6.16 |
|        47 | 5.77 |  6.91 |  4.72 |  4.98 |  4.13 |  4.31 |  5.55 | 4.92 | 6.00 | 6.03 | 6.51 | 6.41 |  6.80 |  4.75 |  6.41 |  6.33 |  4.72 |  7.35 |  5.23 |  4.77 | 3.56 |  6.07 |  5.61 |  5.04 | 6.38 |  4.10 |  4.35 | 4.23 |  4.58 |  4.99 |  4.88 |  6.55 |  5.91 |  3.80 |  6.00 |  5.37 |  5.52 |  5.46 |  4.44 |  6.70 |
|        48 | 6.09 |  7.50 |  5.02 |  4.91 |  3.94 |  4.01 |  5.49 | 4.73 | 5.78 | 6.31 | 5.92 | 6.54 |  6.80 |  4.54 |  6.64 |  6.65 |  5.19 |  7.12 |  4.90 |  4.48 | 3.88 |  6.06 |  5.63 |  5.16 | 6.31 |  3.97 |  4.59 | 4.21 |  4.61 |  5.45 |  4.95 |  6.37 |  5.50 |  4.04 |  6.16 |  5.28 |  5.21 |  5.54 |  3.74 |  7.24 |
|        51 | 5.56 |  7.48 |  5.62 |  5.18 |  3.55 |  5.30 |  5.39 | 4.49 | 5.24 | 6.24 | 6.14 | 6.58 |  5.41 |  4.44 |  5.97 |  7.49 |  5.03 |  6.63 |  4.73 |  4.44 | 5.08 |  5.23 |  5.46 |  4.94 | 6.03 |  4.02 |  4.34 | 4.32 |  5.41 |  5.73 |  4.60 |  6.37 |  5.43 |  5.79 |  5.77 |  4.81 |  5.06 |  5.67 |  3.15 |  6.29 |
|        54 | 4.02 |  6.60 |  5.85 |  5.97 |  3.33 |  2.56 |  4.80 | 5.03 | 4.72 | 5.59 | 7.23 | 5.91 |  5.11 |  4.03 |  5.81 |  7.24 |  5.59 |  5.52 |  4.47 |  4.46 | 5.51 |  5.28 |  4.47 |  5.28 | 7.33 |  4.64 |  4.79 | 4.20 |  6.09 |  5.64 |  5.96 |  6.29 |  6.17 |  5.91 |  5.38 |  4.15 |  4.97 |  5.53 |  4.98 |  5.64 |
|        57 | 4.70 |  6.87 |  5.57 |  7.52 |  2.75 |  2.68 |  4.96 | 6.23 | 5.04 | 5.22 | 8.04 | 6.17 |  6.37 |  5.10 |  6.15 |  5.88 |  6.20 |  5.53 |  5.11 |  5.57 | 4.66 |  5.34 |  5.09 |  5.86 | 6.18 |  5.02 |  5.84 | 5.29 |  6.29 |  5.59 |  4.75 |  6.90 |  6.01 |  5.97 |  4.95 |  4.58 |  6.38 |  5.10 |  6.75 |  5.17 |
|        60 | 4.94 |  7.54 |  1.97 |  8.01 |  3.08 |  4.13 |  5.51 | 6.61 | 5.41 | 4.66 | 8.33 | 6.25 |  6.82 |  6.58 |  5.86 |  4.82 |  6.84 |  5.84 |  5.86 |  6.38 | 4.95 |  5.77 |  6.49 |  6.37 | 6.52 |  5.56 |  5.00 | 6.84 |  6.27 |  6.57 |  4.49 |  7.86 |  6.34 |  5.90 |  5.17 |  5.32 |  6.56 |  4.96 |  6.38 |  5.47 |
|        63 | 5.05 |  7.19 |  1.10 |  8.86 |  3.35 |  5.35 |  6.43 | 6.84 | 5.69 | 5.10 | 8.13 | 5.49 |  7.20 |  6.70 |  5.92 |  6.00 |  6.96 |  5.94 |  5.85 |  8.13 | 5.08 |  5.97 |  7.50 |  7.15 | 7.04 |  4.43 |  6.08 | 6.59 |  6.56 |  6.25 |  4.09 |  8.62 |  7.33 |  5.66 |  5.37 |  5.62 |  6.75 |  4.81 |  6.60 |  6.80 |
|        66 | 6.19 |  7.02 |  4.42 |  7.59 |  4.33 |  5.60 |  8.10 | 6.77 | 5.86 | 6.01 | 8.07 | 4.18 |  7.67 |  6.17 |  6.48 |  7.57 |  7.10 |  7.92 |  5.43 |  8.66 | 4.77 |  5.76 |  6.96 |  6.64 | 7.96 |  4.75 |  5.64 | 6.21 |  6.84 |  6.70 |  5.47 |  7.86 |  8.78 |  6.50 |  5.71 |  5.90 |  6.56 |  4.61 |  7.47 |  7.34 |
|        69 | 5.47 |  6.71 |  4.30 |  6.60 |  4.93 |  5.91 |  6.83 | 6.54 | 5.77 | 5.80 | 8.46 | 2.72 |  6.65 |  6.43 |  6.48 |  5.47 |  7.31 |  7.93 |  5.58 |  7.93 | 5.30 |  6.04 |  6.26 |  6.32 | 7.65 |  5.70 |  6.78 | 6.20 |  6.06 |  7.92 |  5.59 |  7.81 |  8.19 |  6.17 |  5.90 |  6.89 |  4.53 |  4.93 |  7.74 |  6.62 |
|        72 | 5.74 |  6.91 |  5.71 |  6.33 |  5.17 |  5.68 |  6.48 | 6.23 | 6.42 | 6.31 | 8.43 | 3.20 |  6.38 |  6.14 |  6.27 |  5.86 |  6.82 |  7.18 |  6.39 |  7.79 | 5.75 |  6.15 |  6.59 |  6.03 | 6.94 |  6.01 |  6.59 | 5.43 |  5.69 |  8.57 |  6.14 |  7.23 |  6.71 |  4.63 |  6.15 |  7.49 |  4.71 |  4.45 |  7.50 |  6.38 |
|        78 | 6.16 |  6.60 |  5.25 |  8.62 |  5.58 |  4.84 |  5.79 | 5.66 | 6.38 | 6.33 | 7.88 | 3.65 |  6.30 |  5.79 |  6.08 |  6.18 |  6.84 |  6.13 |  6.10 |  6.51 | 6.98 |  6.25 |  5.87 |  5.65 | 6.18 |  5.17 |  4.71 | 5.10 |  5.35 |  6.97 |  5.70 |  6.69 |  5.86 |  5.67 |  6.53 |  6.55 |  4.66 |  5.91 |  5.85 |  6.02 |
|        84 | 5.23 |  7.15 |  4.99 | 10.71 |  5.50 |  5.66 |  7.64 | 6.53 | 6.00 | 5.74 | 9.00 | 3.83 |  6.85 |  8.04 |  6.73 |  5.76 |  8.12 |  5.28 |  5.46 |  5.21 | 7.63 |  5.86 |  4.85 |  5.53 | 6.48 |  4.27 |  5.60 | 4.84 |  5.56 |  6.22 |  5.24 |  7.85 |  6.33 |  6.36 |  6.97 |  5.84 |  4.59 |  5.87 |  6.03 |  5.21 |
|        90 | 5.73 |  6.97 |  5.28 |  7.07 |  5.28 |  4.91 |  6.24 | 6.12 | 3.75 | 4.73 | 9.11 | 3.23 |  8.18 |  7.73 |  7.53 |  3.87 |  7.44 |  3.93 |  4.12 |  5.51 | 8.06 |  4.53 |  4.45 |  5.35 | 7.53 |  4.48 |  5.47 | 4.78 |  4.62 |  6.06 |  4.69 |  7.60 |  6.50 |  6.42 |  6.58 |  5.00 |  2.39 |  4.71 |  4.73 |  5.89 |
|        96 | 3.59 |  7.10 |  5.27 |  6.70 |  3.65 |  2.26 |  5.94 | 4.82 | 4.42 | 3.68 | 8.13 | 1.17 |  7.10 |  6.36 |  6.78 |  1.65 |  6.73 |  3.43 |  3.47 |  5.06 | 7.71 |  1.50 |  3.40 |  6.27 | 5.90 |  3.97 |  3.18 | 4.51 |  2.02 |  5.71 |  4.38 |  6.08 |  4.98 |  5.66 |  6.31 |  3.54 | -2.74 |  2.34 | -1.61 |  5.69 |
|       102 | 1.59 |  5.46 |  3.33 |  1.98 | -2.54 | -2.64 |  4.17 | 4.60 | 3.19 | 2.84 | 5.42 | 2.55 |  6.18 |  5.44 |  5.78 | -0.95 |  5.44 |  2.98 |  2.52 |  5.33 | 5.07 | -0.19 |  1.81 |  5.09 | 5.43 | -2.85 | -2.83 | 2.46 |  1.51 |  4.12 |  3.26 |  4.73 |  4.33 |  3.21 |  4.24 | -0.86 | -4.02 | -1.49 | -3.04 |  3.66 |
|       108 | 3.28 |  2.00 |  4.22 |  2.38 | -2.16 |  0.28 |  2.79 | 2.90 | 2.46 | 3.44 | 5.62 | 2.39 |  3.69 |  4.76 |  4.11 |  0.16 |  3.87 |  2.63 |  3.04 |  1.31 | 2.43 |  0.47 |  0.24 |  3.93 | 4.58 | -3.19 | -0.17 | 2.90 |  1.61 |  2.68 | -1.14 | -1.10 | -0.99 | -1.76 |  0.21 | -1.47 | -0.40 | -0.30 | -0.95 | -1.41 |
|       114 | 2.68 |  0.40 |  3.00 | -0.17 | -1.59 |  1.02 |  1.49 | 2.75 | 1.70 | 1.53 | 4.91 | 1.47 | -1.71 |  0.36 |  1.22 |  0.70 | -1.24 | -0.31 |  0.41 | -0.57 | 2.64 |  2.19 | -0.10 |  1.63 | 3.09 | -3.37 | -0.48 | 1.20 | -0.60 |  1.81 | -3.49 |  0.11 |  0.76 |  0.63 | -0.94 | -2.17 |  0.05 | -0.96 |  0.10 |  0.19 |
|       120 | 0.41 | -1.29 | -0.11 |  1.90 | -2.75 | -2.33 | -0.22 | 0.77 | 1.26 | 0.12 | 3.13 | 0.09 |  0.25 | -0.67 | -0.74 | -1.70 |  0.08 | -1.57 | -1.49 | -3.14 | 2.38 | -0.38 | -2.55 | -0.19 | 1.11 | -0.97 | -2.77 | 1.42 | -1.32 | -2.13 | -3.46 | -0.34 | -0.20 | -1.27 |  1.20 | -2.30 | -1.35 | -1.43 | -0.49 | -1.68 |
