# variable: Mean Sea Level Pressure
# units: hPa
# 
| fcst_hour |       1 |       2 |       3 |       4 |       5 |       6 |       7 |       8 |       9 |      10 |      11 |      12 |      13 |      14 |      15 |      16 |      17 |      18 |      19 |      20 |      21 |      22 |      23 |      24 |      25 |      26 |      27 |      28 |      29 |      30 |      31 |      32 |      33 |      34 |      35 |      36 |      37 |      38 |      39 |      40 |
|         0 | 1008.11 | 1007.77 | 1009.06 | 1008.52 | 1007.86 | 1009.29 | 1008.75 | 1007.46 | 1008.61 | 1008.70 | 1009.05 | 1009.95 | 1007.88 | 1007.70 | 1008.12 | 1008.83 | 1009.48 | 1007.78 | 1008.60 | 1008.41 | 1007.28 | 1007.98 | 1007.67 | 1009.71 | 1008.93 | 1008.38 | 1006.90 | 1007.36 | 1007.90 | 1006.30 | 1008.33 | 1009.14 | 1008.06 | 1007.57 | 1007.07 | 1008.81 | 1007.12 | 1008.00 | 1007.88 | 1009.33 |
|         1 | 1008.01 | 1007.56 | 1008.84 | 1008.44 | 1007.56 | 1009.31 | 1009.08 | 1007.20 | 1008.72 | 1008.62 | 1008.87 | 1009.82 | 1008.08 | 1008.25 | 1007.18 | 1008.82 | 1009.29 | 1007.76 | 1008.45 | 1008.40 | 1007.39 | 1008.27 | 1007.31 | 1009.76 | 1009.32 | 1008.39 | 1006.95 | 1007.59 | 1008.24 | 1006.31 | 1008.70 | 1008.70 | 1008.27 | 1007.88 | 1007.11 | 1008.65 | 1007.29 | 1007.63 | 1007.84 | 1008.98 |
|         2 | 1007.81 | 1007.87 | 1008.56 | 1008.11 | 1006.96 | 1009.13 | 1008.97 | 1007.12 | 1008.35 | 1008.25 | 1008.77 | 1009.69 | 1007.68 | 1008.32 | 1006.35 | 1008.53 | 1009.05 | 1007.50 | 1007.96 | 1008.00 | 1006.82 | 1008.62 | 1006.72 | 1009.06 | 1009.11 | 1007.95 | 1006.79 | 1007.64 | 1007.96 | 1006.14 | 1008.66 | 1007.79 | 1008.20 | 1008.25 | 1007.06 | 1008.69 | 1007.11 | 1007.30 | 1007.92 | 1008.74 |
|         3 | 1006.91 | 1007.47 | 1008.10 | 1007.69 | 1006.85 | 1007.92 | 1008.88 | 1006.87 | 1007.41 | 1007.69 | 1008.38 | 1009.12 | 1007.18 | 1007.99 | 1005.97 | 1007.86 | 1008.73 | 1006.96 | 1006.88 | 1007.89 | 1005.89 | 1008.42 | 1005.88 | 1008.27 | 1008.48 | 1007.49 | 1006.35 | 1007.18 | 1006.96 | 1006.04 | 1008.02 | 1007.52 | 1007.59 | 1008.24 | 1006.78 | 1008.33 | 1006.34 | 1006.44 | 1007.56 | 1008.55 |
|         4 | 1006.40 | 1006.79 | 1007.90 | 1007.31 | 1006.78 | 1007.22 | 1007.98 | 1006.64 | 1006.64 | 1007.31 | 1007.70 | 1009.07 | 1006.92 | 1008.10 | 1005.51 | 1007.96 | 1008.16 | 1007.03 | 1006.61 | 1007.69 | 1005.42 | 1008.18 | 1005.62 | 1007.76 | 1008.37 | 1007.17 | 1006.24 | 1006.95 | 1006.68 | 1005.72 | 1007.71 | 1007.44 | 1007.36 | 1008.22 | 1006.66 | 1008.21 | 1006.04 | 1005.85 | 1007.18 | 1008.02 |
|         5 | 1006.12 | 1007.61 | 1007.93 | 1007.63 | 1006.58 | 1006.83 | 1008.04 | 1006.69 | 1007.01 | 1007.04 | 1007.33 | 1008.94 | 1007.84 | 1008.27 | 1005.80 | 1008.10 | 1008.33 | 1007.30 | 1006.97 | 1008.31 | 1005.19 | 1008.62 | 1005.31 | 1007.85 | 1008.11 | 1007.04 | 1005.96 | 1006.73 | 1006.40 | 1006.11 | 1007.98 | 1007.04 | 1007.48 | 1008.27 | 1006.66 | 1008.00 | 1006.01 | 1005.93 | 1007.43 | 1008.03 |
|         6 | 1007.07 | 1008.32 | 1009.35 | 1008.39 | 1006.97 | 1007.44 | 1008.69 | 1007.64 | 1008.02 | 1007.64 | 1008.35 | 1009.33 | 1008.60 | 1008.53 | 1006.19 | 1008.27 | 1009.71 | 1007.65 | 1007.42 | 1008.32 | 1005.28 | 1009.35 | 1005.80 | 1007.76 | 1008.80 | 1007.65 | 1006.67 | 1007.01 | 1007.15 | 1006.89 | 1009.23 | 1007.70 | 1008.63 | 1008.61 | 1006.92 | 1008.55 | 1006.86 | 1006.54 | 1008.26 | 1008.90 |
|         7 | 1007.93 | 1008.90 | 1009.94 | 1009.31 | 1007.99 | 1007.77 | 1009.51 | 1008.61 | 1008.31 | 1008.27 | 1009.16 | 1010.36 | 1009.56 | 1009.04 | 1006.92 | 1009.27 | 1009.92 | 1008.77 | 1008.09 | 1008.81 | 1005.80 | 1010.24 | 1006.10 | 1008.72 | 1009.04 | 1008.17 | 1007.39 | 1007.60 | 1008.19 | 1007.80 | 1009.97 | 1008.81 | 1009.34 | 1009.34 | 1007.83 | 1009.38 | 1007.23 | 1007.52 | 1009.16 | 1009.48 |
|         8 | 1008.81 | 1009.28 | 1010.63 | 1009.82 | 1009.26 | 1007.81 | 1009.89 | 1009.41 | 1008.58 | 1008.89 | 1010.00 | 1010.67 | 1010.38 | 1009.66 | 1007.68 | 1010.23 | 1010.56 | 1010.23 | 1008.64 | 1008.97 | 1006.86 | 1010.63 | 1007.02 | 1009.38 | 1009.82 | 1008.78 | 1008.41 | 1008.02 | 1008.84 | 1009.05 | 1010.51 | 1009.37 | 1009.43 | 1009.97 | 1008.98 | 1010.06 | 1007.93 | 1008.41 | 1009.80 | 1009.91 |
|         9 | 1010.25 | 1010.26 | 1011.54 | 1010.60 | 1010.59 | 1009.18 | 1011.22 | 1010.49 | 1009.87 | 1010.09 | 1011.55 | 1011.72 | 1011.48 | 1010.97 | 1009.11 | 1011.69 | 1011.99 | 1011.40 | 1009.44 | 1010.27 | 1007.97 | 1011.51 | 1008.34 | 1011.12 | 1010.81 | 1009.68 | 1009.46 | 1009.27 | 1010.00 | 1010.44 | 1011.57 | 1010.41 | 1010.85 | 1011.08 | 1010.38 | 1010.73 | 1009.10 | 1009.60 | 1010.80 | 1010.95 |
|        10 | 1011.68 | 1012.01 | 1013.07 | 1011.88 | 1011.77 | 1010.74 | 1013.12 | 1012.03 | 1011.34 | 1011.49 | 1013.01 | 1013.21 | 1012.97 | 1012.46 | 1010.65 | 1013.15 | 1013.90 | 1012.91 | 1010.81 | 1011.79 | 1009.24 | 1013.09 | 1009.85 | 1012.72 | 1012.47 | 1011.11 | 1010.94 | 1010.94 | 1011.30 | 1012.21 | 1013.02 | 1011.84 | 1012.51 | 1012.51 | 1011.88 | 1012.03 | 1010.75 | 1011.46 | 1012.12 | 1012.90 |
|        11 | 1012.62 | 1013.19 | 1013.88 | 1012.99 | 1012.71 | 1011.53 | 1014.33 | 1013.04 | 1012.17 | 1012.51 | 1013.99 | 1013.92 | 1013.80 | 1013.70 | 1011.65 | 1013.83 | 1014.73 | 1013.83 | 1011.78 | 1012.62 | 1010.57 | 1013.69 | 1011.18 | 1013.72 | 1013.28 | 1012.19 | 1011.90 | 1012.12 | 1011.87 | 1013.38 | 1013.80 | 1012.79 | 1013.56 | 1013.41 | 1012.82 | 1012.70 | 1011.76 | 1012.44 | 1013.21 | 1013.86 |
|        12 | 1013.82 | 1013.93 | 1014.68 | 1013.81 | 1013.35 | 1012.50 | 1015.05 | 1013.55 | 1012.92 | 1013.27 | 1014.87 | 1014.76 | 1014.53 | 1014.53 | 1012.47 | 1014.33 | 1015.34 | 1014.71 | 1012.49 | 1013.35 | 1011.69 | 1014.45 | 1012.13 | 1014.50 | 1014.09 | 1012.87 | 1012.78 | 1013.10 | 1012.74 | 1014.23 | 1014.21 | 1013.59 | 1013.82 | 1014.16 | 1013.82 | 1013.08 | 1012.76 | 1013.20 | 1014.09 | 1014.52 |
|        13 | 1014.65 | 1014.68 | 1015.10 | 1014.56 | 1014.06 | 1013.32 | 1015.68 | 1014.06 | 1013.90 | 1014.02 | 1015.61 | 1015.65 | 1015.08 | 1015.59 | 1013.30 | 1015.05 | 1015.96 | 1015.55 | 1013.45 | 1014.25 | 1012.46 | 1014.99 | 1013.14 | 1015.12 | 1014.71 | 1013.50 | 1013.61 | 1013.96 | 1013.59 | 1015.25 | 1014.90 | 1014.24 | 1014.69 | 1014.79 | 1014.66 | 1013.63 | 1013.92 | 1014.23 | 1015.05 | 1014.93 |
|        14 | 1015.84 | 1015.97 | 1015.80 | 1015.69 | 1015.22 | 1014.34 | 1016.69 | 1015.50 | 1015.14 | 1014.96 | 1016.55 | 1016.60 | 1016.06 | 1016.66 | 1014.27 | 1016.30 | 1016.76 | 1016.68 | 1014.17 | 1014.98 | 1013.40 | 1016.19 | 1014.55 | 1016.16 | 1015.67 | 1014.44 | 1014.46 | 1014.55 | 1014.54 | 1016.21 | 1016.06 | 1015.03 | 1015.92 | 1015.73 | 1015.80 | 1014.33 | 1015.41 | 1015.29 | 1016.06 | 1015.84 |
|        15 | 1016.75 | 1017.11 | 1016.49 | 1016.57 | 1016.25 | 1015.07 | 1017.36 | 1016.42 | 1016.21 | 1015.57 | 1017.55 | 1017.53 | 1017.09 | 1017.42 | 1015.09 | 1017.08 | 1017.40 | 1017.40 | 1015.05 | 1015.76 | 1014.50 | 1017.15 | 1015.42 | 1017.05 | 1016.59 | 1015.14 | 1015.01 | 1015.31 | 1015.13 | 1017.09 | 1017.01 | 1015.68 | 1016.79 | 1016.65 | 1016.49 | 1015.16 | 1016.45 | 1015.96 | 1016.94 | 1016.38 |
|        16 | 1017.44 | 1017.74 | 1017.08 | 1017.37 | 1017.11 | 1015.67 | 1017.77 | 1016.91 | 1016.87 | 1016.18 | 1018.20 | 1017.98 | 1017.82 | 1017.96 | 1015.68 | 1017.50 | 1017.94 | 1017.61 | 1015.79 | 1016.39 | 1015.33 | 1017.73 | 1015.90 | 1017.63 | 1017.18 | 1015.84 | 1015.67 | 1016.05 | 1015.67 | 1017.91 | 1017.41 | 1015.95 | 1017.72 | 1017.09 | 1017.12 | 1015.95 | 1017.37 | 1016.59 | 1017.66 | 1016.99 |
|        17 | 1017.96 | 1018.20 | 1017.76 | 1018.20 | 1017.88 | 1016.13 | 1018.16 | 1017.63 | 1017.55 | 1017.07 | 1018.71 | 1018.90 | 1018.22 | 1018.50 | 1016.26 | 1018.02 | 1018.36 | 1017.89 | 1016.59 | 1017.04 | 1015.97 | 1018.38 | 1016.54 | 1017.99 | 1017.73 | 1016.76 | 1016.45 | 1016.62 | 1016.36 | 1018.74 | 1017.78 | 1016.38 | 1018.18 | 1017.65 | 1017.85 | 1016.53 | 1018.22 | 1017.13 | 1018.53 | 1017.50 |
|        18 | 1018.38 | 1018.65 | 1018.16 | 1018.93 | 1018.69 | 1016.61 | 1018.61 | 1018.08 | 1018.20 | 1017.90 | 1019.09 | 1019.49 | 1018.77 | 1018.83 | 1016.77 | 1018.59 | 1018.75 | 1018.23 | 1017.11 | 1017.67 | 1016.78 | 1018.90 | 1017.11 | 1018.20 | 1018.04 | 1017.76 | 1017.04 | 1017.13 | 1017.00 | 1019.23 | 1018.21 | 1016.77 | 1018.67 | 1018.44 | 1018.42 | 1016.89 | 1019.22 | 1017.81 | 1019.26 | 1018.04 |
|        19 | 1018.75 | 1019.06 | 1018.34 | 1019.09 | 1019.17 | 1017.12 | 1018.90 | 1018.48 | 1018.71 | 1018.35 | 1019.28 | 1019.91 | 1018.98 | 1019.08 | 1016.98 | 1018.93 | 1018.99 | 1018.49 | 1017.25 | 1018.00 | 1017.37 | 1019.44 | 1017.68 | 1018.14 | 1018.41 | 1018.14 | 1017.30 | 1017.48 | 1017.42 | 1019.56 | 1018.34 | 1017.37 | 1018.83 | 1019.27 | 1018.62 | 1017.06 | 1019.78 | 1018.36 | 1019.81 | 1018.50 |
|        20 | 1019.02 | 1019.17 | 1018.35 | 1018.93 | 1019.23 | 1017.57 | 1018.81 | 1018.37 | 1018.67 | 1018.35 | 1019.08 | 1020.00 | 1018.94 | 1019.18 | 1016.90 | 1019.02 | 1019.25 | 1018.44 | 1017.21 | 1018.01 | 1017.57 | 1019.59 | 1018.03 | 1017.76 | 1018.37 | 1017.90 | 1017.38 | 1017.72 | 1017.27 | 1019.63 | 1017.98 | 1017.59 | 1018.79 | 1019.54 | 1018.42 | 1016.95 | 1019.70 | 1018.55 | 1019.98 | 1018.41 |
|        21 | 1018.95 | 1018.98 | 1018.27 | 1018.59 | 1019.02 | 1017.58 | 1018.48 | 1018.09 | 1018.20 | 1017.98 | 1018.64 | 1019.74 | 1018.72 | 1018.76 | 1016.40 | 1018.73 | 1018.82 | 1018.06 | 1016.61 | 1017.76 | 1017.37 | 1019.31 | 1018.21 | 1016.93 | 1018.06 | 1017.62 | 1017.07 | 1017.82 | 1017.06 | 1019.38 | 1017.52 | 1017.10 | 1018.58 | 1019.42 | 1018.03 | 1016.42 | 1019.14 | 1018.29 | 1019.97 | 1017.81 |
|        22 | 1018.85 | 1019.06 | 1018.12 | 1018.50 | 1018.95 | 1017.18 | 1018.12 | 1017.81 | 1017.91 | 1017.81 | 1018.02 | 1019.50 | 1018.64 | 1018.42 | 1015.64 | 1018.37 | 1017.99 | 1017.67 | 1016.27 | 1017.55 | 1017.31 | 1019.05 | 1018.36 | 1016.50 | 1017.41 | 1017.35 | 1016.71 | 1017.68 | 1017.00 | 1019.23 | 1017.17 | 1016.34 | 1018.16 | 1018.99 | 1017.63 | 1015.98 | 1018.92 | 1017.92 | 1019.87 | 1017.18 |
|        23 | 1018.52 | 1018.95 | 1017.61 | 1018.00 | 1018.64 | 1016.60 | 1017.40 | 1017.30 | 1017.63 | 1017.45 | 1017.34 | 1018.97 | 1018.29 | 1017.95 | 1014.87 | 1017.83 | 1017.17 | 1016.81 | 1015.65 | 1017.10 | 1017.22 | 1018.66 | 1018.07 | 1015.61 | 1016.51 | 1017.25 | 1016.22 | 1017.25 | 1016.62 | 1018.80 | 1016.66 | 1016.08 | 1017.57 | 1018.25 | 1017.14 | 1015.67 | 1018.82 | 1017.57 | 1019.57 | 1016.31 |
|        24 | 1017.98 | 1018.47 | 1016.84 | 1017.24 | 1018.15 | 1015.91 | 1016.13 | 1016.60 | 1016.98 | 1016.86 | 1016.33 | 1018.29 | 1017.53 | 1017.03 | 1013.96 | 1017.10 | 1016.01 | 1015.92 | 1014.69 | 1016.33 | 1016.91 | 1017.76 | 1017.34 | 1014.31 | 1015.33 | 1016.55 | 1015.65 | 1016.36 | 1015.91 | 1017.94 | 1015.86 | 1015.68 | 1016.86 | 1017.38 | 1016.33 | 1014.95 | 1018.64 | 1016.77 | 1019.12 | 1015.00 |
|        25 | 1016.85 | 1017.76 | 1015.66 | 1016.25 | 1017.29 | 1014.86 | 1014.79 | 1015.64 | 1015.86 | 1016.12 | 1014.54 | 1017.58 | 1016.71 | 1015.84 | 1012.57 | 1015.83 | 1015.02 | 1014.65 | 1013.30 | 1015.22 | 1016.41 | 1016.79 | 1016.46 | 1012.92 | 1013.87 | 1015.39 | 1014.71 | 1015.42 | 1014.68 | 1016.86 | 1014.66 | 1014.97 | 1015.53 | 1016.50 | 1015.14 | 1013.62 | 1018.22 | 1015.42 | 1018.24 | 1013.70 |
|        26 | 1015.26 | 1016.35 | 1014.07 | 1014.88 | 1015.97 | 1013.31 | 1013.21 | 1014.33 | 1014.15 | 1015.15 | 1012.65 | 1016.54 | 1015.61 | 1014.47 | 1010.57 | 1014.46 | 1013.24 | 1013.29 | 1011.53 | 1013.52 | 1015.31 | 1015.24 | 1015.30 | 1011.23 | 1012.17 | 1014.09 | 1013.28 | 1014.23 | 1013.40 | 1015.29 | 1013.22 | 1013.79 | 1013.43 | 1015.45 | 1013.76 | 1011.86 | 1017.18 | 1013.87 | 1016.87 | 1011.70 |
|        27 | 1013.83 | 1015.04 | 1013.00 | 1013.39 | 1014.85 | 1012.09 | 1011.93 | 1012.76 | 1012.85 | 1014.18 | 1010.78 | 1015.56 | 1014.38 | 1012.93 | 1009.02 | 1012.99 | 1012.06 | 1011.32 | 1009.98 | 1012.30 | 1014.19 | 1013.84 | 1014.31 | 1009.64 | 1010.70 | 1012.97 | 1012.26 | 1013.02 | 1012.50 | 1013.85 | 1011.95 | 1012.96 | 1011.57 | 1014.23 | 1012.15 | 1010.14 | 1015.88 | 1012.75 | 1015.93 | 1009.78 |
|        28 | 1012.75 | 1013.81 | 1011.75 | 1011.49 | 1014.00 | 1010.78 | 1010.33 | 1010.71 | 1011.31 | 1012.96 | 1008.66 | 1014.22 | 1013.20 | 1010.99 | 1007.35 | 1011.60 | 1010.82 | 1009.30 | 1007.88 | 1010.80 | 1012.88 | 1012.22 | 1013.38 | 1007.35 | 1009.04 | 1011.61 | 1011.06 | 1011.81 | 1011.25 | 1012.19 | 1010.63 | 1011.93 | 1009.73 | 1012.55 | 1010.40 | 1008.42 | 1014.75 | 1011.03 | 1014.78 | 1007.78 |
|        29 | 1011.52 | 1012.72 | 1010.54 | 1009.77 | 1013.04 | 1009.48 | 1008.31 | 1008.93 | 1009.76 | 1012.07 | 1006.41 | 1013.22 | 1011.75 | 1009.22 | 1005.14 | 1010.11 | 1008.98 | 1007.57 | 1005.97 | 1009.33 | 1011.75 | 1010.92 | 1012.16 | 1006.03 | 1007.41 | 1010.32 | 1009.63 | 1010.18 | 1010.35 | 1010.16 | 1009.50 | 1010.79 | 1008.20 | 1011.27 | 1008.75 | 1007.09 | 1013.52 | 1009.77 | 1013.42 | 1005.81 |
|        30 | 1010.08 | 1011.42 | 1009.27 | 1007.96 | 1011.42 | 1008.02 | 1006.78 | 1007.41 | 1008.18 | 1011.30 | 1004.68 | 1011.83 | 1010.22 | 1007.92 | 1003.35 | 1008.44 | 1007.49 | 1006.15 | 1004.57 | 1008.09 | 1010.76 | 1009.44 | 1010.64 | 1004.53 | 1005.93 | 1009.36 | 1008.34 | 1008.22 | 1009.45 | 1008.51 | 1008.12 | 1009.92 | 1006.66 | 1010.02 | 1007.32 | 1005.41 | 1012.39 | 1008.63 | 1011.99 | 1004.09 |
|        31 | 1008.88 | 1010.57 | 1008.15 | 1006.79 | 1009.58 | 1006.87 | 1005.41 | 1005.74 | 1006.86 | 1010.71 | 1002.87 | 1010.56 | 1008.86 | 1006.29 | 1001.26 | 1007.19 | 1005.89 | 1004.94 | 1003.33 | 1006.89 | 1009.82 | 1007.80 | 1009.86 | 1003.35 | 1004.36 | 1008.45 | 1008.12 | 1007.26 | 1008.78 | 1006.73 | 1007.27 | 1009.64 | 1005.16 | 1008.92 | 1006.21 | 1003.76 | 1011.49 | 1007.59 | 1010.68 | 1002.49 |
|        32 | 1007.68 | 1009.59 | 1006.97 | 1005.49 | 1008.63 | 1006.05 | 1003.88 | 1003.96 | 1005.25 | 1010.33 | 1001.23 | 1009.80 | 1007.97 | 1005.17 |  999.51 | 1005.51 | 1005.03 | 1003.90 | 1002.00 | 1005.99 | 1009.15 | 1006.31 | 1008.39 | 1002.57 | 1003.20 | 1007.75 | 1007.87 | 1006.11 | 1008.41 | 1004.94 | 1006.15 | 1009.23 | 1003.98 | 1008.06 | 1004.72 | 1002.75 | 1010.63 | 1006.62 | 1009.77 | 1001.09 |
|        33 | 1006.19 | 1008.41 | 1005.72 | 1004.38 | 1007.32 | 1005.30 | 1002.42 | 1002.18 | 1003.77 | 1009.79 |  999.58 | 1008.72 | 1006.63 | 1004.00 |  997.83 | 1004.19 | 1003.76 | 1002.93 | 1000.75 | 1005.27 | 1008.46 | 1004.84 | 1006.68 | 1002.18 | 1002.36 | 1006.89 | 1007.45 | 1005.00 | 1007.98 | 1003.54 | 1005.02 | 1008.79 | 1002.97 | 1006.94 | 1003.18 | 1001.76 | 1009.76 | 1005.76 | 1008.61 |  999.91 |
|        34 | 1005.14 | 1007.01 | 1004.50 | 1003.23 | 1005.89 | 1004.52 | 1001.20 | 1000.90 | 1002.44 | 1009.36 |  998.40 | 1007.64 | 1005.48 | 1002.80 |  996.63 | 1002.80 | 1002.79 | 1002.27 |  999.79 | 1004.62 | 1007.84 | 1003.19 | 1005.35 | 1002.02 | 1001.82 | 1006.14 | 1006.93 | 1003.77 | 1007.62 | 1002.21 | 1004.15 | 1008.33 | 1002.24 | 1005.99 | 1002.05 | 1001.11 | 1008.52 | 1004.94 | 1007.68 |  998.86 |
|        35 | 1004.04 | 1005.67 | 1003.05 | 1002.28 | 1004.46 | 1003.72 | 1000.08 |  999.63 | 1001.30 | 1008.65 |  997.21 | 1006.32 | 1004.24 | 1001.62 |  995.64 | 1001.60 | 1001.83 | 1001.65 |  998.90 | 1004.15 | 1007.12 | 1001.65 | 1004.23 | 1001.56 | 1001.25 | 1005.32 | 1006.55 | 1002.69 | 1007.31 | 1000.85 | 1003.13 | 1007.85 | 1001.66 | 1004.98 | 1000.88 | 1000.52 | 1007.00 | 1004.17 | 1006.60 |  997.94 |
|        36 | 1003.07 | 1004.45 | 1001.90 | 1001.99 | 1003.30 | 1003.24 |  999.48 |  998.84 | 1000.76 | 1008.31 |  996.61 | 1005.66 | 1003.06 | 1000.91 |  994.51 | 1000.95 | 1001.28 | 1001.72 |  998.49 | 1003.67 | 1006.57 | 1000.47 | 1003.37 | 1001.34 | 1001.27 | 1004.68 | 1006.35 | 1002.12 | 1007.40 | 1000.02 | 1002.68 | 1007.47 | 1001.44 | 1004.33 | 1000.17 | 1000.27 | 1005.70 | 1003.95 | 1006.06 |  997.52 |
|        37 | 1002.65 | 1003.79 | 1001.18 | 1002.16 | 1002.59 | 1003.09 |  999.03 |  998.33 | 1000.45 | 1008.12 |  996.52 | 1005.52 | 1002.46 | 1000.90 |  993.84 | 1000.67 | 1001.12 | 1001.94 |  998.85 | 1003.64 | 1006.55 |  999.94 | 1002.87 | 1001.58 | 1001.93 | 1004.57 | 1006.66 | 1002.07 | 1007.95 |  999.92 | 1002.50 | 1007.41 | 1001.77 | 1004.03 | 1000.07 | 1000.63 | 1004.74 | 1003.82 | 1005.73 |  997.70 |
|        38 | 1002.89 | 1003.74 | 1000.94 | 1002.68 | 1002.24 | 1003.42 |  999.10 |  998.49 | 1000.68 | 1008.32 |  996.92 | 1005.82 | 1002.22 | 1001.27 |  993.99 | 1000.86 | 1001.46 | 1002.56 |  999.82 | 1003.91 | 1006.30 | 1000.19 | 1002.80 | 1002.42 | 1002.62 | 1004.89 | 1007.29 | 1002.59 | 1008.81 | 1000.35 | 1002.64 | 1007.73 | 1002.48 | 1004.20 | 1000.23 | 1001.19 | 1004.21 | 1004.22 | 1005.86 |  998.38 |
|        39 | 1003.59 | 1003.87 | 1000.91 | 1003.47 | 1002.38 | 1004.03 |  999.54 |  998.54 | 1001.17 | 1008.59 |  997.72 | 1006.14 | 1002.28 | 1001.75 |  994.55 | 1001.35 | 1002.22 | 1003.52 | 1000.95 | 1004.23 | 1006.52 | 1000.66 | 1002.87 | 1003.32 | 1003.39 | 1005.42 | 1008.17 | 1003.14 | 1009.58 | 1001.06 | 1003.07 | 1007.86 | 1003.23 | 1004.57 | 1000.66 | 1002.06 | 1003.94 | 1005.12 | 1005.92 |  999.25 |
|        40 | 1004.40 | 1004.02 | 1001.49 | 1004.73 | 1002.74 | 1004.66 | 1000.10 |  998.15 | 1001.98 | 1008.98 |  998.72 | 1006.96 | 1002.82 | 1002.10 |  995.09 | 1002.39 | 1003.13 | 1004.49 | 1002.30 | 1004.83 | 1007.04 | 1001.39 | 1003.07 | 1004.23 | 1004.24 | 1006.29 | 1008.79 | 1003.87 | 1010.34 | 1002.05 | 1003.85 | 1008.34 | 1004.24 | 1005.19 | 1001.28 | 1003.36 | 1003.89 | 1006.11 | 1006.29 | 1000.35 |
|        41 | 1005.07 | 1004.43 | 1002.35 | 1006.46 | 1003.35 | 1005.64 | 1001.29 |  998.24 | 1002.87 | 1009.53 | 1000.16 | 1007.98 | 1003.52 | 1003.09 |  995.83 | 1003.43 | 1004.57 | 1005.78 | 1003.54 | 1005.64 | 1007.79 | 1002.37 | 1003.33 | 1005.41 | 1005.58 | 1007.22 | 1009.81 | 1004.71 | 1011.24 | 1003.21 | 1004.90 | 1008.99 | 1005.25 | 1005.89 | 1002.12 | 1004.84 | 1004.18 | 1006.99 | 1007.01 | 1001.59 |
|        42 | 1006.06 | 1005.07 | 1003.53 | 1008.16 | 1004.16 | 1006.56 | 1002.93 |  998.39 | 1004.27 | 1010.50 | 1001.96 | 1009.02 | 1004.47 | 1004.33 |  997.25 | 1004.62 | 1006.25 | 1007.07 | 1005.12 | 1006.63 | 1008.99 | 1003.63 | 1004.33 | 1006.50 | 1007.05 | 1008.45 | 1010.79 | 1005.95 | 1012.46 | 1004.75 | 1006.22 | 1009.69 | 1006.67 | 1006.70 | 1003.12 | 1006.45 | 1004.93 | 1007.92 | 1007.75 | 1003.08 |
|        43 | 1007.06 | 1006.11 | 1004.61 | 1009.47 | 1005.09 | 1007.76 | 1004.26 |  998.61 | 1005.07 | 1011.33 | 1003.50 | 1009.93 | 1005.58 | 1005.71 |  998.88 | 1005.69 | 1007.68 | 1008.33 | 1006.44 | 1007.67 | 1009.99 | 1005.03 | 1007.09 | 1007.57 | 1008.07 | 1009.50 | 1011.79 | 1006.39 | 1013.51 | 1006.44 | 1007.24 | 1010.30 | 1008.14 | 1007.47 | 1004.04 | 1007.95 | 1005.47 | 1008.88 | 1008.06 | 1004.32 |
|        44 | 1007.57 | 1007.07 | 1005.47 | 1010.25 | 1005.99 | 1008.58 | 1005.46 |  999.23 | 1006.07 | 1011.69 | 1004.84 | 1010.83 | 1006.08 | 1006.62 | 1000.38 | 1006.55 | 1008.54 | 1009.10 | 1007.63 | 1008.23 | 1010.67 | 1006.32 | 1009.37 | 1008.23 | 1008.84 | 1010.48 | 1012.44 | 1007.38 | 1014.15 | 1007.63 | 1007.94 | 1010.96 | 1009.11 | 1008.08 | 1004.74 | 1009.07 | 1005.45 | 1009.62 | 1008.12 | 1005.56 |
|        45 | 1007.96 | 1008.18 | 1006.26 | 1010.37 | 1007.13 | 1009.51 | 1006.46 | 1000.15 | 1006.89 | 1012.23 | 1005.84 | 1011.60 | 1006.42 | 1007.26 | 1001.88 | 1007.45 | 1009.38 | 1009.94 | 1008.52 | 1008.67 | 1010.94 | 1007.40 | 1010.40 | 1009.04 | 1009.14 | 1010.93 | 1012.48 | 1008.14 | 1014.52 | 1008.60 | 1008.55 | 1011.35 | 1009.66 | 1008.72 | 1005.69 | 1009.52 | 1005.12 | 1010.30 | 1008.24 | 1006.47 |
|        46 | 1008.54 | 1009.41 | 1007.07 | 1010.66 | 1008.12 | 1010.25 | 1007.45 | 1001.44 | 1007.92 | 1012.40 | 1007.05 | 1012.32 | 1007.41 | 1008.08 | 1003.39 | 1008.25 | 1010.50 | 1010.69 | 1009.72 | 1009.29 | 1011.61 | 1008.78 | 1010.99 | 1009.65 | 1009.61 | 1011.54 | 1012.98 | 1008.84 | 1015.27 | 1009.82 | 1009.51 | 1011.77 | 1010.24 | 1009.57 | 1006.66 | 1009.46 | 1005.49 | 1010.73 | 1008.42 | 1007.48 |
|        47 | 1009.31 | 1010.62 | 1008.15 | 1010.70 | 1009.19 | 1010.92 | 1008.45 | 1002.89 | 1008.79 | 1012.78 | 1008.42 | 1012.62 | 1008.13 | 1008.97 | 1004.86 | 1009.55 | 1011.46 | 1011.94 | 1011.00 | 1009.93 | 1012.44 | 1010.43 | 1011.66 | 1010.09 | 1010.09 | 1012.85 | 1013.65 | 1009.63 | 1015.50 | 1010.85 | 1010.74 | 1012.48 | 1010.80 | 1010.14 | 1007.57 | 1009.41 | 1006.48 | 1011.35 | 1008.85 | 1008.67 |
|        48 | 1009.64 | 1010.90 | 1008.80 | 1010.77 | 1009.59 | 1011.16 | 1009.29 | 1004.31 | 1009.11 | 1012.96 | 1009.04 | 1013.01 | 1008.95 | 1009.56 | 1005.91 | 1010.02 | 1012.19 | 1012.33 | 1011.54 | 1010.10 | 1012.93 | 1011.16 | 1012.08 | 1010.15 | 1010.19 | 1013.30 | 1013.74 | 1010.29 | 1016.03 | 1011.23 | 1011.66 | 1012.93 | 1010.99 | 1010.63 | 1008.51 | 1008.66 | 1007.18 | 1011.71 | 1009.02 | 1009.37 |
|        51 | 1009.32 | 1011.23 | 1009.75 | 1010.08 | 1009.74 | 1010.81 | 1010.39 | 1008.01 | 1010.46 | 1012.43 | 1009.54 | 1012.43 | 1009.02 | 1010.45 | 1008.41 | 1010.05 | 1012.57 | 1012.70 | 1011.23 | 1009.34 | 1013.59 | 1011.61 | 1010.53 | 1009.27 | 1009.92 | 1014.13 | 1013.19 | 1009.51 | 1016.02 | 1011.41 | 1012.63 | 1012.16 | 1011.68 | 1011.10 | 1009.50 | 1005.39 | 1008.22 | 1011.28 | 1009.76 | 1009.92 |
|        54 | 1009.07 | 1011.34 | 1011.26 | 1009.00 | 1009.13 | 1009.83 | 1010.31 | 1010.88 | 1010.57 | 1012.81 | 1009.76 | 1012.39 | 1008.53 | 1010.61 | 1010.23 | 1009.78 | 1012.09 | 1013.06 | 1010.50 | 1010.42 | 1013.65 | 1011.81 | 1007.57 | 1008.63 | 1008.86 | 1014.40 | 1012.11 | 1008.97 | 1015.71 | 1011.47 | 1013.48 | 1011.69 | 1013.13 | 1011.99 | 1010.04 | 1003.60 | 1008.36 | 1011.25 | 1009.37 | 1009.39 |
|        57 | 1009.36 | 1009.84 | 1013.12 | 1007.77 | 1006.90 | 1009.12 | 1009.59 | 1012.70 | 1009.41 | 1011.07 | 1009.42 | 1010.79 | 1009.48 | 1011.40 | 1011.11 | 1009.77 | 1011.90 | 1012.83 | 1010.52 | 1010.54 | 1012.64 | 1012.77 | 1002.68 | 1006.74 | 1007.96 | 1012.33 | 1009.75 | 1007.42 | 1014.47 | 1011.98 | 1013.27 | 1011.96 | 1014.46 | 1011.78 | 1009.98 | 1001.70 | 1008.28 | 1008.78 | 1006.69 | 1007.70 |
|        60 | 1005.83 | 1004.62 | 1013.65 | 1002.18 | 1002.21 | 1003.73 | 1005.93 | 1012.10 | 1005.95 | 1004.33 | 1006.37 | 1004.63 | 1006.79 | 1010.28 | 1009.76 | 1005.04 | 1007.40 | 1010.41 | 1008.86 | 1008.43 | 1008.89 | 1010.62 |  998.35 | 1003.68 | 1005.34 | 1005.68 | 1002.64 | 1003.32 | 1010.22 | 1010.76 | 1010.23 | 1009.51 | 1013.87 | 1007.84 | 1009.25 |  998.23 | 1005.79 | 1002.11 | 1001.56 | 1006.15 |
|        63 |  999.34 |  999.30 | 1013.72 |  998.02 |  995.17 |  997.44 | 1000.93 | 1011.46 |  999.07 |  999.67 | 1000.94 |  999.47 | 1002.53 | 1008.37 | 1006.95 |  999.57 | 1000.57 | 1007.10 | 1008.20 | 1004.88 | 1002.53 | 1007.27 |  995.49 |  999.82 | 1001.66 | 1000.91 |  997.74 |  997.87 | 1004.99 | 1008.80 | 1006.56 | 1005.51 | 1012.45 | 1002.83 | 1007.72 |  997.41 | 1002.64 |  996.00 |  995.91 | 1004.53 |
|        66 |  995.44 |  996.09 | 1013.59 |  995.92 |  992.20 |  992.62 |  996.38 | 1009.58 |  995.27 |  997.53 |  995.59 |  997.14 |  997.81 | 1004.14 | 1005.03 |  996.84 |  996.63 | 1001.24 | 1005.13 | 1000.62 |  998.31 | 1002.03 |  995.26 |  996.66 |  998.95 |  998.91 |  994.39 |  993.99 | 1001.56 | 1005.23 | 1001.59 | 1001.11 | 1009.10 | 1000.21 | 1006.07 |  996.22 |  999.29 |  994.75 |  993.91 | 1000.04 |
|        69 |  994.23 |  996.47 | 1012.29 |  995.61 |  994.44 |  992.94 |  995.79 | 1006.05 |  996.28 |  998.87 |  994.85 |  997.83 |  995.05 | 1000.56 | 1001.42 |  994.69 |  997.59 |  997.82 |  999.96 |  999.66 |  996.75 |  999.83 |  995.02 |  996.59 |  999.41 |  998.49 |  993.62 |  993.21 | 1001.02 | 1002.01 |  997.63 | 1000.49 | 1003.20 |  999.97 | 1002.74 |  995.16 |  999.06 |  994.64 |  994.13 |  996.57 |
|        72 |  995.12 |  998.73 | 1009.25 |  998.56 |  997.52 |  993.89 |  997.80 | 1001.12 |  998.00 |  999.91 |  996.31 |  999.51 |  995.81 | 1000.64 |  997.35 |  993.95 |  999.46 |  999.33 |  999.92 | 1001.93 |  997.47 | 1002.00 |  995.54 |  998.20 | 1001.06 |  999.73 |  993.61 |  993.68 | 1002.10 | 1002.77 |  998.07 |  999.65 | 1000.09 | 1001.37 | 1000.23 |  999.89 |  999.94 |  995.70 |  995.29 |  996.63 |
|        78 |  997.67 | 1001.58 | 1002.87 | 1002.97 | 1001.03 |  996.42 | 1002.26 | 1001.70 | 1002.51 | 1000.62 | 1002.13 | 1002.02 |  999.27 | 1004.82 |  999.13 |  994.64 | 1003.04 | 1003.04 | 1006.50 | 1009.08 | 1001.76 | 1007.82 | 1000.24 | 1002.46 | 1005.21 | 1004.84 | 1000.03 |  998.12 | 1006.58 | 1006.72 | 1000.58 | 1002.56 | 1002.87 | 1004.68 | 1001.30 | 1007.59 | 1002.29 |  998.09 |  997.67 | 1007.04 |
|        84 | 1002.34 | 1005.62 | 1006.59 | 1006.84 | 1006.13 | 1000.09 | 1005.02 | 1005.65 | 1007.38 | 1005.55 | 1006.58 | 1005.95 | 1001.80 | 1009.31 | 1004.52 |  999.14 | 1006.24 | 1008.37 | 1009.21 | 1014.03 | 1006.54 | 1012.63 | 1003.51 | 1005.72 | 1008.65 | 1010.15 | 1002.79 | 1002.15 | 1012.76 | 1011.71 | 1003.55 | 1007.21 | 1007.17 | 1008.66 | 1003.72 | 1008.39 | 1004.08 | 1003.09 | 1001.89 | 1013.00 |
|        90 | 1009.32 | 1010.74 | 1010.35 | 1010.28 | 1011.19 | 1007.06 | 1009.31 | 1010.72 | 1012.01 | 1011.91 | 1011.00 | 1011.86 | 1006.30 | 1012.82 | 1010.22 | 1003.77 | 1010.58 | 1013.85 | 1012.13 | 1018.33 | 1011.64 | 1017.24 | 1015.10 | 1010.25 | 1013.81 | 1015.34 | 1007.90 | 1011.72 | 1018.02 | 1015.64 | 1008.75 | 1013.29 | 1013.71 | 1012.98 | 1008.41 | 1010.71 | 1008.62 | 1008.35 | 1008.44 | 1017.15 |
|        96 | 1018.53 | 1011.97 | 1013.59 | 1012.17 | 1012.65 | 1011.25 | 1013.11 | 1014.91 | 1011.05 | 1015.72 | 1012.38 | 1016.01 | 1010.89 | 1015.16 | 1013.33 | 1010.66 | 1014.53 | 1014.80 | 1015.29 | 1019.72 | 1015.01 | 1019.37 | 1019.43 | 1014.86 | 1019.21 | 1017.52 | 1013.53 | 1016.65 | 1019.52 | 1015.38 | 1013.15 | 1016.28 | 1018.77 | 1015.61 | 1012.64 | 1013.02 | 1014.02 | 1014.04 | 1012.61 | 1018.66 |
|       102 | 1023.73 | 1007.67 | 1015.66 | 1010.60 | 1008.45 | 1012.86 | 1014.05 | 1014.86 | 1009.04 | 1017.03 | 1008.63 | 1018.81 | 1013.44 | 1014.78 | 1014.00 | 1011.29 | 1014.52 | 1009.64 | 1016.52 | 1016.65 | 1015.57 | 1017.56 | 1020.85 | 1018.41 | 1023.46 | 1016.16 | 1015.93 | 1015.45 | 1016.61 | 1010.60 | 1016.15 | 1016.53 | 1019.84 | 1015.27 | 1015.34 | 1011.88 | 1017.99 | 1013.46 | 1013.77 | 1018.27 |
|       108 | 1025.87 | 1004.37 | 1014.76 | 1009.82 | 1005.63 | 1010.05 | 1013.85 | 1012.78 | 1008.23 | 1014.61 | 1005.06 | 1016.71 | 1011.47 | 1014.13 | 1012.30 | 1005.07 | 1008.69 | 1007.31 | 1016.03 | 1012.25 | 1013.41 | 1016.28 | 1021.25 | 1018.88 | 1025.81 | 1013.02 | 1014.98 | 1010.95 | 1013.63 | 1007.70 | 1016.77 | 1015.48 | 1017.73 | 1013.48 | 1015.18 | 1010.82 | 1019.58 | 1008.84 | 1009.38 | 1016.96 |
|       114 | 1025.11 |  999.11 | 1011.67 | 1006.11 | 1003.49 | 1005.57 | 1012.58 | 1011.48 | 1002.88 | 1011.24 | 1000.94 | 1011.04 | 1005.85 | 1015.75 | 1008.02 | 1001.32 | 1001.70 | 1002.82 | 1015.00 | 1006.42 | 1011.79 | 1014.84 | 1020.81 | 1015.34 | 1025.73 | 1008.73 | 1012.65 | 1007.55 | 1008.17 | 1003.97 | 1015.69 | 1014.54 | 1014.80 | 1010.91 | 1011.66 | 1009.62 | 1017.33 | 1005.48 | 1003.50 | 1014.19 |
|       120 | 1022.76 |  995.73 | 1007.14 | 1001.91 |  998.86 | 1000.40 | 1010.96 | 1009.41 |  994.64 | 1008.42 | 1000.83 | 1006.53 | 1002.42 | 1017.01 | 1002.50 |  995.26 | 1000.63 |  997.06 | 1011.95 | 1002.93 | 1008.14 | 1012.11 | 1019.61 | 1011.97 | 1024.61 | 1003.95 | 1009.02 | 1003.32 | 1001.98 |  998.70 | 1014.41 | 1011.38 | 1013.15 | 1007.60 | 1007.44 | 1007.65 | 1012.76 | 1002.58 |  999.20 | 1008.77 |
