# variable: Temperature at 2m
# units: degree celsius
# 
| fcst_hour |     1 |     2 |     3 |    4 |     5 |     6 |     7 |     8 |     9 |    10 |    11 |   12 |    13 |    14 |    15 |    16 |    17 |    18 |    19 |    20 |    21 |    22 |    23 |   24 |    25 |    26 |    27 |    28 |    29 |    30 |    31 |    32 |    33 |    34 |    35 |    36 |    37 |    38 |    39 |    40 |
|         0 |  3.71 |  4.24 |  3.71 | 3.57 |  3.66 |  3.54 |  3.85 |  3.89 |  3.57 |  3.82 |  3.85 | 4.29 |  3.99 |  3.67 |  4.25 |  4.00 |  3.41 |  4.24 |  4.10 |  2.97 |  4.22 |  4.10 |  4.44 | 4.12 |  4.36 |  3.74 |  3.59 |  3.91 |  4.05 |  4.06 |  3.66 |  3.56 |  4.04 |  3.89 |  4.11 |  4.30 |  3.99 |  3.58 |  4.08 |  3.35 |
|         1 |  3.62 |  4.40 |  3.50 | 3.40 |  3.40 |  3.31 |  3.97 |  3.77 |  3.47 |  3.47 |  3.42 | 4.04 |  3.84 |  3.42 |  3.95 |  3.70 |  3.26 |  3.93 |  3.86 |  2.88 |  4.00 |  3.71 |  4.26 | 3.70 |  4.02 |  3.40 |  3.44 |  3.89 |  3.62 |  3.89 |  3.50 |  3.36 |  3.54 |  3.46 |  3.81 |  4.10 |  3.95 |  3.41 |  3.73 |  3.13 |
|         2 |  2.91 |  4.12 |  3.09 | 3.39 |  3.34 |  3.44 |  3.43 |  3.81 |  3.12 |  3.20 |  3.24 | 3.94 |  3.51 |  2.90 |  3.48 |  3.56 |  2.50 |  3.71 |  3.46 |  2.60 |  4.10 |  3.59 |  3.87 | 3.57 |  3.89 |  3.07 |  3.28 |  3.82 |  3.59 |  3.51 |  3.15 |  2.99 |  3.52 |  3.21 |  3.35 |  3.98 |  3.87 |  3.06 |  3.68 |  3.02 |
|         3 |  2.87 |  3.72 |  2.86 | 2.60 |  2.73 |  2.98 |  3.06 |  3.43 |  2.85 |  2.92 |  2.96 | 3.52 |  3.04 |  2.86 |  3.09 |  3.10 |  2.42 |  3.37 |  3.35 |  2.08 |  3.79 |  2.97 |  3.52 | 3.23 |  3.41 |  2.64 |  2.53 |  3.80 |  3.24 |  2.98 |  2.67 |  2.81 |  3.39 |  2.79 |  3.31 |  3.51 |  3.30 |  2.55 |  3.47 |  2.92 |
|         4 |  2.61 |  3.38 |  2.78 | 2.34 |  2.76 |  2.61 |  3.07 |  2.95 |  2.26 |  2.68 |  2.39 | 3.38 |  2.91 |  2.90 |  3.06 |  2.88 |  2.39 |  3.29 |  3.16 |  2.09 |  3.50 |  2.56 |  3.21 | 3.01 |  3.22 |  2.46 |  2.49 |  3.66 |  2.89 |  2.82 |  2.49 |  2.37 |  3.22 |  2.70 |  3.16 |  3.28 |  3.20 |  2.52 |  3.14 |  2.75 |
|         5 |  2.46 |  3.35 |  2.73 | 2.46 |  2.66 |  2.36 |  2.99 |  3.04 |  2.06 |  2.35 |  2.16 | 3.22 |  2.78 |  2.76 |  2.96 |  2.97 |  2.58 |  2.93 |  2.91 |  2.16 |  3.34 |  2.50 |  3.05 | 2.64 |  3.02 |  2.36 |  2.43 |  3.39 |  2.33 |  2.68 |  2.26 |  2.43 |  3.17 |  2.64 |  3.01 |  3.23 |  3.06 |  2.19 |  3.16 |  2.68 |
|         6 |  2.36 |  3.32 |  2.62 | 2.71 |  2.70 |  2.49 |  2.85 |  3.02 |  2.32 |  2.21 |  2.11 | 3.11 |  2.78 |  2.64 |  2.85 |  2.90 |  2.54 |  2.80 |  2.91 |  1.94 |  3.23 |  2.56 |  2.81 | 2.75 |  2.75 |  2.32 |  2.37 |  3.35 |  2.43 |  2.59 |  1.98 |  2.43 |  2.96 |  2.56 |  2.85 |  3.07 |  2.97 |  2.07 |  2.93 |  2.29 |
|         7 |  2.25 |  3.11 |  2.56 | 2.79 |  2.67 |  2.58 |  2.87 |  2.92 |  2.43 |  2.40 |  2.30 | 3.02 |  2.73 |  2.59 |  2.99 |  2.97 |  2.62 |  3.02 |  3.08 |  1.99 |  3.30 |  2.61 |  2.48 | 2.88 |  2.80 |  2.39 |  2.34 |  3.33 |  2.59 |  2.66 |  1.90 |  2.31 |  2.87 |  2.48 |  2.89 |  2.99 |  3.01 |  2.29 |  2.98 |  2.22 |
|         8 |  2.75 |  3.06 |  2.76 | 2.90 |  2.93 |  2.73 |  3.27 |  2.96 |  2.68 |  2.65 |  2.48 | 3.12 |  2.81 |  2.85 |  3.41 |  3.10 |  2.90 |  3.23 |  3.15 |  2.19 |  3.45 |  2.83 |  2.58 | 3.02 |  3.30 |  2.69 |  2.50 |  3.61 |  2.88 |  2.84 |  2.08 |  2.64 |  2.87 |  2.72 |  3.13 |  3.25 |  3.23 |  2.52 |  3.11 |  2.56 |
|         9 |  3.62 |  3.93 |  3.60 | 3.55 |  3.49 |  3.34 |  3.93 |  3.61 |  3.37 |  3.39 |  2.92 | 3.72 |  3.27 |  3.47 |  3.96 |  3.88 |  3.70 |  3.87 |  3.70 |  2.95 |  4.11 |  3.42 |  3.52 | 3.62 |  3.88 |  3.42 |  2.90 |  4.17 |  3.50 |  3.48 |  2.88 |  3.35 |  3.70 |  3.54 |  3.94 |  3.76 |  3.78 |  3.13 |  3.65 |  3.00 |
|        10 |  4.47 |  4.55 |  4.29 | 3.72 |  4.50 |  4.20 |  4.61 |  4.82 |  4.50 |  3.96 |  3.66 | 4.52 |  3.86 |  4.50 |  4.74 |  4.19 |  4.73 |  4.52 |  4.39 |  3.66 |  5.13 |  4.22 |  4.12 | 4.51 |  4.99 |  4.32 |  4.14 |  5.30 |  3.81 |  3.96 |  3.81 |  4.35 |  4.39 |  4.21 |  4.55 |  4.49 |  4.64 |  3.89 |  4.27 |  3.65 |
|        11 |  5.24 |  5.41 |  5.57 | 4.29 |  5.75 |  4.93 |  4.86 |  5.06 |  5.25 |  4.32 |  4.21 | 5.55 |  5.20 |  5.31 |  5.61 |  5.42 |  5.86 |  5.54 |  5.46 |  4.68 |  5.87 |  5.00 |  5.16 | 5.34 |  5.82 |  5.43 |  5.23 |  6.02 |  4.60 |  5.06 |  4.29 |  5.06 |  5.14 |  5.06 |  5.71 |  5.38 |  5.43 |  4.98 |  5.42 |  4.92 |
|        12 |  5.35 |  6.09 |  6.24 | 5.35 |  6.44 |  5.68 |  5.39 |  6.27 |  6.17 |  4.81 |  4.71 | 6.15 |  6.16 |  6.04 |  6.22 |  5.87 |  6.27 |  6.35 |  6.09 |  5.64 |  6.03 |  5.74 |  6.35 | 5.56 |  6.17 |  6.28 |  5.96 |  6.76 |  4.79 |  5.65 |  6.02 |  5.33 |  6.15 |  5.37 |  6.33 |  6.18 |  6.14 |  5.66 |  6.32 |  5.54 |
|        13 |  5.30 |  6.55 |  6.16 | 5.75 |  6.51 |  5.81 |  5.33 |  6.94 |  6.71 |  5.06 |  4.95 | 6.60 |  6.48 |  6.27 |  6.58 |  6.00 |  6.22 |  6.63 |  6.72 |  5.87 |  6.27 |  5.53 |  6.17 | 5.62 |  6.35 |  6.63 |  6.34 |  7.50 |  4.97 |  5.44 |  6.37 |  5.30 |  6.30 |  6.03 |  6.49 |  6.80 |  6.07 |  5.54 |  6.58 |  6.33 |
|        14 |  5.35 |  6.67 |  5.41 | 5.81 |  5.53 |  5.32 |  5.77 |  6.93 |  6.34 |  5.09 |  4.85 | 6.29 |  6.43 |  6.08 |  6.80 |  5.96 |  6.05 |  6.29 |  6.64 |  5.95 |  6.04 |  5.42 |  6.24 | 5.60 |  6.26 |  6.53 |  6.25 |  7.63 |  4.63 |  5.56 |  6.09 |  5.26 |  6.22 |  5.45 |  6.61 |  6.64 |  5.17 |  5.69 |  5.73 |  6.15 |
|        15 |  5.03 |  6.33 |  5.11 | 5.04 |  4.96 |  4.45 |  5.36 |  6.50 |  5.81 |  4.84 |  4.57 | 5.83 |  6.10 |  5.55 |  6.06 |  5.37 |  5.78 |  5.38 |  6.09 |  5.46 |  5.87 |  5.36 |  6.09 | 5.02 |  6.10 |  5.39 |  5.29 |  7.18 |  4.69 |  5.24 |  5.37 |  4.82 |  5.98 |  4.99 |  6.04 |  5.10 |  4.73 |  5.01 |  5.13 |  5.63 |
|        16 |  4.54 |  5.60 |  4.66 | 4.38 |  4.49 |  3.97 |  4.54 |  5.46 |  4.87 |  4.37 |  3.84 | 5.01 |  5.09 |  4.57 |  5.15 |  4.82 |  4.61 |  4.41 |  5.10 |  4.40 |  5.15 |  4.61 |  5.04 | 4.64 |  5.60 |  4.28 |  4.54 |  6.71 |  4.08 |  4.63 |  4.61 |  4.56 |  5.21 |  4.13 |  5.49 |  4.43 |  4.28 |  4.35 |  4.79 |  4.75 |
|        17 |  4.12 |  5.34 |  4.12 | 3.62 |  4.11 |  3.43 |  3.93 |  4.61 |  4.11 |  3.92 |  3.20 | 4.31 |  4.71 |  3.91 |  4.47 |  4.23 |  4.07 |  3.81 |  4.29 |  3.62 |  4.55 |  3.95 |  4.16 | 4.27 |  4.91 |  3.95 |  4.14 |  5.83 |  3.47 |  4.29 |  3.81 |  4.31 |  4.46 |  3.69 |  4.98 |  4.50 |  3.88 |  3.77 |  4.19 |  4.00 |
|        18 |  3.66 |  5.08 |  3.75 | 3.02 |  3.59 |  2.86 |  3.43 |  4.60 |  3.80 |  3.45 |  2.70 | 3.88 |  4.78 |  3.44 |  4.21 |  3.95 |  3.63 |  3.47 |  3.98 |  3.24 |  3.92 |  3.48 |  3.77 | 3.89 |  4.46 |  3.80 |  3.82 |  5.26 |  2.88 |  4.00 |  3.13 |  4.04 |  4.22 |  3.24 |  4.87 |  4.51 |  3.66 |  3.43 |  3.89 |  3.55 |
|        19 |  3.11 |  4.57 |  3.42 | 2.53 |  3.15 |  2.25 |  2.85 |  4.50 |  3.72 |  3.08 |  2.28 | 3.54 |  4.24 |  2.92 |  4.18 |  3.67 |  3.21 |  3.13 |  4.04 |  2.92 |  3.23 |  3.09 |  3.58 | 3.54 |  3.99 |  3.52 |  3.48 |  4.98 |  2.43 |  3.69 |  2.61 |  3.81 |  3.97 |  2.75 |  4.77 |  4.37 |  3.38 |  3.17 |  3.36 |  3.19 |
|        20 |  2.83 |  4.17 |  3.06 | 2.19 |  2.79 |  1.61 |  2.56 |  4.26 |  3.69 |  2.57 |  1.87 | 3.19 |  3.80 |  2.53 |  3.92 |  3.47 |  2.81 |  2.69 |  3.91 |  2.47 |  2.80 |  2.66 |  3.29 | 3.17 |  3.46 |  3.24 |  3.43 |  4.62 |  2.01 |  3.36 |  2.23 |  3.56 |  3.73 |  2.28 |  4.52 |  4.21 |  3.17 |  2.69 |  2.77 |  2.85 |
|        21 |  2.48 |  3.88 |  2.71 | 1.92 |  2.41 |  1.09 |  2.58 |  4.19 |  3.78 |  2.14 |  1.48 | 2.82 |  3.30 |  2.10 |  3.55 |  3.08 |  2.45 |  2.18 |  3.44 |  2.06 |  2.54 |  2.23 |  2.94 | 2.71 |  2.99 |  2.77 |  3.10 |  4.32 |  1.69 |  3.18 |  1.92 |  3.14 |  3.26 |  1.83 |  3.99 |  3.76 |  2.92 |  2.22 |  2.33 |  2.49 |
|        22 |  2.01 |  3.28 |  2.28 | 1.76 |  2.09 |  0.98 |  2.73 |  4.04 |  3.63 |  1.49 |  1.21 | 2.40 |  2.85 |  1.61 |  3.04 |  2.48 |  2.51 |  1.68 |  2.93 |  1.71 |  2.32 |  1.87 |  2.37 | 2.22 |  2.62 |  2.32 |  2.56 |  3.93 |  1.39 |  2.70 |  1.57 |  2.55 |  2.73 |  1.42 |  3.31 |  3.11 |  2.52 |  1.77 |  2.23 |  2.11 |
|        23 |  1.48 |  2.82 |  1.95 | 1.65 |  2.08 |  1.37 |  2.91 |  3.91 |  2.91 |  0.96 |  1.35 | 1.92 |  2.73 |  1.18 |  2.45 |  2.11 |  2.94 |  1.52 |  2.45 |  1.76 |  2.45 |  1.68 |  1.85 | 1.82 |  2.28 |  1.92 |  1.90 |  3.38 |  1.15 |  1.83 |  1.19 |  1.98 |  2.27 |  1.50 |  2.65 |  2.78 |  2.07 |  1.23 |  2.36 |  1.76 |
|        24 |  1.01 |  2.67 |  1.93 | 1.64 |  2.57 |  1.89 |  3.06 |  3.20 |  1.85 |  0.75 |  1.55 | 1.64 |  2.82 |  1.01 |  1.94 |  1.86 |  3.01 |  1.66 |  2.38 |  1.93 |  2.76 |  1.75 |  1.61 | 1.88 |  2.18 |  1.71 |  1.48 |  3.08 |  1.41 |  1.15 |  0.99 |  1.61 |  2.07 |  2.11 |  2.12 |  2.76 |  1.70 |  1.03 |  2.18 |  1.51 |
|        25 |  0.83 |  2.50 |  2.50 | 1.86 |  2.87 |  2.10 |  3.19 |  2.62 |  1.26 |  0.93 |  1.54 | 1.84 |  2.77 |  1.75 |  1.60 |  1.99 |  2.87 |  1.80 |  2.91 |  1.99 |  3.17 |  2.18 |  1.77 | 2.17 |  2.46 |  1.79 |  1.33 |  3.32 |  1.96 |  1.02 |  1.21 |  1.70 |  2.16 |  2.22 |  1.82 |  2.64 |  1.59 |  1.37 |  1.85 |  1.80 |
|        26 |  1.09 |  2.44 |  3.11 | 2.49 |  2.99 |  2.29 |  2.75 |  2.27 |  1.49 |  1.30 |  1.55 | 2.41 |  2.98 |  2.60 |  1.98 |  2.50 |  2.83 |  2.06 |  3.29 |  2.16 |  3.34 |  2.58 |  1.93 | 2.28 |  2.68 |  2.17 |  1.75 |  3.59 |  2.19 |  1.67 |  1.62 |  2.06 |  2.59 |  2.29 |  1.97 |  2.63 |  1.88 |  1.78 |  2.09 |  2.32 |
|        27 |  1.60 |  2.62 |  3.37 | 2.80 |  3.17 |  2.66 |  2.03 |  2.30 |  2.10 |  1.69 |  1.87 | 2.73 |  3.28 |  3.13 |  2.60 |  3.08 |  3.09 |  2.57 |  3.41 |  2.35 |  3.49 |  2.80 |  2.37 | 2.39 |  2.80 |  2.54 |  2.35 |  3.83 |  2.35 |  2.24 |  2.01 |  2.39 |  3.01 |  2.52 |  2.45 |  2.79 |  2.07 |  2.00 |  2.62 |  2.83 |
|        28 |  1.86 |  2.97 |  3.27 | 2.88 |  3.32 |  2.76 |  2.09 |  2.59 |  2.51 |  2.08 |  2.14 | 2.88 |  3.36 |  3.22 |  3.06 |  3.28 |  3.33 |  2.86 |  3.60 |  2.55 |  3.73 |  3.09 |  2.79 | 2.62 |  2.92 |  2.76 |  2.93 |  4.00 |  2.58 |  2.56 |  2.30 |  2.74 |  3.19 |  2.68 |  2.93 |  2.97 |  2.41 |  2.28 |  2.84 |  3.13 |
|        29 |  1.95 |  3.23 |  3.29 | 3.26 |  3.58 |  3.04 |  2.96 |  2.97 |  2.89 |  2.27 |  2.49 | 3.13 |  3.58 |  3.08 |  3.48 |  3.47 |  3.42 |  3.04 |  3.82 |  2.79 |  3.95 |  3.21 |  3.09 | 2.78 |  3.19 |  3.05 |  3.31 |  4.07 |  2.76 |  2.78 |  2.73 |  3.01 |  3.31 |  3.04 |  3.09 |  3.18 |  2.64 |  2.51 |  3.19 |  3.30 |
|        30 |  2.24 |  3.57 |  3.69 | 3.73 |  3.90 |  3.34 |  4.37 |  3.35 |  3.15 |  2.65 |  3.07 | 3.34 |  3.97 |  3.36 |  3.71 |  3.91 |  3.59 |  3.30 |  4.03 |  3.08 |  4.10 |  3.56 |  3.34 | 3.11 |  3.43 |  3.32 |  3.49 |  4.37 |  2.91 |  2.97 |  3.35 |  3.24 |  3.45 |  3.63 |  3.17 |  3.48 |  2.82 |  2.64 |  3.53 |  3.53 |
|        31 |  2.47 |  4.11 |  4.45 | 4.36 |  4.37 |  3.78 |  5.79 |  3.59 |  3.61 |  3.25 |  3.72 | 3.77 |  4.45 |  3.92 |  3.93 |  4.46 |  3.83 |  4.06 |  4.31 |  3.52 |  4.46 |  4.09 |  3.74 | 3.53 |  3.68 |  3.68 |  3.67 |  4.78 |  3.16 |  3.24 |  3.75 |  3.69 |  3.64 |  4.35 |  3.39 |  3.78 |  3.22 |  3.01 |  4.04 |  4.04 |
|        32 |  2.77 |  4.78 |  5.56 | 5.20 |  5.11 |  4.52 |  6.48 |  4.10 |  4.40 |  4.10 |  4.58 | 4.57 |  5.16 |  4.97 |  4.22 |  5.01 |  4.52 |  4.99 |  5.07 |  4.23 |  5.15 |  4.92 |  4.36 | 4.16 |  4.10 |  4.24 |  4.18 |  5.41 |  3.72 |  3.71 |  4.32 |  4.43 |  4.11 |  4.99 |  4.02 |  4.17 |  3.80 |  3.69 |  4.89 |  4.94 |
|        33 |  3.43 |  5.49 |  6.53 | 5.93 |  6.19 |  5.55 |  7.14 |  4.55 |  5.08 |  5.13 |  5.32 | 5.34 |  6.25 |  6.20 |  4.93 |  5.63 |  5.45 |  5.64 |  5.88 |  5.21 |  6.08 |  5.81 |  5.25 | 5.17 |  4.68 |  4.84 |  5.10 |  6.45 |  4.84 |  4.53 |  5.40 |  5.12 |  5.15 |  6.23 |  4.90 |  4.86 |  4.60 |  4.69 |  6.09 |  5.94 |
|        34 |  4.59 |  6.28 |  7.39 | 6.68 |  6.90 |  6.32 |  7.55 |  5.30 |  5.89 |  6.00 |  6.01 | 6.12 |  7.39 |  6.86 |  5.84 |  6.45 |  6.40 |  6.47 |  6.58 |  6.29 |  6.91 |  6.33 |  6.31 | 6.00 |  5.19 |  5.60 |  5.75 |  7.48 |  5.74 |  5.40 |  6.81 |  5.73 |  6.51 |  7.15 |  5.80 |  5.35 |  5.72 |  5.45 |  6.93 |  6.68 |
|        35 |  5.50 |  7.00 |  7.61 | 7.19 |  7.41 |  6.67 |  7.84 |  6.00 |  6.23 |  6.57 |  6.63 | 6.64 |  8.12 |  7.30 |  6.73 |  7.12 |  7.18 |  7.09 |  7.29 |  7.16 |  7.41 |  6.93 |  7.16 | 6.24 |  6.03 |  6.25 |  6.25 |  8.05 |  6.51 |  6.19 |  7.72 |  6.30 |  7.41 |  7.85 |  6.85 |  6.12 |  6.52 |  6.08 |  7.53 |  7.28 |
|        36 |  6.32 |  7.60 |  7.91 | 7.58 |  7.64 |  7.07 |  8.13 |  6.66 |  6.61 |  7.13 |  7.17 | 6.97 |  8.71 |  7.78 |  7.35 |  7.85 |  7.66 |  7.57 |  7.73 |  7.89 |  7.85 |  7.40 |  7.52 | 6.58 |  6.90 |  6.84 |  6.70 |  8.56 |  7.34 |  6.77 |  8.12 |  6.82 |  7.73 |  8.35 |  7.50 |  7.07 |  6.95 |  6.75 |  8.11 |  7.75 |
|        37 |  6.95 |  8.12 |  8.12 | 7.87 |  7.90 |  7.65 |  8.20 |  7.28 |  7.04 |  7.50 |  7.38 | 7.29 |  8.99 |  8.02 |  7.92 |  8.44 |  7.98 |  7.89 |  7.93 |  8.27 |  8.11 |  7.72 |  7.71 | 6.86 |  7.50 |  7.10 |  7.32 |  8.86 |  7.88 |  7.17 |  8.42 |  7.20 |  8.16 |  8.61 |  7.77 |  7.80 |  7.31 |  7.19 |  8.30 |  8.20 |
|        38 |  7.23 |  8.69 |  8.32 | 7.99 |  8.12 |  7.91 |  8.30 |  7.70 |  7.31 |  7.66 |  7.78 | 7.50 |  9.32 |  8.13 |  8.53 |  8.79 |  8.19 |  7.80 |  8.00 |  8.58 |  8.40 |  7.91 |  8.08 | 7.02 |  7.78 |  7.47 |  7.74 |  9.12 |  8.16 |  7.50 |  8.65 |  7.41 |  8.50 |  8.71 |  7.88 |  8.24 |  7.57 |  7.34 |  8.17 |  8.31 |
|        39 |  7.46 |  8.58 |  8.56 | 8.07 |  8.16 |  8.09 |  8.22 |  7.97 |  7.45 |  7.63 |  7.87 | 7.76 |  9.46 |  8.20 |  8.90 |  8.91 |  8.16 |  7.86 |  8.20 |  8.73 |  8.66 |  8.18 |  8.37 | 7.16 |  7.78 |  7.65 |  7.98 |  9.39 |  8.13 |  7.75 |  8.87 |  7.67 |  8.66 |  8.83 |  7.94 |  8.44 |  7.71 |  7.47 |  8.01 |  8.49 |
|        40 |  7.62 |  8.16 |  8.68 | 8.07 |  8.12 |  7.92 |  8.05 |  8.02 |  7.45 |  7.60 |  7.54 | 8.00 |  9.26 |  8.24 |  9.12 |  9.06 |  8.10 |  7.81 |  8.29 |  8.55 |  8.61 |  8.36 |  8.49 | 7.26 |  7.76 |  7.64 |  8.00 |  9.48 |  8.04 |  7.68 |  8.88 |  7.88 |  8.85 |  8.91 |  7.94 |  8.18 |  7.66 |  7.46 |  8.08 |  8.54 |
|        41 |  7.76 |  7.48 |  8.72 | 8.16 |  8.11 |  7.79 |  7.88 |  8.16 |  7.39 |  7.55 |  7.34 | 8.05 |  9.02 |  8.34 |  9.12 |  9.15 |  8.08 |  7.72 |  8.37 |  8.31 |  8.51 |  8.44 |  8.63 | 7.48 |  7.85 |  7.70 |  8.01 |  9.41 |  8.00 |  7.49 |  8.75 |  8.11 |  9.05 |  9.05 |  7.77 |  7.86 |  7.61 |  7.43 |  7.81 |  8.48 |
|        42 |  7.85 |  6.74 |  8.77 | 8.26 |  8.13 |  7.53 |  7.75 |  8.29 |  7.30 |  7.46 |  7.07 | 8.15 |  9.02 |  8.33 |  9.17 |  9.23 |  8.12 |  7.57 |  8.49 |  8.07 |  8.46 |  8.55 |  8.69 | 7.67 |  8.03 |  7.71 |  8.01 |  9.61 |  7.89 |  7.40 |  8.68 |  8.13 |  9.23 |  9.12 |  7.50 |  7.62 |  7.56 |  7.48 |  7.38 |  8.43 |
|        43 |  7.90 |  6.11 |  8.85 | 8.26 |  8.12 |  7.44 |  7.66 |  8.38 |  7.21 |  7.39 |  6.72 | 8.27 |  9.12 |  8.30 |  9.13 |  9.25 |  8.20 |  7.42 |  8.56 |  7.90 |  8.49 |  8.59 |  8.68 | 7.81 |  8.06 |  7.55 |  8.02 |  9.70 |  7.89 |  7.40 |  8.60 |  8.26 |  9.36 |  9.07 |  7.36 |  7.50 |  7.56 |  7.48 |  6.85 |  8.42 |
|        44 |  7.87 |  5.51 |  8.79 | 8.19 |  8.07 |  7.42 |  7.59 |  8.44 |  7.13 |  7.33 |  6.40 | 8.30 |  9.38 |  8.26 |  9.24 |  9.22 |  8.22 |  7.09 |  8.69 |  7.83 |  8.57 |  8.85 |  8.62 | 7.98 |  8.08 |  7.52 |  8.03 |  9.80 |  7.98 |  7.39 |  8.57 |  8.39 |  9.43 |  8.97 |  7.10 |  7.40 |  7.60 |  7.42 |  6.25 |  8.37 |
|        45 |  7.89 |  4.97 |  8.73 | 8.20 |  8.09 |  7.28 |  7.55 |  8.40 |  7.29 |  7.24 |  6.05 | 8.32 |  9.30 |  8.24 |  9.14 |  9.22 |  8.24 |  6.83 |  8.76 |  7.90 |  8.65 |  9.12 |  8.46 | 8.05 |  8.24 |  7.37 |  8.18 |  9.89 |  8.15 |  7.59 |  8.67 |  8.40 |  9.28 |  8.92 |  6.91 |  7.16 |  7.93 |  7.38 |  6.01 |  8.24 |
|        46 |  7.91 |  4.48 |  8.78 | 8.36 |  8.07 |  7.10 |  7.45 |  8.36 |  7.33 |  7.16 |  5.54 | 8.31 |  9.01 |  8.33 |  9.00 |  9.36 |  8.31 |  6.67 |  8.82 |  7.93 |  8.59 |  9.28 |  8.36 | 8.18 |  8.24 |  7.01 |  8.34 | 10.00 |  8.38 |  7.69 |  8.95 |  8.27 |  8.88 |  8.88 |  6.85 |  6.75 |  8.25 |  7.45 |  5.56 |  8.14 |
|        47 |  7.91 |  4.07 |  8.79 | 8.54 |  8.08 |  7.00 |  7.35 |  8.40 |  7.31 |  7.32 |  5.20 | 8.30 |  8.74 |  8.55 |  8.74 |  9.43 |  8.40 |  6.32 |  8.85 |  7.90 |  8.32 |  9.19 |  8.35 | 8.27 |  8.21 |  6.85 |  8.63 | 10.25 |  8.49 |  7.88 |  9.11 |  8.29 |  8.59 |  9.06 |  6.82 |  6.65 |  8.32 |  7.55 |  5.34 |  8.10 |
|        48 |  7.95 |  3.93 |  8.72 | 8.46 |  8.14 |  7.10 |  7.26 |  8.52 |  7.36 |  7.71 |  5.19 | 8.31 |  8.70 |  8.73 |  8.60 |  9.46 |  8.59 |  6.18 |  8.69 |  8.02 |  7.94 |  9.00 |  8.37 | 8.31 |  8.27 |  6.66 |  8.84 | 10.40 |  8.46 |  8.01 |  9.19 |  8.44 |  8.37 |  9.30 |  6.82 |  6.60 |  8.36 |  7.76 |  5.52 |  8.15 |
|        51 |  8.37 |  5.24 |  8.65 | 8.31 |  8.36 |  7.69 |  7.92 |  8.85 |  7.87 |  8.38 |  6.47 | 7.93 |  8.55 |  9.04 |  8.13 |  9.90 |  9.16 |  6.67 |  7.30 |  8.89 |  7.75 |  7.99 |  8.23 | 7.75 |  8.79 |  6.99 |  9.07 | 10.38 |  8.38 |  8.37 |  9.20 |  8.46 |  8.53 |  9.42 |  6.96 |  5.86 |  8.65 |  8.38 |  6.74 |  8.11 |
|        54 |  8.05 |  7.40 |  8.58 | 7.63 |  9.12 |  8.23 |  8.49 |  8.17 |  8.06 |  8.37 |  6.83 | 7.53 |  9.19 |  8.41 |  7.83 |  9.34 |  8.91 |  7.42 |  6.36 |  8.97 |  8.97 |  7.26 |  8.59 | 7.00 |  8.86 |  8.08 |  9.27 | 10.30 |  8.01 |  8.69 |  9.04 |  7.66 |  9.14 |  8.82 |  7.93 |  7.85 |  7.92 |  8.77 |  7.60 |  9.28 |
|        57 |  7.89 |  9.08 |  8.55 | 7.58 |  9.49 |  8.77 |  9.16 |  7.92 |  8.02 |  8.33 |  8.44 | 7.39 |  9.80 |  8.54 |  8.35 |  8.73 |  8.37 |  8.53 |  7.73 |  9.38 |  9.51 |  8.29 |  9.54 | 7.44 |  9.00 |  8.54 |  8.92 | 10.08 |  8.41 |  9.08 |  8.99 |  7.63 |  9.34 |  8.70 |  8.93 |  9.27 |  7.77 |  9.30 |  8.22 |  9.86 |
|        60 | 10.11 | 10.31 | 10.46 | 9.36 | 11.40 |  8.86 |  9.93 |  9.46 | 10.36 | 10.28 |  8.74 | 9.49 |  9.91 | 10.28 | 10.88 | 10.68 | 10.58 |  8.99 | 10.38 | 10.74 |  9.83 |  9.86 | 10.92 | 9.19 |  9.85 | 10.28 | 10.25 | 11.68 |  9.10 | 10.17 |  9.63 |  9.43 | 11.19 |  9.76 |  9.96 |  9.98 |  9.59 | 10.57 |  8.89 | 10.78 |
|        63 |  9.67 | 10.31 | 10.42 | 9.93 | 10.74 | 10.16 |  9.70 | 10.78 | 10.38 | 10.47 |  8.66 | 9.26 | 10.17 | 10.75 | 11.08 | 11.19 | 10.78 |  9.46 | 10.46 | 10.76 | 10.65 | 10.22 | 10.82 | 9.18 |  9.90 |  9.85 | 11.16 | 12.03 |  8.58 |  8.87 |  9.01 |  9.96 | 11.29 | 10.44 | 10.46 | 10.10 | 10.25 | 10.76 | 10.13 | 10.39 |
|        66 |  9.11 |  8.69 |  9.49 | 8.48 |  9.45 |  8.91 |  8.77 |  9.99 |  8.23 |  8.45 |  8.54 | 8.30 |  9.91 |  8.67 |  9.81 | 10.02 |  9.05 |  9.08 |  9.53 |  9.64 |  9.54 |  9.30 |  8.66 | 8.65 |  8.91 |  8.62 | 10.23 | 10.56 |  7.86 |  8.05 |  8.78 |  9.25 | 10.40 |  9.51 |  8.65 |  9.59 |  9.53 |  8.93 |  8.51 | 10.00 |
|        69 |  8.48 |  7.76 |  9.07 | 7.47 |  8.89 |  8.21 |  7.99 |  9.16 |  8.12 |  7.75 |  8.12 | 8.06 |  9.54 |  8.32 |  8.78 |  9.42 |  8.50 |  8.76 |  8.57 |  8.57 |  8.16 |  8.90 |  7.93 | 8.39 |  8.44 |  7.96 |  9.57 |  9.96 |  6.23 |  8.00 |  8.17 |  8.48 |  9.77 |  8.75 |  8.52 |  9.39 |  8.75 |  7.84 |  7.45 |  9.56 |
|        72 |  7.73 |  7.61 |  8.28 | 7.17 |  8.38 |  7.99 |  7.77 |  8.76 |  8.21 |  7.65 |  7.56 | 7.86 |  8.39 |  8.27 |  8.07 |  8.35 |  8.31 |  8.76 |  7.17 |  8.75 |  8.28 |  8.76 |  7.48 | 5.24 |  7.72 |  7.17 |  8.80 |  9.58 |  4.92 |  7.79 |  6.21 |  7.46 |  9.85 |  7.96 |  8.26 |  8.62 |  8.30 |  7.90 |  6.99 |  8.93 |
|        78 |  4.97 |  6.79 |  7.13 | 6.85 |  7.51 |  4.50 |  7.32 |  8.16 |  7.43 |  7.37 |  6.20 | 6.49 |  7.63 |  5.85 |  6.05 |  8.20 |  5.55 |  7.28 |  7.10 |  6.22 |  7.19 |  7.07 |  6.45 | 2.09 |  6.75 |  5.57 |  6.50 |  8.04 |  2.27 |  6.54 |  3.29 |  6.25 |  7.32 |  5.64 |  7.65 |  6.66 |  7.49 |  6.95 |  7.08 |  8.05 |
|        84 |  6.04 |  6.98 |  8.54 | 6.68 |  8.45 |  5.57 | 10.47 |  7.58 |  6.81 |  6.08 |  6.38 | 7.26 |  9.20 |  7.22 |  8.42 |  8.44 |  6.93 |  6.99 |  7.56 |  6.58 |  7.78 |  8.05 |  8.54 | 4.27 |  7.16 |  9.05 |  7.46 |  7.99 |  5.68 |  7.06 |  7.85 |  5.31 |  8.94 |  6.86 |  7.91 |  7.32 |  6.93 |  7.87 |  7.68 |  7.02 |
|        90 |  3.61 |  4.46 |  6.54 | 4.20 |  6.39 |  3.02 |  8.53 |  5.75 |  4.80 |  4.34 |  3.62 | 4.19 |  8.53 |  5.66 |  6.09 |  5.56 |  4.74 |  4.39 |  4.83 |  4.30 |  5.30 |  6.18 |  6.63 | 2.65 |  6.65 |  8.07 |  4.93 |  5.79 |  3.39 |  4.31 |  4.47 |  4.34 |  6.64 |  4.52 |  5.17 |  4.96 |  3.88 |  5.29 |  6.03 |  5.63 |
|        96 |  2.58 |  1.82 |  3.65 | 2.38 |  4.10 |  0.63 |  7.46 |  3.96 |  2.51 |  2.13 |  2.37 | 1.66 |  7.79 |  3.22 |  2.49 |  3.47 |  2.07 |  2.38 |  2.27 |  1.89 |  2.92 |  3.99 |  3.38 | 1.96 |  4.11 |  5.47 |  2.71 |  4.13 |  1.87 |  2.25 |  1.68 |  2.18 |  4.31 |  1.46 |  3.37 |  2.07 |  1.60 |  3.17 |  3.28 |  2.73 |
|       102 |  0.26 |  2.29 |  2.04 | 0.58 |  1.90 | -0.04 |  3.19 |  1.73 |  2.97 |  1.03 |  0.43 | 1.42 |  4.90 |  1.75 |  0.34 |  2.70 | -0.44 |  0.30 |  0.85 |  1.82 |  1.23 |  1.11 |  2.34 | 1.12 |  3.22 |  3.35 |  2.54 |  3.58 |  0.06 |  0.34 | -0.16 |  0.37 |  1.92 |  0.73 |  0.86 |  0.86 | -0.08 |  1.51 |  1.46 |  1.00 |
|       108 |  3.38 |  6.32 |  5.45 | 3.85 |  4.84 |  3.92 |  4.88 |  5.03 |  5.54 |  5.10 |  3.99 | 5.39 |  5.55 |  5.15 |  5.16 |  5.35 |  4.73 |  4.32 |  5.39 |  5.75 |  3.91 |  5.10 |  5.33 | 4.97 |  5.30 |  6.45 |  4.65 |  5.03 |  2.95 |  6.71 |  4.21 |  4.00 |  4.64 |  4.61 |  4.10 |  4.86 |  5.40 |  4.54 |  3.83 |  5.97 |
|       114 |  1.15 |  3.27 |  3.29 | 1.62 |  2.70 |  1.02 |  3.05 |  2.63 |  3.78 |  1.84 |  1.91 | 2.36 |  4.27 |  2.02 |  3.42 |  2.40 |  2.28 |  1.90 |  2.50 |  2.84 |  0.47 |  3.59 |  1.42 | 1.74 |  3.48 |  2.79 |  2.00 |  2.90 |  0.53 |  3.95 |  1.87 |  1.60 |  2.44 |  1.22 |  2.01 |  1.79 |  3.18 |  2.74 |  1.91 |  3.55 |
|       120 | -0.49 |  2.53 |  0.87 | 0.02 |  0.93 | -0.57 |  1.39 | -0.13 |  2.16 | -0.04 | -0.62 | 0.04 |  0.85 |  0.10 |  0.76 | -0.11 | -0.79 | -0.43 |  0.10 |  0.53 | -1.34 |  0.39 | -0.36 |   -0 | -0.48 |  0.50 | -0.01 |  0.96 | -1.55 |  1.50 | -0.42 | -0.65 | -0.32 | -0.78 | -0.25 | -0.80 | -0.26 |  0.61 | -0.29 |  0.17 |
