# variable: Direct Downward Shortwave Radiation, Average of Time Interval before fcst_hour
# units: W/m^2
# 
| fcst_hour |      1 |      2 |      3 |      4 |      5 |      6 |      7 |      8 |      9 |     10 |     11 |     12 |     13 |     14 |     15 |     16 |     17 |     18 |     19 |     20 |     21 |     22 |     23 |     24 |     25 |     26 |     27 |     28 |     29 |     30 |     31 |     32 |     33 |     34 |     35 |     36 |     37 |     38 |     39 |     40 |
|         1 |      0 |      0 |      0 |      0 |      0 |      0 |      0 |      0 |      0 |      0 |      0 |      0 |      0 |      0 |      0 |      0 |      0 |      0 |      0 |      0 |      0 |      0 |      0 |      0 |      0 |      0 |      0 |      0 |      0 |      0 |      0 |      0 |      0 |      0 |      0 |      0 |      0 |      0 |      0 |      0 |
|         2 |      0 |      0 |      0 |      0 |      0 |      0 |      0 |      0 |      0 |      0 |      0 |      0 |      0 |      0 |      0 |      0 |      0 |      0 |      0 |      0 |      0 |      0 |      0 |      0 |      0 |      0 |      0 |      0 |      0 |      0 |      0 |      0 |      0 |      0 |      0 |      0 |      0 |      0 |      0 |      0 |
|         3 |      0 |      0 |      0 |      0 |      0 |      0 |      0 |      0 |      0 |      0 |      0 |      0 |      0 |      0 |      0 |      0 |      0 |      0 |      0 |      0 |      0 |      0 |      0 |      0 |      0 |      0 |      0 |      0 |      0 |      0 |      0 |      0 |      0 |      0 |      0 |      0 |      0 |      0 |      0 |      0 |
|         4 |      0 |      0 |      0 |      0 |      0 |      0 |      0 |      0 |      0 |      0 |      0 |      0 |      0 |      0 |      0 |      0 |      0 |      0 |      0 |      0 |      0 |      0 |      0 |      0 |      0 |      0 |      0 |      0 |      0 |      0 |      0 |      0 |      0 |      0 |      0 |      0 |      0 |      0 |      0 |      0 |
|         5 |      0 |      0 |      0 |      0 |      0 |      0 |      0 |      0 |      0 |      0 |      0 |      0 |      0 |      0 |      0 |      0 |      0 |      0 |      0 |      0 |      0 |      0 |      0 |      0 |      0 |      0 |      0 |      0 |      0 |      0 |      0 |      0 |      0 |      0 |      0 |      0 |      0 |      0 |      0 |      0 |
|         6 |      0 |      0 |      0 |      0 |      0 |      0 |      0 |      0 |      0 |      0 |      0 |      0 |      0 |      0 |      0 |      0 |      0 |      0 |      0 |      0 |      0 |      0 |      0 |      0 |      0 |      0 |      0 |      0 |      0 |      0 |      0 |      0 |      0 |      0 |      0 |      0 |      0 |      0 |      0 |      0 |
|         7 |   0.20 |      0 |      0 |   0.20 |   0.10 |      0 |   0.20 |   0.50 |   0.50 |   0.40 |      0 |   0.10 |   0.40 |      0 |   0.50 |   1.50 |   0.40 |      0 |   0.70 |   0.40 |   0.20 |   0.30 |   0.30 |   0.10 |   0.20 |   2.50 |      0 |   0.30 |   2.00 |   0.10 |   0.10 |   0.40 |   0.60 |   0.70 |      0 |   0.40 |      0 |      0 |   0.20 |      0 |
|         8 |   0.80 |      0 |   2.20 |   4.50 |   2.90 |   1.50 |   3.20 |   6.60 |   8.10 |   5.30 |   1.70 |   0.30 |   3.20 |   3.30 |   9.20 |  25.90 |   3.30 |   0.40 |  10.50 |   7.10 |   4.80 |   2.90 |   0.50 |   2.00 |   0.50 |  32.00 |   3.00 |   2.40 |  29.60 |   1.90 |   8.10 |   4.00 |  12.70 |  11.70 |   0.20 |   6.20 |  12.60 |   0.30 |      0 |   0.80 |
|         9 |   1.10 |      0 |  10.50 |  16.30 |  15.60 |  10.70 |  43.40 |  14.00 |  34.10 |  14.90 |  39.60 |  18.70 |  32.80 |  15.30 |  31.50 | 102.90 |  17.10 |  35.10 |  25.70 |  47.60 |  15.60 |  18.80 |  14.20 |   1.60 |   4.40 |  66.20 |  58.20 |  27.10 |  79.90 |   5.60 |  53.20 |  10.10 |  49.20 |  50.90 |   9.40 |  23.90 | 100.20 |  18.70 |   9.10 |   6.00 |
|        10 |  38.20 |  24.70 |  55.70 |  72.60 |  38.20 |  76.90 | 137.20 |  18.00 |  79.30 |  52.90 | 136.90 |  26.40 | 105.30 |  80.40 |  79.00 | 185.60 |  48.10 | 147.50 |  60.70 | 106.80 |  40.00 |  98.80 |  30.50 |  38.40 |  31.10 |  54.70 | 166.50 | 120.70 | 128.60 |  24.40 |  88.60 |  37.80 | 105.60 | 136.20 |  56.00 |  60.50 | 198.40 |  37.50 |  34.00 |   6.90 |
|        11 |  80.20 |  84.00 |  88.50 | 167.50 |  65.50 | 129.20 | 153.30 |  73.60 |  95.80 | 119.20 | 163.90 |  71.20 | 127.30 | 131.60 | 112.60 | 219.70 |  65.90 | 146.10 | 100.20 | 156.20 | 119.50 | 193.30 |  78.60 |  67.70 |  87.70 | 112.60 | 167.20 | 194.50 | 136.90 |  70.80 | 127.80 |  91.20 | 100.90 | 173.80 |  93.40 | 112.30 | 235.30 |  81.40 |  96.40 |  67.60 |
|        12 | 100.60 | 121.30 |  79.20 | 154.80 |  99.10 | 138.20 | 137.80 | 114.40 |  95.60 | 119.40 | 152.50 | 144.10 | 141.00 | 132.30 | 109.80 | 209.70 | 100.80 | 149.10 | 127.90 | 187.60 | 134.10 | 182.50 | 126.60 | 109.70 | 103.50 | 149.00 | 155.90 | 191.30 | 140.90 | 103.90 | 128.10 | 160.70 |  97.60 | 173.10 | 143.40 | 136.20 | 194.30 | 111.40 | 134.10 | 138.40 |
|        13 |  87.60 | 122.60 |  84.90 | 162.40 |  98.20 | 147.40 | 130.00 | 128.50 | 105.90 | 124.70 | 100.30 | 127.60 | 114.40 | 127.00 | 102.80 | 150.10 | 120.20 | 142.70 | 120.70 | 136.90 | 102.40 | 120.80 | 117.00 | 121.90 |  97.10 | 112.80 | 133.00 | 133.50 |  98.20 | 107.70 | 126.00 | 135.50 | 108.00 | 123.30 | 144.50 | 123.30 | 117.20 | 119.40 | 111.20 | 150.60 |
|        14 |  58.50 |  78.70 |  81.80 | 107.20 |  59.90 |  93.80 |  93.20 |  95.90 |  72.30 |  75.30 |  65.60 |  87.10 |  74.50 |  77.90 |  82.60 |  73.90 |  74.20 |  82.50 |  91.10 |  84.50 |  74.10 |  89.20 |  70.50 |  84.10 |  91.10 |  48.40 |  84.80 |  84.40 |  57.60 |  76.50 |  73.50 |  82.10 |  82.10 |  60.80 |  96.00 |  90.00 |  62.40 |  75.00 |  56.10 |  81.90 |
|        15 |  16.50 |  22.40 |  20.20 |  29.00 |  20.00 |  27.00 |  20.80 |  26.90 |  20.70 |  18.40 |  23.00 |  26.30 |  26.50 |  21.70 |  27.30 |  17.70 |  20.50 |  24.00 |  26.30 |  22.80 |  22.60 |  28.10 |  16.90 |  21.00 |  27.50 |  13.50 |  24.20 |  27.00 |  17.20 |  10.80 |  17.20 |  24.40 |  27.00 |  14.30 |  25.20 |  25.40 |  21.70 |  22.20 |  18.40 |  16.80 |
|        16 |   0.50 |   0.50 |   0.20 |   0.50 |   0.40 |   0.50 |   0.30 |   0.40 |   0.30 |   0.20 |   0.20 |   0.50 |   0.40 |   0.40 |   0.50 |   0.30 |   0.40 |   0.40 |   0.50 |   0.50 |   0.50 |   0.50 |   0.20 |   0.30 |   0.40 |   0.40 |   0.50 |   0.50 |   0.40 |      0 |   0.30 |   0.40 |   0.40 |   0.20 |   0.40 |   0.40 |   0.20 |   0.40 |   0.20 |   0.40 |
|        17 |      0 |      0 |      0 |   0.10 |      0 |      0 |   0.10 |      0 |      0 |      0 |   0.10 |      0 |   0.10 |      0 |      0 |   0.10 |      0 |      0 |      0 |      0 |      0 |      0 |      0 |      0 |      0 |      0 |      0 |      0 |      0 |      0 |      0 |      0 |      0 |      0 |   0.10 |      0 |   0.10 |      0 |      0 |      0 |
|        18 |      0 |      0 |      0 |      0 |      0 |      0 |      0 |      0 |      0 |      0 |      0 |   0.10 |      0 |      0 |   0.10 |      0 |   0.10 |      0 |      0 |   0.10 |   0.10 |   0.10 |   0.10 |      0 |      0 |   0.10 |      0 |      0 |      0 |      0 |      0 |      0 |      0 |      0 |      0 |      0 |      0 |      0 |      0 |      0 |
|        19 |      0 |      0 |      0 |      0 |      0 |      0 |      0 |      0 |      0 |      0 |      0 |      0 |      0 |      0 |      0 |      0 |      0 |      0 |      0 |      0 |      0 |      0 |      0 |      0 |      0 |      0 |      0 |      0 |      0 |      0 |      0 |      0 |      0 |      0 |      0 |      0 |      0 |   0.10 |      0 |      0 |
|        20 |      0 |      0 |      0 |      0 |      0 |      0 |      0 |      0 |      0 |      0 |   0.10 |      0 |      0 |      0 |      0 |      0 |   0.10 |      0 |      0 |      0 |      0 |      0 |      0 |      0 |      0 |      0 |      0 |      0 |      0 |      0 |      0 |      0 |      0 |      0 |      0 |      0 |      0 |      0 |      0 |      0 |
|        21 |      0 |      0 |      0 |      0 |   0.10 |      0 |      0 |      0 |      0 |      0 |      0 |      0 |      0 |      0 |   0.10 |   0.10 |      0 |      0 |      0 |      0 |      0 |      0 |      0 |      0 |      0 |      0 |      0 |      0 |      0 |      0 |   0.10 |      0 |      0 |      0 |      0 |      0 |      0 |      0 |      0 |      0 |
|        22 |      0 |   0.10 |      0 |      0 |      0 |      0 |   0.10 |      0 |      0 |      0 |      0 |      0 |   0.10 |      0 |      0 |      0 |      0 |      0 |   0.10 |      0 |      0 |      0 |      0 |   0.10 |      0 |      0 |      0 |      0 |      0 |   0.10 |      0 |      0 |      0 |      0 |      0 |      0 |      0 |      0 |   0.10 |      0 |
|        23 |      0 |      0 |      0 |      0 |      0 |      0 |      0 |      0 |      0 |   0.10 |      0 |      0 |      0 |   0.10 |      0 |      0 |      0 |      0 |      0 |      0 |      0 |      0 |      0 |      0 |      0 |   0.10 |      0 |      0 |      0 |      0 |      0 |      0 |      0 |   0.10 |   0.10 |   0.10 |      0 |      0 |      0 |      0 |
|        24 |      0 |      0 |      0 |   0.10 |      0 |      0 |      0 |      0 |      0 |      0 |      0 |      0 |      0 |      0 |      0 |      0 |      0 |      0 |      0 |      0 |      0 |      0 |      0 |      0 |      0 |      0 |      0 |      0 |      0 |      0 |   0.10 |      0 |      0 |      0 |      0 |      0 |      0 |      0 |      0 |   0.10 |
|        25 |      0 |   0.10 |   0.10 |      0 |   0.10 |      0 |      0 |      0 |   0.10 |      0 |      0 |      0 |      0 |      0 |      0 |      0 |      0 |      0 |   0.10 |      0 |      0 |   0.10 |      0 |      0 |      0 |   0.10 |      0 |      0 |      0 |      0 |      0 |      0 |      0 |      0 |   0.10 |      0 |      0 |      0 |      0 |      0 |
|        26 |      0 |      0 |      0 |      0 |      0 |      0 |      0 |   0.10 |      0 |      0 |      0 |      0 |      0 |      0 |      0 |      0 |   0.10 |   0.10 |      0 |   0.10 |      0 |      0 |      0 |      0 |      0 |      0 |      0 |      0 |      0 |      0 |      0 |      0 |      0 |      0 |      0 |   0.10 |      0 |      0 |      0 |      0 |
|        27 |      0 |      0 |      0 |      0 |   0.10 |      0 |      0 |      0 |      0 |      0 |      0 |      0 |      0 |      0 |      0 |      0 |      0 |      0 |      0 |      0 |      0 |      0 |      0 |      0 |   0.10 |      0 |      0 |      0 |      0 |      0 |      0 |      0 |      0 |      0 |      0 |      0 |      0 |      0 |   0.10 |      0 |
|        28 |      0 |      0 |      0 |      0 |      0 |      0 |   0.10 |      0 |      0 |      0 |   0.10 |      0 |      0 |   0.10 |      0 |      0 |      0 |      0 |      0 |      0 |      0 |      0 |      0 |      0 |      0 |   0.10 |   0.10 |      0 |      0 |      0 |   0.10 |      0 |   0.10 |      0 |      0 |      0 |      0 |   0.10 |      0 |      0 |
|        29 |      0 |      0 |      0 |      0 |      0 |      0 |      0 |      0 |      0 |      0 |      0 |      0 |      0 |      0 |      0 |      0 |      0 |      0 |      0 |      0 |      0 |      0 |      0 |      0 |      0 |      0 |      0 |      0 |      0 |      0 |      0 |      0 |      0 |      0 |      0 |      0 |      0 |      0 |      0 |      0 |
|        30 |      0 |   0.10 |   0.10 |      0 |      0 |      0 |      0 |      0 |   0.10 |      0 |      0 |   0.10 |      0 |      0 |      0 |   0.10 |      0 |      0 |      0 |   0.10 |      0 |      0 |      0 |      0 |      0 |      0 |      0 |      0 |      0 |      0 |      0 |      0 |      0 |      0 |      0 |      0 |      0 |      0 |      0 |      0 |
|        31 |   2.80 |   3.00 |   1.90 |   2.40 |   3.30 |   3.20 |   3.00 |   2.20 |   1.70 |   0.90 |   0.60 |   2.80 |   2.70 |   3.10 |   3.30 |   1.20 |   1.30 |   0.40 |   3.10 |   2.50 |   0.40 |   3.40 |   2.90 |   3.40 |   2.90 |   3.30 |   2.10 |   2.80 |   3.10 |   0.40 |   2.60 |   2.80 |   2.00 |   2.20 |   1.10 |   1.00 |   2.30 |   2.80 |   1.80 |   1.00 |
|        32 |  39.70 |  43.60 |  35.00 |  39.90 |  46.00 |  46.30 |  41.90 |  31.60 |  20.80 |  22.50 |  15.70 |  45.80 |  41.30 |  45.30 |  46.00 |  22.00 |  17.70 |  22.40 |  39.10 |  32.90 |  12.70 |  47.90 |  43.50 |  47.80 |  41.60 |  46.20 |  32.50 |  42.70 |  45.40 |  18.60 |  41.90 |  43.10 |  33.40 |  31.00 |  19.40 |  36.20 |  31.20 |  41.80 |  23.30 |  29.30 |
|        33 | 111.40 | 119.90 | 109.30 | 108.40 | 121.40 | 120.20 |  81.60 |  45.40 |  39.30 |  87.70 |  59.90 | 118.50 | 120.10 | 102.20 | 120.00 |  90.40 |  91.50 | 111.90 |  61.40 |  70.20 |  72.90 | 118.30 | 114.30 | 122.70 | 106.90 | 120.90 |  50.90 | 120.10 | 109.10 |  58.30 | 122.90 | 117.40 | 113.50 |  64.50 |  96.40 |  94.70 |  98.80 | 120.20 |  58.60 |  97.70 |
|        34 | 175.80 | 156.40 | 141.30 | 135.00 | 184.20 | 182.00 | 146.80 |  92.90 |  16.90 | 126.50 |  51.20 | 177.40 | 164.80 |  89.20 | 179.80 | 143.30 | 134.30 | 177.00 | 134.70 |  74.00 | 111.10 | 179.90 | 134.20 | 184.70 | 157.60 | 182.60 | 104.30 | 182.20 | 139.70 |  61.40 | 184.80 | 178.20 | 148.90 |  53.30 | 125.70 |  63.60 | 176.10 | 185.10 | 109.00 | 157.00 |
|        35 | 174.30 | 171.30 | 127.30 | 149.90 | 218.00 | 189.90 | 180.40 | 107.70 |  22.90 | 149.60 |  50.70 | 174.80 | 154.00 |  97.40 | 200.10 | 116.40 |  95.80 | 201.10 | 169.90 |  78.60 |  94.30 | 218.80 | 103.60 | 217.30 | 208.30 | 215.80 | 167.30 | 216.00 | 160.60 |  98.50 | 219.70 | 208.00 | 146.00 |  57.80 |  87.60 |  44.80 | 208.40 | 218.30 | 156.00 | 106.30 |
|        36 | 186.00 |  90.80 |  79.20 | 183.90 | 212.70 | 162.40 | 150.70 | 101.00 |  42.30 | 147.70 |  57.70 |  97.70 | 133.60 |  45.20 | 123.10 | 129.40 |  44.40 | 164.10 | 131.80 | 112.50 |  64.50 | 178.70 | 140.40 | 209.40 | 145.30 | 210.40 | 207.10 | 210.30 |  73.50 | 147.20 | 207.40 |  85.90 | 175.90 |  24.30 |  72.60 |  19.70 | 199.60 | 208.00 | 147.30 |  65.70 |
|        37 | 117.90 |  20.20 |  55.10 | 107.70 | 171.20 | 138.70 | 104.00 |  65.60 |  84.10 |  36.00 |  19.30 |  37.20 |  53.20 |  14.20 |  98.90 | 111.60 |  33.20 |  74.40 | 129.70 |  93.60 |  25.30 | 124.70 | 152.50 | 156.10 |  40.30 | 168.30 | 166.90 | 125.70 |  78.30 | 136.70 | 157.80 |  39.90 | 110.20 |  16.00 |  40.00 |   2.30 | 152.30 | 136.80 |  87.10 |  13.00 |
|        38 |  22.10 |   7.70 |  21.10 |  45.10 |  99.90 |  54.80 |   5.00 |  13.70 |  38.30 |   8.00 |   1.30 |  17.00 |  15.30 |   5.40 |  78.90 |  27.10 |   4.00 |   9.40 |  79.20 |  47.10 |   9.80 |  29.20 |  88.70 |  94.40 |   2.20 |  96.20 |  99.70 |  34.60 |  47.60 |  54.00 |  96.20 |   6.20 |  45.20 |  21.80 |  11.30 |   5.40 |  72.60 |  63.70 |  25.20 |  33.00 |
|        39 |   0.90 |   0.10 |   6.90 |   2.90 |  25.40 |  15.80 |   2.50 |   1.40 |   6.20 |   0.30 |   0.10 |   3.20 |   1.30 |   0.20 |  21.00 |   2.80 |   0.40 |   1.40 |  21.90 |   6.40 |   0.40 |   3.30 |  22.00 |  19.40 |   1.00 |  20.30 |  25.50 |   2.20 |   5.20 |  14.00 |  22.40 |   0.50 |  15.20 |   2.20 |   4.40 |   1.70 |  15.10 |   9.20 |   2.50 |   6.10 |
|        40 |      0 |      0 |      0 |      0 |   0.30 |   0.20 |   0.10 |      0 |      0 |      0 |      0 |      0 |      0 |      0 |   0.30 |   0.10 |   0.10 |      0 |   0.30 |      0 |      0 |      0 |   0.10 |      0 |   0.10 |   0.30 |   0.30 |   0.30 |      0 |   0.10 |   0.20 |   0.10 |   0.10 |      0 |   0.10 |      0 |   0.20 |      0 |      0 |   0.10 |
|        41 |   0.10 |   0.10 |      0 |      0 |      0 |      0 |      0 |      0 |   0.10 |      0 |      0 |      0 |      0 |      0 |      0 |      0 |   0.10 |   0.10 |      0 |      0 |      0 |      0 |   0.10 |   0.10 |      0 |      0 |   0.10 |      0 |      0 |      0 |      0 |      0 |      0 |      0 |      0 |   0.10 |      0 |   0.10 |      0 |      0 |
|        42 |      0 |      0 |      0 |   0.10 |   0.10 |      0 |      0 |      0 |      0 |      0 |      0 |   0.10 |      0 |   0.10 |      0 |   0.10 |      0 |      0 |   0.10 |      0 |   0.10 |      0 |      0 |      0 |      0 |      0 |      0 |   0.10 |      0 |   0.10 |      0 |      0 |   0.10 |   0.10 |   0.10 |      0 |   0.10 |      0 |      0 |      0 |
|        43 |      0 |      0 |   0.10 |      0 |      0 |      0 |   0.10 |      0 |      0 |   0.10 |      0 |      0 |      0 |      0 |      0 |      0 |      0 |      0 |      0 |   0.10 |      0 |   0.10 |      0 |      0 |      0 |      0 |      0 |      0 |      0 |      0 |   0.20 |      0 |      0 |   0.10 |      0 |      0 |      0 |      0 |      0 |   0.10 |
|        44 |      0 |      0 |      0 |      0 |      0 |      0 |      0 |      0 |      0 |      0 |      0 |      0 |      0 |      0 |      0 |   0.10 |      0 |   0.10 |   0.10 |      0 |   0.10 |      0 |      0 |      0 |   0.10 |      0 |      0 |   0.10 |      0 |      0 |      0 |      0 |      0 |      0 |      0 |      0 |      0 |   0.10 |      0 |      0 |
|        45 |      0 |      0 |   0.10 |      0 |   0.10 |      0 |      0 |      0 |   0.10 |      0 |      0 |      0 |   0.10 |      0 |      0 |      0 |      0 |      0 |      0 |      0 |      0 |      0 |   0.10 |      0 |      0 |      0 |   0.10 |      0 |      0 |      0 |      0 |      0 |      0 |      0 |      0 |      0 |      0 |      0 |   0.10 |   0.10 |
|        46 |      0 |      0 |      0 |      0 |      0 |   0.10 |      0 |   0.10 |      0 |      0 |   0.10 |   0.10 |      0 |   0.10 |   0.10 |      0 |      0 |      0 |      0 |      0 |      0 |      0 |      0 |      0 |      0 |      0 |      0 |      0 |   0.10 |   0.10 |   0.10 |      0 |      0 |      0 |      0 |      0 |      0 |      0 |   0.10 |      0 |
|        47 |      0 |   0.10 |   0.10 |   0.10 |   0.10 |      0 |      0 |   0.10 |      0 |   0.10 |   0.10 |   0.10 |   0.10 |      0 |      0 |      0 |   0.10 |      0 |      0 |      0 |      0 |      0 |      0 |      0 |      0 |      0 |   0.10 |   0.10 |      0 |      0 |      0 |      0 |   0.10 |   0.10 |   0.10 |   0.10 |   0.20 |      0 |      0 |      0 |
|        48 |      0 |      0 |      0 |      0 |      0 |   0.10 |      0 |      0 |      0 |      0 |      0 |      0 |      0 |   0.10 |      0 |      0 |      0 |      0 |      0 |      0 |      0 |      0 |      0 |   0.10 |   0.10 |      0 |      0 |      0 |   0.10 |   0.10 |      0 |   0.10 |      0 |      0 |      0 |      0 |      0 |      0 |   0.10 |      0 |
|        51 |      0 |      0 |      0 |      0 |      0 |      0 |      0 |      0 |      0 |      0 |      0 |      0 |      0 |      0 |      0 |      0 |      0 |      0 |      0 |      0 |      0 |      0 |      0 |      0 |      0 |      0 |      0 |      0 |      0 |      0 |      0 |      0 |      0 |      0 |      0 |      0 |      0 |      0 |      0 |      0 |
|        54 |      0 |      0 |      0 |      0 |      0 |      0 |      0 |      0 |      0 |      0 |      0 |      0 |      0 |      0 |      0 |      0 |      0 |      0 |      0 |      0 |      0 |      0 |      0 |   0.10 |      0 |      0 |      0 |      0 |      0 |      0 |      0 |      0 |      0 |      0 |      0 |      0 |      0 |      0 |      0 |      0 |
|        57 |  51.60 |      0 |   0.10 |   0.40 |      0 |   0.40 |  48.90 |  43.50 |   4.40 |   0.40 |   2.90 |  53.60 |  23.70 |   6.40 |  20.30 |   2.10 |   4.60 |   1.80 |  25.10 |   2.80 |  19.40 |   0.60 |  47.30 |  20.50 |  24.30 |   6.80 |  11.30 |   0.20 |  37.20 |      0 |      0 |   0.40 |  22.00 |  19.10 |   4.00 |   2.80 |   9.40 |   0.20 |   2.10 |   9.10 |
|        60 | 207.20 |      0 |      0 |  40.20 |   1.20 |   0.80 | 190.30 | 163.90 |  55.40 |   1.30 |      0 | 203.90 | 120.80 |  11.40 |  66.60 |  28.60 |  11.00 |   1.90 |  53.80 |  74.00 | 119.90 |   2.30 | 199.20 | 174.00 |  98.50 |   6.60 |  27.00 |   0.60 | 156.60 |  20.20 |   2.50 |  30.20 | 160.00 |  84.10 |  29.10 |  10.90 |  15.20 |      0 |   0.40 |  62.40 |
|        63 |  84.90 |   0.20 |   1.60 |  60.10 |   3.80 |   0.40 |  89.90 |  45.80 |   7.10 |   5.30 |   0.20 |  79.90 |  27.50 |   4.20 |  13.60 |  26.30 |   7.00 |   9.40 |  19.30 |  73.50 |  24.30 |   2.40 |  95.10 |  80.30 |  36.70 |   0.10 |   2.80 |      0 |  70.80 |   3.20 |   1.00 |  14.00 |  66.40 |  37.90 |  35.60 |   1.80 |   1.40 |   0.40 |   2.60 |  29.30 |
|        66 |      0 |      0 |      0 |      0 |      0 |      0 |      0 |      0 |      0 |      0 |      0 |   0.10 |   0.10 |      0 |      0 |   0.10 |      0 |      0 |      0 |      0 |      0 |      0 |   0.10 |   0.10 |   0.10 |      0 |      0 |      0 |   0.10 |      0 |      0 |   0.10 |   0.10 |      0 |   0.10 |      0 |      0 |      0 |      0 |   0.10 |
|        69 |      0 |      0 |      0 |      0 |      0 |      0 |   0.10 |   0.10 |      0 |   0.10 |      0 |      0 |      0 |      0 |      0 |      0 |      0 |      0 |      0 |      0 |      0 |      0 |      0 |      0 |      0 |      0 |      0 |      0 |      0 |      0 |      0 |      0 |      0 |      0 |      0 |      0 |      0 |      0 |      0 |      0 |
|        72 |      0 |      0 |      0 |      0 |      0 |   0.10 |      0 |      0 |      0 |      0 |      0 |      0 |   0.10 |      0 |      0 |      0 |   0.10 |      0 |      0 |      0 |      0 |      0 |      0 |   0.10 |      0 |      0 |      0 |      0 |      0 |      0 |      0 |   0.10 |   0.10 |   0.10 |      0 |      0 |      0 |      0 |      0 |      0 |
|        78 |      0 |      0 |      0 |      0 |      0 |      0 |      0 |      0 |      0 |      0 |      0 |      0 |      0 |      0 |      0 |      0 |      0 |      0 |      0 |      0 |      0 |      0 |      0 |      0 |      0 |      0 |      0 |      0 |      0 |      0 |      0 |      0 |      0 |      0 |      0 |      0 |      0 |      0 |      0 |      0 |
|        84 |   1.30 |  23.00 | 106.10 |  35.90 |  23.40 |  12.50 |  11.70 |  36.00 |  67.20 |  24.40 |  31.50 |   1.70 |  55.80 |  42.50 |  87.50 |  10.70 |  89.60 | 106.60 |  58.10 |  25.90 |  18.30 |  50.50 |  86.70 |  53.60 |  52.20 | 104.50 |   5.60 |  32.60 |   5.60 | 112.50 |  30.10 |  98.80 |  12.10 |  18.60 |   7.80 |  40.90 |  63.70 |  51.00 |  51.50 | 118.60 |
|        90 |   1.00 |  16.60 |  37.70 |  39.80 |  11.60 |   2.90 |  23.60 |  34.70 |  31.80 |  13.40 |   9.90 |   0.60 |  14.90 |  12.70 |  32.80 |   5.80 |  35.00 |  43.60 |  25.40 |  13.80 |   8.40 |  24.70 |  42.00 |  37.60 |  31.40 |  37.00 |   9.30 |  24.90 |  16.00 |  40.30 |   4.70 |  11.00 |  18.80 |  13.30 |   1.10 |  18.90 |  23.00 |  32.40 |  22.10 |  46.40 |
|        96 |      0 |      0 |      0 |      0 |      0 |      0 |      0 |      0 |      0 |      0 |      0 |      0 |      0 |      0 |      0 |      0 |      0 |      0 |      0 |      0 |      0 |      0 |      0 |      0 |      0 |      0 |      0 |      0 |      0 |      0 |      0 |      0 |      0 |      0 |      0 |      0 |      0 |      0 |      0 |      0 |
|       102 |      0 |      0 |      0 |      0 |      0 |      0 |      0 |      0 |   0.10 |      0 |      0 |      0 |      0 |   0.10 |      0 |      0 |      0 |      0 |      0 |      0 |      0 |      0 |      0 |      0 |      0 |      0 |      0 |      0 |      0 |      0 |      0 |      0 |      0 |      0 |      0 |      0 |      0 |      0 |      0 |      0 |
|       108 |  77.50 |   0.30 |   6.40 |   0.70 |  21.70 |  39.90 |  38.60 |   9.70 |  13.20 |  25.20 |   0.30 |   7.70 |   3.70 |  20.30 |   7.60 |   2.80 |   6.50 |  43.40 |   4.20 |  47.60 | 107.50 |   5.90 |  20.20 |  23.50 |  18.70 |   0.60 |  38.80 |  22.00 |  39.60 |  28.00 |   0.30 |  18.20 |   3.80 |  22.00 |  10.20 |   7.80 |   9.40 |  18.40 | 122.00 |  30.00 |
|       114 |  20.00 |   0.30 |  18.80 |   0.60 |   3.20 |   9.50 |   9.50 |   1.30 |  15.20 |   2.80 |   1.10 |   2.10 |   1.80 |   0.40 |   0.30 |   6.00 |   2.30 |  20.80 |   1.10 |   8.60 |   5.60 |  22.10 |   5.50 |   3.30 |  11.80 |   2.80 |  14.40 |   4.20 |  19.00 |   5.00 |   0.70 |   3.40 |   6.30 |   4.20 |  17.00 |   1.80 |  13.50 |   7.80 |  33.10 |  16.70 |
|       120 |      0 |      0 |      0 |      0 |      0 |      0 |      0 |      0 |      0 |      0 |      0 |      0 |      0 |      0 |      0 |      0 |      0 |      0 |      0 |      0 |   0.10 |      0 |      0 |      0 |      0 |      0 |      0 |      0 |      0 |      0 |      0 |      0 |      0 |   0.10 |      0 |      0 |      0 |      0 |   0.10 |      0 |
