# variable: Temperature at 2m
# units: degree celsius
# 
| fcst_hour |    1 |    2 |    3 |    4 |    5 |     6 |    7 |    8 |    9 |   10 |   11 |   12 |    13 |   14 |   15 |   16 |   17 |   18 |   19 |   20 |   21 |   22 |   23 |   24 |   25 |   26 |   27 |   28 |   29 |    30 |    31 |   32 |   33 |   34 |   35 |   36 |    37 |    38 |   39 |   40 |
|         0 | 2.60 | 2.72 | 3.74 | 4.47 | 3.82 |  3.35 | 3.35 | 3.67 | 3.90 | 3.44 | 3.77 | 2.21 |  3.46 | 1.91 | 3.84 | 4.46 | 3.09 | 2.79 | 3.93 | 2.48 | 3.04 | 1.79 | 4.16 | 2.30 | 4.11 | 3.18 | 1.40 | 3.73 | 3.57 |  3.87 |  3.09 | 3.35 | 2.68 | 3.44 | 3.86 | 2.77 |  3.15 |  3.13 | 4.20 | 2.02 |
|         1 | 3.06 | 2.91 | 3.88 | 4.66 | 4.11 |  3.62 | 3.65 | 3.91 | 4.12 | 3.68 | 4.02 | 2.57 |  3.58 | 2.14 | 4.04 | 4.77 | 3.77 | 2.62 | 4.23 | 3.26 | 3.92 | 1.75 | 4.39 | 2.34 | 4.43 | 3.43 | 1.37 | 4.00 | 3.63 |  4.08 |  3.16 | 4.19 | 2.93 | 3.77 | 4.16 | 2.94 |  3.27 |  3.36 | 4.45 | 1.96 |
|         2 | 3.26 | 3.23 | 4.06 | 4.77 | 4.13 |  3.67 | 3.93 | 4.06 | 4.28 | 3.90 | 4.18 | 2.57 |  3.81 | 2.83 | 4.17 | 4.96 | 3.74 | 2.67 | 4.50 | 2.93 | 3.83 | 2.04 | 4.58 | 2.38 | 4.77 | 3.62 | 1.39 | 4.24 | 3.75 |  4.29 |  2.77 | 4.29 | 3.08 | 4.05 | 4.45 | 3.17 |  3.45 |  3.62 | 4.74 | 1.83 |
|         3 | 3.59 | 3.72 | 4.36 | 4.84 | 4.16 |  3.75 | 4.12 | 4.19 | 4.37 | 4.07 | 4.31 | 2.49 |  4.05 | 3.12 | 4.36 | 5.13 | 3.48 | 2.84 | 4.71 | 2.84 | 3.46 | 2.18 | 4.74 | 2.46 | 4.27 | 3.72 | 1.43 | 4.45 | 3.91 |  4.45 |  2.80 | 4.09 | 3.05 | 4.15 | 4.68 | 3.24 |  3.83 |  3.82 | 4.97 | 1.87 |
|         4 | 3.62 | 3.15 | 4.53 | 5.02 | 4.24 |  3.81 | 4.35 | 4.39 | 4.38 | 4.21 | 4.44 | 2.52 |  4.29 | 2.94 | 4.51 | 5.28 | 3.58 | 2.99 | 4.89 | 2.90 | 3.39 | 2.09 | 4.89 | 2.99 | 4.21 | 3.78 | 1.48 | 4.63 | 3.99 |  4.59 |  2.68 | 4.09 | 3.03 | 4.23 | 4.84 | 3.29 |  3.73 |  4.16 | 5.18 | 2.02 |
|         5 | 3.90 | 2.85 | 4.70 | 5.19 | 4.31 |  3.89 | 4.56 | 4.60 | 4.11 | 4.28 | 4.53 | 2.46 |  4.53 | 2.94 | 4.68 | 5.44 | 3.69 | 3.16 | 5.02 | 2.98 | 3.39 | 2.04 | 5.02 | 3.06 | 4.24 | 3.88 | 1.52 | 4.75 | 4.10 |  4.72 |  2.53 | 4.27 | 3.08 | 4.37 | 5.02 | 3.32 |  3.57 |  4.39 | 5.42 | 2.15 |
|         6 | 3.51 | 2.61 | 4.79 | 5.20 | 4.47 |  3.99 | 4.75 | 4.80 | 4.04 | 4.34 | 4.60 | 2.33 |  4.73 | 2.90 | 4.76 | 5.59 | 3.78 | 3.28 | 5.11 | 3.07 | 3.43 | 2.01 | 5.11 | 3.19 | 4.28 | 3.99 | 1.58 | 4.89 | 4.13 |  4.79 |  2.50 | 4.41 | 3.13 | 4.52 | 5.19 | 3.39 |  3.55 |  4.61 | 5.67 | 1.98 |
|         7 | 3.31 | 2.48 | 4.86 | 5.29 | 4.71 |  4.11 | 4.95 | 5.05 | 4.11 | 4.36 | 4.69 | 2.32 |  5.03 | 2.88 | 4.84 | 5.82 | 3.82 | 3.35 | 5.21 | 3.16 | 3.49 | 2.06 | 5.23 | 3.37 | 4.35 | 4.10 | 1.78 | 5.04 | 4.18 |  4.89 |  2.57 | 4.50 | 3.25 | 4.69 | 5.43 | 3.48 |  3.63 |  4.87 | 5.91 | 1.93 |
|         8 | 3.38 | 2.54 | 4.94 | 5.48 | 5.01 |  4.31 | 5.26 | 5.35 | 4.30 | 4.50 | 4.94 | 2.49 |  5.36 | 2.95 | 5.01 | 6.12 | 3.94 | 3.47 | 5.35 | 3.49 | 3.70 | 2.22 | 5.44 | 3.60 | 4.47 | 4.22 | 2.01 | 5.29 | 4.42 |  5.05 |  2.75 | 4.68 | 3.47 | 4.92 | 5.76 | 3.64 |  3.89 |  5.16 | 6.22 | 2.17 |
|         9 | 3.68 | 2.71 | 5.04 | 5.77 | 5.44 |  4.57 | 5.68 | 5.74 | 4.65 | 4.74 | 5.35 | 2.77 |  5.69 | 3.12 | 5.25 | 6.51 | 4.15 | 3.74 | 5.60 | 4.06 | 4.04 | 2.51 | 5.74 | 3.83 | 4.72 | 4.41 | 2.30 | 5.61 | 4.76 |  5.32 |  3.06 | 4.95 | 3.73 | 5.28 | 6.15 | 3.91 |  4.23 |  5.45 | 6.69 | 2.54 |
|        10 | 4.31 | 2.97 | 5.17 | 6.02 | 5.94 |  4.83 | 6.22 | 6.17 | 5.10 | 5.10 | 5.79 | 3.23 |  6.17 | 3.43 | 5.54 | 6.93 | 4.39 | 4.07 | 5.95 | 4.72 | 4.32 | 2.89 | 6.12 | 3.69 | 4.92 | 4.70 | 2.70 | 5.99 | 5.14 |  5.67 |  3.37 | 5.30 | 4.13 | 5.76 | 6.65 | 4.18 |  4.58 |  5.86 | 7.17 | 3.16 |
|        11 | 5.10 | 3.60 | 5.50 | 6.33 | 6.48 |  5.15 | 6.66 | 6.58 | 5.64 | 5.44 | 6.23 | 3.56 |  6.71 | 3.95 | 5.92 | 7.38 | 4.60 | 4.52 | 6.49 | 5.13 | 4.56 | 3.40 | 6.44 | 3.85 | 5.27 | 4.97 | 3.03 | 6.46 | 5.52 |  6.32 |  3.82 | 5.69 | 4.61 | 6.31 | 7.10 | 4.42 |  4.98 |  6.65 | 7.65 | 3.58 |
|        12 | 6.34 | 4.44 | 6.05 | 6.77 | 6.91 |  5.61 | 7.08 | 7.01 | 6.06 | 5.83 | 6.68 | 4.14 |  7.11 | 4.63 | 6.42 | 7.83 | 4.83 | 5.21 | 6.95 | 5.39 | 4.78 | 3.85 | 6.67 | 4.33 | 5.59 | 5.35 | 3.53 | 6.91 | 5.89 |  6.89 |  4.47 | 6.15 | 5.25 | 6.76 | 7.49 | 4.66 |  5.19 |  7.36 | 8.14 | 4.24 |
|        13 | 6.86 | 5.30 | 6.71 | 7.27 | 7.35 |  6.20 | 7.47 | 7.42 | 6.41 | 6.24 | 7.12 | 5.06 |  7.46 | 5.51 | 6.68 | 8.18 | 5.13 | 5.81 | 7.36 | 5.56 | 5.08 | 5.30 | 6.95 | 4.81 | 6.00 | 5.86 | 4.50 | 7.37 | 6.28 |  7.50 |  5.30 | 6.73 | 6.30 | 7.12 | 7.80 | 4.94 |  5.36 |  7.92 | 8.36 | 4.99 |
|        14 | 6.83 | 5.75 | 7.32 | 7.63 | 7.49 |  6.82 | 7.62 | 7.55 | 6.69 | 6.58 | 7.38 | 5.87 |  7.76 | 6.03 | 6.76 | 8.29 | 5.45 | 6.09 | 7.61 | 5.68 | 5.45 | 5.38 | 7.14 | 5.27 | 6.32 | 6.13 | 4.45 | 7.63 | 6.69 |  7.97 |  5.84 | 7.09 | 6.14 | 7.27 | 8.05 | 5.20 |  5.54 |  7.96 | 8.46 | 6.17 |
|        15 | 6.43 | 5.75 | 7.50 | 7.66 | 7.48 |  6.86 | 7.54 | 7.61 | 7.01 | 6.85 | 7.56 | 6.04 |  7.79 | 5.97 | 6.74 | 8.17 | 5.79 | 6.16 | 7.70 | 5.75 | 5.71 | 5.64 | 7.13 | 6.03 | 6.45 | 6.50 | 5.32 | 7.68 | 6.96 |  7.94 |  6.27 | 7.27 | 6.19 | 7.26 | 8.03 | 5.37 |  5.66 |  7.74 | 8.35 | 5.77 |
|        16 | 5.81 | 5.73 | 7.43 | 7.63 | 7.28 |  6.85 | 7.46 | 7.54 | 6.93 | 7.06 | 7.60 | 6.03 |  7.55 | 5.28 | 6.77 | 8.03 | 6.14 | 5.95 | 7.79 | 5.71 | 6.69 | 5.43 | 7.02 | 6.32 | 6.41 | 6.96 | 5.08 | 7.60 | 7.05 |  7.70 |  5.98 | 7.45 | 6.19 | 7.23 | 7.88 | 5.57 |  5.81 |  7.31 | 8.13 | 5.71 |
|        17 | 5.72 | 5.24 | 7.31 | 7.56 | 7.29 |  6.47 | 7.41 | 7.42 | 6.87 | 7.24 | 7.63 | 5.92 |  7.23 | 4.67 | 6.81 | 7.94 | 6.01 | 5.83 | 7.79 | 5.72 | 6.08 | 5.31 | 7.00 | 6.39 | 6.36 | 6.94 | 4.95 | 7.41 | 7.13 |  7.43 |  5.80 | 7.28 | 6.06 | 7.21 | 7.46 | 5.84 |  5.98 |  7.07 | 7.93 | 5.64 |
|        18 | 5.60 | 4.71 | 7.24 | 7.42 | 7.20 |  6.11 | 7.29 | 7.24 | 6.72 | 7.36 | 7.51 | 5.76 |  6.75 | 4.50 | 6.80 | 7.83 | 5.29 | 5.74 | 7.78 | 5.78 | 5.83 | 5.36 | 6.86 | 6.36 | 6.15 | 6.88 | 4.72 | 7.31 | 6.88 |  7.15 |  5.69 | 6.81 | 5.48 | 7.22 | 7.17 | 6.11 |  6.20 |  6.91 | 7.77 | 5.25 |
|        19 | 5.45 | 4.18 | 7.08 | 7.14 | 7.11 |  5.98 | 7.06 | 7.01 | 6.54 | 7.34 | 7.19 | 5.62 |  5.95 | 4.27 | 6.73 | 7.62 | 4.29 | 5.18 | 7.72 | 6.30 | 5.73 | 5.22 | 6.70 | 6.37 | 5.82 | 6.88 | 4.37 | 7.10 | 6.53 |  6.89 |  5.44 | 6.28 | 4.95 | 7.12 | 6.80 | 5.87 |  6.09 |  6.68 | 7.51 | 4.57 |
|        20 | 5.36 | 3.78 | 6.63 | 6.93 | 7.08 |  5.87 | 6.75 | 6.90 | 6.42 | 7.23 | 6.97 | 5.55 |  5.61 | 4.11 | 6.32 | 7.38 | 4.17 | 4.72 | 7.65 | 6.17 | 5.56 | 5.14 | 6.66 | 6.28 | 5.50 | 6.71 | 4.32 | 6.73 | 6.34 |  6.68 |  5.26 | 5.70 | 4.91 | 7.08 | 6.46 | 5.71 |  5.94 |  6.44 | 7.22 | 4.23 |
|        21 | 5.22 | 3.55 | 6.45 | 6.78 | 6.92 |  5.69 | 6.49 | 6.75 | 6.11 | 7.05 | 6.82 | 5.50 |  5.38 | 4.31 | 6.07 | 7.14 | 3.97 | 4.82 | 7.44 | 6.12 | 5.35 | 4.79 | 6.68 | 5.99 | 5.13 | 6.29 | 4.44 | 6.58 | 6.32 |  6.59 |  4.86 | 4.96 | 5.00 | 6.93 | 6.19 | 5.56 |  5.73 |  6.29 | 7.03 | 4.17 |
|        22 | 5.01 | 3.36 | 6.36 | 6.60 | 6.81 |  5.41 | 6.07 | 6.60 | 5.77 | 6.85 | 6.69 | 5.28 |  5.33 | 4.31 | 5.87 | 6.79 | 3.91 | 4.95 | 7.26 | 6.06 | 4.57 | 4.39 | 6.49 | 5.81 | 4.81 | 6.03 | 4.17 | 6.43 | 6.29 |  6.40 |  4.75 | 4.82 | 4.97 | 6.74 | 5.85 | 5.37 |  5.35 |  6.17 | 6.83 | 4.24 |
|        23 | 4.70 | 3.36 | 6.25 | 6.42 | 6.67 |  5.10 | 5.64 | 6.43 | 5.47 | 6.40 | 6.49 | 4.80 |  5.42 | 4.25 | 5.44 | 6.66 | 3.89 | 5.13 | 6.87 | 6.01 | 3.79 | 4.11 | 6.15 | 5.57 | 4.73 | 5.69 | 3.80 | 6.17 | 6.04 |  6.15 |  4.89 | 4.67 | 4.84 | 6.33 | 5.67 | 5.28 |  5.07 |  5.69 | 6.61 | 4.11 |
|        24 | 4.48 | 3.47 | 6.12 | 6.17 | 6.25 |  4.91 | 5.48 | 6.27 | 4.86 | 6.04 | 6.38 | 4.44 |  5.49 | 4.06 | 4.93 | 6.48 | 3.44 | 5.25 | 6.56 | 5.91 | 3.42 | 3.81 | 5.82 | 5.45 | 4.62 | 5.62 | 3.56 | 5.82 | 5.90 |  5.70 |  5.20 | 4.74 | 4.63 | 6.06 | 5.50 | 5.05 |  4.54 |  4.99 | 6.17 | 3.92 |
|        25 | 4.12 | 3.36 | 6.03 | 5.93 | 5.69 |  4.60 | 5.25 | 6.05 | 4.16 | 5.92 | 6.30 | 4.42 |  5.41 | 3.74 | 4.98 | 6.39 | 3.33 | 5.26 | 6.36 | 5.92 | 3.52 | 3.62 | 5.64 | 5.33 | 4.40 | 5.59 | 3.34 | 5.51 | 5.81 |  5.00 |  5.26 | 4.75 | 4.39 | 5.99 | 5.24 | 4.76 |  3.83 |  4.32 | 5.69 | 3.67 |
|        26 | 3.44 | 3.06 | 5.80 | 5.60 | 5.25 |  4.17 | 4.96 | 5.90 | 3.93 | 5.81 | 6.25 | 4.35 |  4.95 | 3.19 | 4.99 | 6.30 | 3.15 | 5.03 | 6.13 | 5.61 | 3.11 | 3.48 | 5.56 | 5.20 | 4.13 | 5.17 | 2.76 | 5.31 | 5.63 |  4.30 |  5.18 | 4.59 | 4.15 | 5.71 | 4.81 | 4.55 |  3.25 |  3.83 | 5.21 | 3.24 |
|        27 | 2.84 | 2.80 | 5.29 | 5.45 | 4.99 |  3.63 | 4.56 | 5.76 | 3.94 | 5.72 | 6.12 | 4.24 |  4.32 | 2.81 | 4.91 | 6.13 | 2.99 | 4.76 | 5.53 | 5.12 | 3.41 | 3.37 | 5.31 | 4.99 | 3.95 | 4.52 | 2.29 | 5.21 | 5.51 |  3.72 |  5.23 | 4.37 | 3.45 | 5.24 | 4.35 | 4.27 |  3.11 |  3.53 | 4.86 | 3.16 |
|        28 | 2.39 | 2.45 | 5.08 | 5.56 | 4.94 |  3.11 | 3.99 | 5.49 | 3.89 | 5.80 | 6.12 | 4.00 |  3.76 | 2.38 | 4.21 | 6.09 | 2.85 | 4.42 | 4.99 | 4.74 | 3.47 | 3.28 | 4.74 | 4.81 | 4.08 | 4.13 | 1.89 | 5.26 | 5.18 |  3.32 |  5.10 | 4.23 | 2.94 | 4.79 | 3.75 | 4.33 |  3.37 |  3.31 | 4.52 | 3.00 |
|        29 | 2.16 | 2.33 | 4.66 | 5.40 | 4.91 |  2.70 | 3.66 | 5.38 | 4.09 | 5.88 | 6.15 | 3.96 |  3.26 | 2.12 | 4.36 | 6.03 | 2.90 | 4.34 | 4.62 | 4.63 | 3.66 | 3.02 | 4.28 | 4.71 | 4.23 | 4.07 | 1.72 | 5.51 | 5.14 |  3.09 |  4.62 | 4.35 | 2.75 | 4.61 | 3.48 | 4.31 |  3.78 |  3.24 | 4.31 | 2.64 |
|        30 | 1.92 | 1.98 | 4.26 | 5.18 | 4.90 |  2.38 | 3.50 | 5.31 | 4.02 | 5.90 | 6.10 | 4.02 |  2.94 | 1.97 | 4.38 | 6.10 | 3.01 | 4.12 | 4.51 | 4.77 | 3.77 | 2.83 | 3.85 | 4.75 | 4.08 | 3.75 | 1.67 | 5.60 | 5.25 |  3.09 |  4.31 | 4.37 | 2.44 | 4.43 | 3.13 | 4.31 |  4.04 |  3.21 | 4.10 | 2.38 |
|        31 | 1.82 | 1.69 | 3.99 | 5.15 | 4.93 |  2.45 | 3.64 | 5.24 | 4.02 | 5.93 | 6.16 | 4.11 |  2.76 | 1.93 | 4.12 | 6.10 | 3.08 | 3.94 | 4.45 | 4.98 | 3.95 | 2.25 | 3.66 | 4.75 | 3.94 | 3.51 | 1.36 | 5.67 | 5.28 |  3.20 |  4.12 | 4.41 | 2.00 | 4.26 | 2.89 | 4.31 |  3.99 |  3.12 | 3.79 | 2.66 |
|        32 | 1.95 | 1.68 | 3.99 | 5.34 | 5.05 |  2.84 | 3.84 | 5.16 | 4.44 | 6.03 | 6.05 | 4.17 |  3.08 | 2.17 | 3.91 | 6.13 | 3.09 | 4.20 | 4.47 | 5.28 | 4.34 | 2.04 | 3.67 | 4.75 | 3.88 | 3.49 | 1.47 | 5.88 | 5.16 |  3.25 |  4.26 | 4.66 | 2.04 | 4.25 | 2.86 | 4.59 |  4.07 |  3.30 | 3.75 | 3.03 |
|        33 | 2.76 | 2.59 | 4.24 | 5.85 | 5.43 |  3.61 | 4.39 | 5.52 | 5.03 | 6.26 | 6.32 | 4.78 |  3.80 | 2.79 | 4.33 | 6.33 | 3.68 | 4.99 | 4.76 | 5.71 | 4.87 | 2.80 | 3.97 | 5.13 | 4.50 | 3.84 | 2.40 | 6.21 | 5.49 |  3.84 |  4.75 | 5.08 | 2.75 | 4.75 | 3.57 | 5.07 |  4.46 |  3.73 | 4.07 | 3.66 |
|        34 | 4.13 | 3.80 | 4.67 | 6.43 | 6.15 |  4.78 | 5.02 | 5.85 | 6.12 | 6.52 | 6.75 | 5.33 |  4.74 | 3.45 | 4.76 | 6.62 | 4.64 | 5.68 | 5.03 | 6.50 | 5.34 | 3.93 | 4.66 | 5.75 | 5.69 | 4.30 | 3.06 | 6.55 | 5.95 |  4.53 |  5.20 | 5.64 | 3.74 | 5.32 | 4.49 | 5.39 |  5.47 |  4.21 | 4.80 | 4.67 |
|        35 | 5.22 | 5.25 | 5.23 | 6.90 | 6.70 |  5.78 | 5.51 | 6.30 | 6.85 | 6.60 | 7.14 | 6.08 |  5.68 | 4.30 | 5.24 | 7.07 | 5.55 | 6.22 | 5.25 | 7.35 | 5.70 | 4.71 | 5.43 | 6.38 | 6.17 | 4.67 | 3.66 | 6.68 | 6.47 |  5.39 |  5.73 | 6.20 | 4.44 | 6.10 | 5.43 | 5.75 |  6.34 |  4.67 | 5.55 | 5.75 |
|        36 | 5.85 | 5.92 | 5.76 | 7.31 | 7.17 |  6.47 | 5.83 | 6.51 | 7.04 | 6.87 | 7.34 | 6.64 |  6.32 | 4.87 | 5.60 | 7.57 | 6.29 | 6.51 | 5.47 | 7.88 | 6.03 | 5.42 | 6.03 | 6.85 | 6.45 | 5.15 | 4.02 | 6.73 | 6.66 |  6.01 |  6.11 | 6.57 | 4.86 | 6.79 | 6.08 | 6.26 |  7.07 |  5.33 | 6.05 | 6.26 |
|        37 | 6.22 | 6.09 | 5.98 | 7.49 | 7.38 |  6.77 | 6.09 | 6.63 | 7.02 | 7.01 | 7.34 | 6.82 |  6.52 | 5.16 | 5.99 | 7.77 | 6.79 | 6.48 | 5.76 | 7.97 | 6.37 | 5.66 | 6.26 | 6.82 | 6.56 | 5.39 | 4.33 | 6.81 | 6.78 |  6.29 |  6.27 | 6.71 | 4.95 | 7.16 | 6.32 | 6.46 |  7.49 |  5.81 | 6.31 | 6.40 |
|        38 | 6.36 | 5.93 | 5.99 | 7.34 | 7.11 |  6.58 | 6.22 | 6.58 | 6.95 | 6.90 | 7.28 | 6.94 |  6.50 | 5.29 | 6.09 | 7.67 | 6.64 | 6.43 | 5.57 | 7.70 | 6.44 | 5.52 | 6.41 | 6.68 | 6.55 | 5.32 | 4.51 | 6.72 | 6.62 |  6.30 |  6.20 | 6.62 | 5.11 | 7.03 | 6.35 | 6.43 |  7.25 |  5.91 | 6.37 | 6.34 |
|        39 | 6.39 | 5.84 | 5.89 | 7.06 | 6.60 |  6.07 | 6.22 | 6.46 | 6.91 | 6.64 | 7.01 | 6.83 |  6.39 | 5.25 | 6.05 | 7.27 | 6.17 | 6.43 | 4.85 | 7.15 | 6.42 | 5.06 | 6.36 | 6.36 | 6.48 | 5.19 | 4.55 | 6.56 | 6.35 |  5.64 |  5.94 | 6.50 | 5.14 | 6.47 | 6.25 | 6.34 |  6.64 |  5.78 | 5.98 | 6.11 |
|        40 | 6.54 | 5.76 | 5.85 | 6.94 | 6.12 |  5.66 | 6.44 | 6.38 | 6.68 | 6.44 | 6.77 | 6.74 |  6.17 | 5.29 | 6.07 | 7.05 | 5.84 | 6.42 | 4.47 | 6.69 | 6.41 | 4.88 | 6.27 | 6.15 | 6.43 | 5.00 | 4.57 | 6.44 | 6.09 |  5.02 |  5.75 | 6.36 | 5.28 | 6.11 | 6.21 | 6.28 |  5.98 |  5.46 | 5.59 | 6.13 |
|        41 | 6.69 | 5.68 | 5.78 | 6.94 | 6.10 |  5.39 | 6.71 | 6.40 | 5.88 | 6.31 | 6.65 | 6.71 |  6.26 | 5.41 | 6.11 | 6.98 | 5.71 | 6.42 | 4.66 | 6.39 | 6.08 | 4.91 | 6.28 | 6.03 | 6.37 | 5.13 | 4.62 | 6.44 | 6.04 |  5.00 |  5.61 | 6.22 | 5.50 | 5.99 | 6.20 | 6.24 |  5.57 |  5.20 | 5.64 | 6.16 |
|        42 | 6.70 | 5.58 | 5.57 | 6.93 | 6.36 |  5.08 | 6.84 | 6.48 | 5.03 | 6.20 | 6.29 | 6.66 |  6.14 | 5.47 | 6.07 | 6.93 | 5.60 | 6.41 | 4.95 | 6.11 | 5.43 | 4.93 | 6.31 | 5.91 | 6.34 | 5.35 | 4.69 | 6.41 | 6.01 |  4.87 |  5.46 | 5.99 | 5.58 | 6.07 | 6.21 | 6.21 |  5.55 |  5.22 | 5.78 | 6.11 |
|        43 | 6.38 | 5.53 | 4.95 | 6.85 | 6.33 |  4.79 | 6.91 | 6.58 | 4.24 | 5.99 | 5.62 | 6.57 |  5.47 | 5.34 | 5.95 | 6.89 | 5.60 | 6.36 | 5.21 | 6.03 | 5.40 | 5.01 | 6.28 | 5.84 | 6.34 | 5.55 | 4.71 | 6.28 | 6.01 |  4.73 |  5.40 | 5.65 | 5.51 | 5.97 | 6.22 | 5.99 |  5.43 |  5.23 | 6.00 | 6.20 |
|        44 | 6.12 | 5.46 | 4.16 | 6.75 | 6.49 |  4.75 | 6.95 | 6.62 | 3.71 | 6.00 | 4.86 | 6.43 |  4.45 | 5.23 | 5.54 | 6.83 | 5.68 | 6.25 | 5.46 | 6.00 | 4.94 | 5.01 | 6.36 | 5.76 | 6.24 | 5.70 | 4.60 | 6.09 | 6.04 |  4.80 |  5.36 | 5.16 | 5.45 | 5.91 | 6.17 | 5.03 |  5.53 |  5.27 | 5.99 | 6.26 |
|        45 | 5.70 | 5.48 | 3.60 | 6.68 | 6.69 |  5.00 | 6.91 | 6.68 | 3.40 | 6.09 | 4.12 | 6.27 |  3.65 | 4.95 | 5.49 | 6.79 | 5.73 | 6.04 | 5.68 | 5.93 | 4.40 | 5.00 | 6.43 | 5.70 | 6.01 | 5.81 | 4.37 | 5.80 | 6.09 |  5.02 |  5.35 | 4.61 | 5.38 | 6.14 | 6.18 | 4.15 |  5.61 |  5.44 | 6.15 | 6.29 |
|        46 | 5.14 | 5.52 | 3.38 | 6.69 | 6.93 |  5.27 | 6.89 | 6.72 | 3.52 | 6.08 | 3.56 | 6.07 |  3.08 | 4.63 | 5.42 | 6.82 | 5.76 | 5.52 | 5.89 | 5.65 | 3.89 | 5.02 | 6.49 | 5.65 | 5.85 | 5.90 | 4.16 | 5.66 | 6.13 |  5.23 |  5.37 | 4.42 | 5.23 | 6.38 | 6.26 | 3.61 |  5.64 |  5.54 | 6.31 | 6.34 |
|        47 | 4.80 | 5.58 | 2.95 | 6.56 | 7.10 |  5.42 | 7.00 | 6.77 | 3.67 | 6.11 | 3.11 | 5.68 |  2.70 | 4.12 | 5.41 | 6.85 | 5.70 | 5.18 | 6.08 | 5.22 | 3.97 | 5.03 | 6.56 | 5.59 | 5.81 | 5.96 | 3.81 | 5.66 | 6.13 |  5.39 |  5.36 | 4.56 | 4.80 | 6.49 | 6.23 | 3.33 |  5.65 |  5.58 | 6.44 | 6.39 |
|        48 | 4.73 | 5.60 | 2.41 | 6.47 | 7.12 |  5.58 | 7.14 | 6.82 | 3.82 | 6.21 | 2.75 | 5.49 |  2.22 | 3.89 | 5.34 | 6.83 | 5.65 | 5.08 | 6.20 | 5.00 | 3.93 | 5.15 | 6.59 | 5.55 | 5.78 | 6.02 | 3.60 | 5.68 | 6.16 |  5.52 |  5.38 | 4.82 | 4.39 | 6.48 | 6.12 | 3.16 |  5.64 |  5.65 | 6.63 | 6.49 |
|        51 | 4.90 | 5.86 | 1.96 | 6.44 | 6.94 |  5.94 | 7.49 | 6.74 | 4.31 | 6.30 | 2.12 | 4.79 |  2.88 | 4.38 | 5.73 | 7.06 | 5.85 | 5.15 | 6.35 | 4.78 | 3.60 | 5.67 | 7.02 | 5.61 | 5.84 | 5.86 | 3.84 | 5.81 | 6.34 |  5.78 |  5.56 | 5.56 | 3.09 | 6.47 | 5.79 | 3.79 |  5.92 |  6.09 | 6.77 | 6.86 |
|        54 | 6.04 | 6.03 | 1.97 | 6.63 | 7.37 |  6.44 | 7.63 | 7.17 | 3.65 | 6.21 | 2.87 | 5.04 |  3.31 | 5.26 | 6.13 | 7.31 | 6.40 | 5.75 | 6.49 | 5.36 | 3.29 | 5.75 | 7.22 | 6.05 | 6.05 | 5.14 | 4.52 | 6.55 | 6.55 |  5.95 |  6.11 | 6.42 | 2.83 | 6.50 | 6.34 | 4.40 |  6.15 |  6.36 | 6.89 | 7.26 |
|        57 | 7.84 | 6.90 | 2.54 | 6.91 | 7.82 |  7.33 | 8.26 | 8.02 | 5.12 | 6.77 | 3.82 | 5.96 |  3.93 | 6.34 | 6.73 | 7.58 | 7.20 | 6.59 | 6.87 | 5.84 | 3.55 | 6.59 | 7.64 | 6.93 | 6.55 | 4.83 | 5.65 | 7.49 | 7.08 |  6.38 |  6.83 | 7.04 | 3.68 | 6.96 | 7.23 | 6.09 |  6.99 |  7.16 | 7.55 | 7.93 |
|        60 | 9.28 | 8.62 | 4.22 | 8.74 | 9.40 |  8.85 | 9.40 | 9.49 | 8.39 | 8.34 | 5.24 | 8.30 |  6.05 | 7.51 | 8.32 | 8.60 | 8.43 | 8.26 | 7.70 | 7.29 | 6.19 | 8.35 | 9.65 | 8.32 | 8.04 | 6.55 | 6.80 | 8.63 | 8.09 |  8.19 |  8.66 | 8.20 | 6.78 | 8.17 | 8.92 | 8.08 |  8.27 |  8.75 | 9.59 | 9.54 |
|        63 | 8.89 | 8.75 | 4.62 | 8.00 | 9.05 |  8.39 | 8.67 | 9.12 | 8.40 | 8.16 | 5.31 | 8.40 |  6.74 | 7.92 | 8.13 | 8.58 | 8.40 | 8.77 | 7.98 | 7.08 | 5.76 | 8.19 | 9.64 | 8.60 | 8.19 | 6.05 | 7.44 | 8.77 | 8.28 |  8.03 |  8.82 | 8.28 | 6.22 | 7.90 | 9.18 | 8.30 |  8.07 |  8.70 | 9.83 | 9.07 |
|        66 | 8.06 | 8.23 | 4.87 | 6.96 | 8.00 |  7.55 | 7.00 | 7.96 | 7.87 | 7.54 | 4.30 | 8.11 |  6.73 | 7.89 | 7.56 | 7.95 | 7.78 | 8.70 | 7.46 | 6.18 | 4.74 | 7.86 | 8.46 | 8.30 | 6.89 | 4.75 | 7.01 | 8.16 | 6.92 |  6.62 |  8.34 | 7.57 | 4.90 | 7.32 | 8.43 | 7.74 |  5.15 |  8.05 | 8.80 | 8.22 |
|        69 | 7.94 | 8.13 | 5.46 | 7.42 | 6.97 |  6.86 | 7.01 | 7.63 | 7.25 | 7.06 | 4.98 | 7.40 |  6.48 | 7.29 | 7.26 | 7.20 | 6.71 | 8.05 | 6.12 | 5.74 | 5.36 | 7.83 | 7.18 | 7.51 | 5.83 | 4.07 | 6.82 | 7.10 | 6.79 |  5.54 |  8.07 | 6.95 | 4.58 | 7.01 | 7.54 | 7.45 |  5.30 |  7.24 | 7.97 | 7.36 |
|        72 | 7.06 | 7.57 | 4.92 | 7.02 | 6.63 |  5.53 | 7.30 | 7.63 | 7.36 | 6.53 | 4.99 | 7.59 |  6.42 | 5.97 | 6.30 | 6.61 | 6.87 | 8.46 | 5.81 | 5.35 | 5.81 | 7.57 | 6.97 | 6.51 | 4.79 | 3.88 | 6.57 | 6.69 | 4.80 |  4.79 |  7.16 | 6.74 | 5.27 | 6.32 | 6.24 | 7.51 |  5.29 |  7.12 | 7.35 | 7.42 |
|        78 | 7.10 | 7.35 | 5.48 | 6.61 | 6.00 |  6.59 | 8.23 | 7.65 | 8.25 | 6.12 | 5.71 | 7.36 |  6.57 | 7.03 | 6.83 | 6.87 | 6.36 | 9.10 | 6.36 | 5.52 | 5.74 | 7.31 | 7.99 | 7.32 | 5.56 | 4.42 | 6.81 | 7.87 | 5.98 |  4.20 |  7.19 | 7.01 | 5.38 | 5.63 | 7.40 | 7.65 |  5.12 |  6.61 | 7.84 | 7.59 |
|        84 | 8.93 | 8.71 | 7.41 | 8.91 | 7.54 |  8.59 | 9.36 | 8.88 | 7.94 | 7.31 | 6.59 | 7.94 |  7.72 | 8.35 | 7.58 | 7.20 | 8.80 | 9.98 | 7.64 | 8.80 | 7.85 | 8.57 | 8.40 | 8.93 | 6.28 | 5.81 | 8.45 | 9.53 | 7.13 |  6.39 |  8.89 | 8.63 | 7.13 | 7.19 | 9.11 | 7.97 |  6.63 |  8.28 | 8.96 | 8.76 |
|        90 | 5.15 | 7.87 | 7.04 | 5.98 | 8.51 |  7.85 | 8.91 | 5.84 | 8.12 | 4.29 | 6.19 | 4.85 |  5.02 | 6.15 | 7.31 | 7.66 | 3.57 | 5.79 | 7.32 | 7.22 | 5.23 | 4.94 | 4.49 | 8.34 | 6.34 | 4.35 | 5.00 | 7.57 | 6.92 |  6.03 |  6.80 | 5.41 | 5.75 | 7.45 | 5.28 | 8.36 |  5.95 |  4.94 | 7.71 | 5.04 |
|        96 | 4.99 | 4.64 | 6.86 | 4.06 | 6.35 |  3.78 | 8.86 | 4.63 | 6.77 | 3.92 | 3.11 | 3.91 |  3.23 | 5.12 | 7.43 | 7.68 | 1.38 | 2.63 | 5.84 | 5.76 | 4.53 | 4.28 | 1.77 | 7.96 | 6.32 | 1.04 | 3.11 | 6.32 | 5.77 |  2.35 |  6.68 | 5.16 | 6.08 | 4.66 | 3.78 | 8.41 |  1.73 |  4.14 | 5.18 | 3.85 |
|       102 | 4.25 | 3.61 | 6.92 | 4.03 | 2.82 |  2.29 | 7.15 | 4.14 | 5.02 | 5.02 | 2.19 | 5.27 |  2.14 | 4.95 | 4.90 | 6.35 | 1.33 | 1.57 | 4.37 | 3.99 | 4.72 | 3.87 | 3.37 | 8.11 | 6.40 |    0 | 3.23 | 4.60 | 6.12 | -0.38 |  5.25 | 6.76 | 5.82 | 2.36 | 3.58 | 7.07 |  0.74 |  3.68 | 2.59 | 3.03 |
|       108 | 6.55 | 5.35 | 7.42 | 6.14 | 3.83 |  5.32 | 8.57 | 6.52 | 5.93 | 6.61 | 4.32 | 6.84 |  2.57 | 5.26 | 5.86 | 7.42 | 4.21 | 4.25 | 3.96 | 3.71 | 4.37 | 5.65 | 6.94 | 8.56 | 7.92 | 1.58 | 5.44 | 5.27 | 7.31 |  1.52 |  5.51 | 7.22 | 6.95 | 3.46 | 8.21 | 7.49 |  2.71 |  4.64 | 6.86 | 5.09 |
|       114 | 8.00 | 5.61 | 7.23 | 4.30 | 3.82 |  1.68 | 6.01 | 6.00 | 3.02 | 5.57 | 4.88 | 4.00 |  1.61 | 3.01 | 1.73 | 3.37 | 3.41 | 1.95 | 2.27 | 2.48 | 3.58 | 2.59 | 7.53 | 8.05 | 7.43 | 3.19 | 2.46 | 2.73 | 6.09 |  0.64 |  2.27 | 3.63 | 4.30 | 3.22 | 6.91 | 6.74 |  1.25 |  1.27 | 6.95 | 4.95 |
|       120 | 6.99 | 7.23 | 5.93 | 4.88 | 2.78 | -0.37 | 2.90 | 6.22 | 1.34 | 4.10 | 3.71 | 0.95 | -0.27 | 0.71 | 0.09 | 0.61 | 0.43 | 0.15 | 3.52 | 0.35 | 3.39 | 1.72 | 7.66 | 7.41 | 7.60 | 5.60 | 0.70 | 1.41 | 6.01 |  4.64 | -0.08 | 1.20 | 3.36 | 4.31 | 7.23 | 6.52 | -0.57 | -0.56 | 7.30 | 5.24 |
