# variable: Total Cloud Cover
# units: percent
# 
| fcst_hour |      1 |      2 |      3 |      4 |      5 |      6 |      7 |      8 |      9 |     10 |     11 |     12 |     13 |     14 |     15 |     16 |     17 |     18 |     19 |     20 |     21 |     22 |     23 |     24 |     25 |     26 |     27 |     28 |     29 |     30 |     31 |     32 |     33 |     34 |     35 |     36 |     37 |     38 |     39 |     40 |
|         0 |  98.67 |  64.79 |  39.74 |  95.11 |  64.24 |  70.11 |  91.78 |  87.62 | 100.00 |  95.06 | 100.00 |  55.78 | 100.00 |  66.73 |  97.67 |  91.78 |  53.45 |  70.96 |  84.40 |  90.26 |  79.33 |  88.82 |  43.78 |  84.09 |  99.54 |  72.81 |  60.54 |  49.37 |  21.73 |  96.40 |  87.23 |  91.45 |  98.59 |  54.88 |  49.60 |  38.50 |  66.39 |   5.24 |  97.20 |  92.01 |
|         1 |  97.47 | 100.00 |  71.15 |  85.85 |  71.84 |  93.92 | 100.00 |  93.26 |  95.75 |  79.94 |  91.05 |  60.41 | 100.00 |  72.77 |  92.78 |  93.76 | 100.00 |  81.11 |  84.58 |  71.19 |  80.81 |  72.44 |  59.95 |  97.11 |  84.42 |  60.47 |  84.02 |  92.98 |  70.37 |  94.20 |  96.82 | 100.00 |  84.29 |  68.57 |  53.99 |  63.36 |  98.59 |  89.51 |  81.58 |  75.32 |
|         2 | 100.00 | 100.00 |  91.31 |  99.14 |  95.05 | 100.00 | 100.00 | 100.00 | 100.00 |  85.20 |  96.62 |  88.13 | 100.00 |  96.85 |  95.50 |  99.88 | 100.00 |  93.43 |  99.20 |  96.93 | 100.00 |  95.82 |  95.55 | 100.00 |  92.08 |  16.00 |  99.47 | 100.00 |  99.55 |  99.06 | 100.00 | 100.00 |  96.87 | 100.00 |  97.82 | 100.00 | 100.00 | 100.00 | 100.00 |  94.59 |
|         3 | 100.00 | 100.00 |  91.52 | 100.00 | 100.00 | 100.00 | 100.00 | 100.00 | 100.00 |  95.59 |  84.76 |  76.16 | 100.00 |  99.15 |  88.11 | 100.00 | 100.00 | 100.00 | 100.00 | 100.00 | 100.00 | 100.00 | 100.00 | 100.00 |  99.78 |  79.61 | 100.00 | 100.00 | 100.00 | 100.00 | 100.00 | 100.00 | 100.00 | 100.00 | 100.00 | 100.00 | 100.00 | 100.00 | 100.00 | 100.00 |
|         4 |  98.12 |  99.77 |  76.02 | 100.00 | 100.00 | 100.00 | 100.00 | 100.00 | 100.00 |  96.84 |  61.53 |  83.68 |  93.50 |  99.01 |  76.89 | 100.00 |  99.65 | 100.00 | 100.00 |  99.63 | 100.00 | 100.00 | 100.00 | 100.00 |  99.16 |  41.01 | 100.00 | 100.00 | 100.00 |  99.90 |  90.02 | 100.00 | 100.00 | 100.00 | 100.00 | 100.00 | 100.00 |  93.18 | 100.00 | 100.00 |
|         5 |  96.06 | 100.00 |  84.46 | 100.00 | 100.00 | 100.00 | 100.00 |  99.93 |  99.93 |  86.78 |  49.42 |  93.80 |  74.24 | 100.00 |  78.00 |  98.97 |  99.88 |  91.83 |  95.31 |  46.43 |  99.87 | 100.00 |  97.96 | 100.00 |  86.43 |  30.27 |  98.56 | 100.00 | 100.00 |  96.61 |  94.69 | 100.00 |  69.39 |  96.93 |  96.20 |  98.63 |  89.03 |  80.95 | 100.00 |  95.90 |
|         6 |  99.02 | 100.00 |  99.79 |  99.74 | 100.00 | 100.00 | 100.00 | 100.00 | 100.00 |  89.32 |  62.67 | 100.00 |  89.01 | 100.00 |  67.39 | 100.00 | 100.00 |  84.27 |  93.20 |  28.94 | 100.00 | 100.00 | 100.00 | 100.00 |  54.90 |  62.89 | 100.00 | 100.00 | 100.00 |  96.80 |  99.12 | 100.00 |  83.15 |  99.89 |  96.24 | 100.00 | 100.00 | 100.00 | 100.00 |  99.11 |
|         7 | 100.00 | 100.00 | 100.00 |  87.27 |  99.68 | 100.00 | 100.00 | 100.00 | 100.00 |  92.85 |  90.03 |  98.92 | 100.00 |  99.68 |  59.99 | 100.00 | 100.00 |  82.07 |  94.51 |  90.60 | 100.00 | 100.00 | 100.00 | 100.00 |  50.89 |  77.33 | 100.00 | 100.00 | 100.00 | 100.00 |  99.50 | 100.00 |  85.19 | 100.00 |  92.47 | 100.00 | 100.00 |  99.89 | 100.00 | 100.00 |
|         8 | 100.00 | 100.00 | 100.00 |  46.38 |  92.43 | 100.00 | 100.00 |  97.10 | 100.00 |  97.51 |  95.77 |  98.51 | 100.00 |  99.95 |  66.93 |  99.08 |  92.13 |  85.08 |  95.15 | 100.00 |  98.88 | 100.00 | 100.00 |  93.98 |  68.64 |  89.95 | 100.00 | 100.00 | 100.00 |  97.73 |  99.51 | 100.00 |  81.78 | 100.00 |  92.05 |  97.86 | 100.00 | 100.00 | 100.00 | 100.00 |
|         9 | 100.00 | 100.00 |  96.15 |  52.75 |  92.56 | 100.00 |  98.14 |  97.44 | 100.00 |  95.61 |  94.78 | 100.00 | 100.00 |  99.63 |  74.62 |  99.18 |  98.86 | 100.00 |  95.70 |  98.59 |  98.79 | 100.00 | 100.00 |  81.61 |  87.34 | 100.00 | 100.00 | 100.00 | 100.00 |  99.00 |  97.78 | 100.00 |  88.54 | 100.00 |  81.12 | 100.00 | 100.00 | 100.00 | 100.00 | 100.00 |
|        10 |  97.39 |  99.07 |  94.64 |  95.89 |  96.15 | 100.00 | 100.00 |  99.26 | 100.00 |  91.83 |  89.97 |  99.75 |  97.05 |  99.10 |  75.09 |  99.37 |  96.45 | 100.00 |  90.39 |  74.95 |  91.79 |  99.80 | 100.00 |  92.74 |  95.10 | 100.00 | 100.00 |  98.62 | 100.00 |  97.53 |  96.88 |  99.83 |  80.77 | 100.00 |  79.64 |  99.33 | 100.00 |  95.91 | 100.00 | 100.00 |
|        11 |  96.65 | 100.00 |  99.37 |  84.25 |  97.76 | 100.00 |  99.95 | 100.00 | 100.00 |  97.72 |  98.99 |  99.55 | 100.00 | 100.00 |  81.62 | 100.00 | 100.00 |  94.78 |  88.29 |  96.99 |  96.75 |  98.54 | 100.00 |  99.65 | 100.00 |  99.75 | 100.00 | 100.00 | 100.00 |  98.24 |  98.93 |  99.68 |  95.17 | 100.00 |  96.99 | 100.00 | 100.00 |  99.09 | 100.00 |  97.77 |
|        12 | 100.00 | 100.00 | 100.00 |  98.23 |  96.55 | 100.00 |  99.09 | 100.00 | 100.00 | 100.00 | 100.00 |  99.58 | 100.00 | 100.00 |  96.41 | 100.00 |  97.25 |  95.72 |  90.47 | 100.00 |  99.25 |  99.70 | 100.00 |  91.19 |  97.56 |  94.47 | 100.00 | 100.00 |  98.50 |  97.89 |  96.87 | 100.00 | 100.00 | 100.00 |  97.18 |  98.33 | 100.00 |  98.78 | 100.00 |  99.48 |
|        13 | 100.00 | 100.00 | 100.00 |  96.45 |  96.04 |  99.98 |  97.85 |  96.31 |  93.99 | 100.00 | 100.00 |  98.65 | 100.00 | 100.00 |  99.07 |  97.03 |  83.29 | 100.00 |  96.76 |  69.50 |  81.51 | 100.00 | 100.00 |  74.64 |  95.06 | 100.00 | 100.00 |  94.44 |  96.66 |  91.51 |  96.87 | 100.00 | 100.00 |  98.62 | 100.00 |  96.51 |  75.44 | 100.00 |  73.42 |  99.42 |
|        14 |  68.01 |  94.72 |  97.73 |  88.75 |  82.90 |  89.38 |  94.31 |  72.21 |  68.61 |  74.68 |  94.20 |  55.50 | 100.00 |  99.98 |  79.25 |  97.48 |  83.12 | 100.00 |  78.03 |  30.89 |  65.16 |  94.30 | 100.00 |  81.65 |  43.58 |  76.33 | 100.00 |  95.31 |  93.41 |  73.02 |  76.39 |  56.17 |  99.29 |  92.31 | 100.00 |  84.91 |  76.76 |  64.77 |  74.16 |  53.50 |
|        15 |  32.79 |  95.87 |  52.83 |  93.31 |  69.39 |  93.04 |  92.95 |  80.04 | 100.00 |  73.91 |  71.59 |  41.09 | 100.00 |  64.16 |  77.45 |  97.39 |  90.23 |  77.94 |  37.91 |  18.02 |  61.96 |  90.14 |  82.76 |  89.73 |  40.33 |  25.89 |  88.53 |  92.97 |  93.23 |  74.31 |  64.76 |  74.24 |  36.39 |  96.07 | 100.00 |  96.40 |  85.36 |  51.95 |  29.26 |   8.57 |
|        16 |  27.33 |  94.11 |  68.89 | 100.00 |  53.24 |  89.80 |  86.08 | 100.00 |  96.00 | 100.00 |  64.79 |  32.79 | 100.00 |  60.19 |  66.82 |  95.88 |  92.08 |   4.83 |  35.99 |  35.55 |  69.54 |  99.63 |  90.36 | 100.00 |  31.12 |  14.36 |  88.91 |  97.19 |  90.30 |  68.13 |  41.42 |  84.51 |  49.13 | 100.00 |  84.89 | 100.00 |  93.73 |  45.10 |  59.57 |  15.00 |
|        17 |  33.19 |  97.56 |  73.88 |  98.57 |  50.26 |  76.75 |  92.34 |  99.11 |  86.38 | 100.00 |  59.60 |  10.35 |  97.46 |  66.84 |  26.10 |  95.47 | 100.00 |   8.01 |  48.76 |  26.88 |  67.38 |  96.65 |  89.47 | 100.00 |  75.65 |      0 |  91.20 |  95.92 |  87.77 |  63.01 |  61.65 |  94.99 | 100.00 |  99.78 |  67.18 |  97.24 |  96.49 |  67.97 |  65.54 |   7.36 |
|        18 |  21.59 |  94.75 |  86.60 | 100.00 |  65.48 |  79.95 | 100.00 | 100.00 |  97.47 | 100.00 |  38.57 |  22.21 |  90.78 | 100.00 |  12.90 |  95.39 | 100.00 |  68.12 |  51.71 |  18.18 |  51.78 |  97.51 |  91.47 |  97.76 |  87.63 |      0 |  76.03 | 100.00 |  88.28 |  70.68 |  80.27 |  93.21 |  93.05 | 100.00 |  97.83 |  97.51 |  92.94 |  78.87 |  62.89 |      0 |
|        19 |  50.24 |  85.20 |  67.14 |  99.65 |  99.05 |  82.62 |  96.97 | 100.00 | 100.00 | 100.00 |  41.66 |  27.04 |  70.60 | 100.00 |  33.47 |  96.39 | 100.00 |  82.82 |  46.73 |  30.60 |  55.44 |  94.58 |  90.92 |  86.48 |  90.44 |  34.51 |  92.68 |  96.61 |  87.11 |  69.96 |  83.78 |  92.09 | 100.00 |  99.07 |  81.77 |  94.55 |  93.41 |  85.79 |  64.81 |  29.09 |
|        20 |  73.77 |  98.50 |  64.53 |  97.79 |  94.19 |  85.11 |  94.49 |  97.31 |  65.94 |  98.53 |  23.72 |  29.98 |  85.93 | 100.00 |  37.53 |  97.66 | 100.00 |  81.99 |  65.55 |  70.68 |  83.55 |  94.84 |  89.26 |  89.92 |  83.77 |  40.71 |  92.92 |  97.44 |  82.48 |  92.26 |  80.76 |  94.61 | 100.00 |  90.21 |  57.74 |  88.60 |  84.06 |  79.16 |  72.06 |  41.62 |
|        21 |  92.78 |  98.58 |  65.87 | 100.00 |  65.72 |  76.21 |  96.41 |  89.18 |  39.92 |  85.43 |  49.75 |  64.79 | 100.00 |  93.13 |  30.04 |  95.49 | 100.00 |  79.57 | 100.00 |  77.53 |  80.14 |  95.56 |  97.18 |  96.31 |  87.70 |  81.08 |  92.44 |  94.29 |  95.84 |  76.18 |  66.22 |  91.16 |  91.43 |  96.56 |  91.46 |  76.22 |  80.91 |  75.22 |  99.06 |  57.45 |
|        22 |  81.07 |  97.08 |  67.84 |  95.68 |  60.40 |  75.74 |  94.46 |  84.86 |  54.39 |  84.72 |  59.60 |  63.31 | 100.00 |  85.37 |  28.08 |  94.61 |  92.85 |  70.33 | 100.00 |  76.05 |  80.61 |  89.52 |  95.65 |  96.53 |  67.99 |  71.29 |  82.20 |  93.26 | 100.00 |  64.21 |  37.71 |  91.19 |  82.14 | 100.00 |  94.00 |  86.80 |  83.34 |  76.13 |  96.71 |  53.90 |
|        23 |  49.10 |  82.00 |  77.16 |  95.30 |  74.25 |  84.28 |  87.36 |  87.74 |  78.58 |  88.99 |  60.37 |  41.22 |  94.60 | 100.00 |  18.27 |  89.87 |  92.76 |  82.31 |  57.63 |  84.95 |  76.56 |  93.18 |  91.16 |  99.36 |  88.98 |  29.70 |  66.07 |  94.32 | 100.00 |  45.37 |  51.35 |  88.53 |  75.56 | 100.00 | 100.00 |  81.93 |  84.95 |  74.12 |  95.85 |  86.74 |
|        24 |  88.02 |  82.65 |  65.44 |  82.85 |  81.80 |  84.04 |  81.57 |  76.09 |  90.76 |  95.55 |  61.68 |  37.43 |  89.14 |  98.70 |   9.69 |  85.25 |  72.13 |  80.79 | 100.00 |  97.59 |  67.58 |  90.58 |  80.40 |  99.83 |  83.73 |  73.81 |  41.92 |  77.44 |  90.29 |  23.42 |  56.27 |  64.58 |  81.43 | 100.00 |  91.39 |  75.99 |  88.26 |  89.26 |  85.40 |  83.22 |
|        25 | 100.00 |  52.55 |  44.23 |  99.57 |  87.41 |  77.77 |  69.51 |  47.44 | 100.00 |  87.94 |  78.10 |  51.97 |  83.48 | 100.00 |      0 | 100.00 | 100.00 |  73.11 |  66.69 |  65.27 |  44.70 |  84.54 |  74.20 |  68.42 |  59.27 |  62.84 |  25.49 | 100.00 |  73.58 |   6.37 |   6.32 |  94.72 |  53.69 |  96.47 |  85.16 | 100.00 | 100.00 |  78.04 | 100.00 |  70.35 |
|        26 | 100.00 |  86.10 |  14.90 | 100.00 |  82.44 |  77.97 |  66.31 |  27.45 | 100.00 |  46.73 |  23.27 |  63.99 |  85.24 | 100.00 | 100.00 | 100.00 | 100.00 |  82.53 | 100.00 |  57.70 |  42.53 |  62.48 |  74.23 |  65.67 |  29.62 | 100.00 |  17.92 | 100.00 |  48.66 |      0 | 100.00 |  97.11 |  56.90 | 100.00 |  50.44 |  63.40 |  93.48 | 100.00 | 100.00 |  41.89 |
|        27 | 100.00 | 100.00 |  15.53 | 100.00 |  75.44 |  80.99 | 100.00 |  18.16 |  57.10 |  40.76 |   7.29 |  50.91 |  63.49 |  79.24 | 100.00 |  99.39 | 100.00 |  36.04 | 100.00 |  22.95 |  84.72 |  54.17 |  66.75 |  31.00 |  10.36 | 100.00 |  42.99 | 100.00 |  40.61 |  17.36 | 100.00 | 100.00 |   9.54 |  89.83 |  20.73 | 100.00 |  86.26 |  70.00 |  92.24 |  27.42 |
|        28 | 100.00 | 100.00 |  51.65 | 100.00 | 100.00 | 100.00 | 100.00 |  87.30 |  98.71 |  46.51 |  26.32 | 100.00 |  60.50 |  59.65 | 100.00 | 100.00 | 100.00 |  61.18 | 100.00 |  27.03 | 100.00 |  56.19 | 100.00 |  12.36 |  23.39 |  64.43 |  56.01 | 100.00 |  77.25 |      0 | 100.00 | 100.00 |   0.28 | 100.00 |  47.85 | 100.00 |  99.08 | 100.00 |  90.80 |  40.81 |
|        29 | 100.00 | 100.00 |  87.65 | 100.00 | 100.00 |  89.70 | 100.00 | 100.00 | 100.00 |  51.06 |  36.26 | 100.00 |  66.12 |  99.90 | 100.00 |  99.20 | 100.00 | 100.00 | 100.00 |  90.05 | 100.00 |  93.19 | 100.00 |  81.68 |  88.08 | 100.00 |  61.43 | 100.00 |  33.21 |  11.48 | 100.00 |  93.50 |      0 | 100.00 | 100.00 | 100.00 | 100.00 |  33.58 |  67.92 |  51.08 |
|        30 | 100.00 | 100.00 |  83.73 |  40.80 | 100.00 | 100.00 | 100.00 | 100.00 |  94.47 |  16.38 |  99.61 | 100.00 |  19.51 |  89.18 | 100.00 | 100.00 | 100.00 |  59.97 | 100.00 |  91.76 | 100.00 | 100.00 | 100.00 |  95.77 | 100.00 | 100.00 |  61.29 | 100.00 |  93.89 |  78.85 | 100.00 |  99.69 |  24.15 | 100.00 | 100.00 |  97.54 | 100.00 |  61.33 |  91.35 |  99.78 |
|        31 | 100.00 | 100.00 |  96.12 |  86.55 | 100.00 | 100.00 | 100.00 | 100.00 |  82.51 |  76.21 | 100.00 | 100.00 |  97.62 |  75.54 | 100.00 | 100.00 | 100.00 |  88.31 | 100.00 | 100.00 | 100.00 |  98.15 | 100.00 | 100.00 | 100.00 | 100.00 |  72.28 | 100.00 |  83.44 | 100.00 | 100.00 | 100.00 |  64.25 | 100.00 | 100.00 |  94.75 | 100.00 |  49.18 | 100.00 | 100.00 |
|        32 | 100.00 | 100.00 | 100.00 | 100.00 | 100.00 | 100.00 | 100.00 | 100.00 | 100.00 | 100.00 | 100.00 | 100.00 | 100.00 | 100.00 | 100.00 |  93.04 | 100.00 | 100.00 | 100.00 | 100.00 | 100.00 | 100.00 | 100.00 | 100.00 | 100.00 | 100.00 |  74.33 | 100.00 |  83.16 | 100.00 | 100.00 | 100.00 |  97.33 | 100.00 | 100.00 | 100.00 | 100.00 |  50.74 | 100.00 | 100.00 |
|        33 | 100.00 | 100.00 | 100.00 |  71.72 | 100.00 | 100.00 | 100.00 | 100.00 | 100.00 | 100.00 | 100.00 |  97.64 | 100.00 | 100.00 | 100.00 | 100.00 | 100.00 | 100.00 | 100.00 | 100.00 | 100.00 | 100.00 | 100.00 | 100.00 | 100.00 | 100.00 | 100.00 | 100.00 | 100.00 | 100.00 | 100.00 | 100.00 | 100.00 | 100.00 | 100.00 | 100.00 | 100.00 | 100.00 | 100.00 |  55.95 |
|        34 | 100.00 | 100.00 | 100.00 | 100.00 | 100.00 | 100.00 | 100.00 | 100.00 | 100.00 | 100.00 | 100.00 |  97.32 | 100.00 | 100.00 | 100.00 | 100.00 | 100.00 | 100.00 | 100.00 | 100.00 | 100.00 | 100.00 | 100.00 | 100.00 | 100.00 | 100.00 | 100.00 | 100.00 | 100.00 | 100.00 | 100.00 | 100.00 | 100.00 | 100.00 |  98.54 | 100.00 | 100.00 |  73.91 | 100.00 |  99.24 |
|        35 | 100.00 | 100.00 | 100.00 | 100.00 | 100.00 | 100.00 | 100.00 | 100.00 | 100.00 | 100.00 | 100.00 | 100.00 |  46.34 | 100.00 | 100.00 | 100.00 | 100.00 | 100.00 | 100.00 | 100.00 | 100.00 | 100.00 | 100.00 | 100.00 | 100.00 | 100.00 | 100.00 | 100.00 | 100.00 | 100.00 | 100.00 | 100.00 | 100.00 | 100.00 | 100.00 | 100.00 | 100.00 | 100.00 | 100.00 | 100.00 |
|        36 | 100.00 | 100.00 | 100.00 | 100.00 | 100.00 | 100.00 | 100.00 | 100.00 | 100.00 | 100.00 | 100.00 | 100.00 |  66.13 | 100.00 | 100.00 | 100.00 | 100.00 |  90.93 | 100.00 | 100.00 | 100.00 | 100.00 | 100.00 | 100.00 | 100.00 | 100.00 | 100.00 | 100.00 | 100.00 | 100.00 | 100.00 | 100.00 | 100.00 | 100.00 | 100.00 | 100.00 | 100.00 | 100.00 | 100.00 | 100.00 |
|        37 | 100.00 | 100.00 | 100.00 | 100.00 | 100.00 | 100.00 | 100.00 | 100.00 | 100.00 | 100.00 | 100.00 | 100.00 |  66.24 | 100.00 | 100.00 | 100.00 | 100.00 | 100.00 | 100.00 | 100.00 |  95.77 | 100.00 | 100.00 | 100.00 | 100.00 | 100.00 | 100.00 | 100.00 | 100.00 | 100.00 | 100.00 | 100.00 | 100.00 | 100.00 | 100.00 | 100.00 | 100.00 | 100.00 | 100.00 | 100.00 |
|        38 | 100.00 | 100.00 | 100.00 | 100.00 | 100.00 | 100.00 | 100.00 | 100.00 | 100.00 | 100.00 | 100.00 | 100.00 | 100.00 | 100.00 | 100.00 | 100.00 | 100.00 | 100.00 | 100.00 | 100.00 | 100.00 | 100.00 | 100.00 | 100.00 | 100.00 | 100.00 | 100.00 | 100.00 | 100.00 | 100.00 | 100.00 | 100.00 | 100.00 | 100.00 | 100.00 | 100.00 | 100.00 | 100.00 | 100.00 | 100.00 |
|        39 | 100.00 | 100.00 | 100.00 | 100.00 | 100.00 | 100.00 | 100.00 | 100.00 | 100.00 | 100.00 | 100.00 | 100.00 | 100.00 | 100.00 | 100.00 | 100.00 | 100.00 | 100.00 | 100.00 | 100.00 | 100.00 | 100.00 | 100.00 | 100.00 | 100.00 | 100.00 | 100.00 | 100.00 | 100.00 | 100.00 | 100.00 | 100.00 | 100.00 | 100.00 | 100.00 | 100.00 | 100.00 |  99.11 | 100.00 | 100.00 |
|        40 | 100.00 | 100.00 | 100.00 | 100.00 | 100.00 | 100.00 | 100.00 | 100.00 | 100.00 | 100.00 | 100.00 | 100.00 | 100.00 | 100.00 | 100.00 | 100.00 | 100.00 | 100.00 | 100.00 | 100.00 | 100.00 | 100.00 | 100.00 | 100.00 | 100.00 | 100.00 | 100.00 | 100.00 | 100.00 | 100.00 | 100.00 | 100.00 | 100.00 | 100.00 | 100.00 | 100.00 | 100.00 | 100.00 | 100.00 | 100.00 |
|        41 | 100.00 | 100.00 | 100.00 | 100.00 | 100.00 | 100.00 | 100.00 | 100.00 | 100.00 | 100.00 | 100.00 | 100.00 | 100.00 | 100.00 | 100.00 | 100.00 | 100.00 | 100.00 | 100.00 | 100.00 | 100.00 | 100.00 | 100.00 | 100.00 | 100.00 | 100.00 | 100.00 | 100.00 | 100.00 | 100.00 | 100.00 | 100.00 | 100.00 | 100.00 | 100.00 | 100.00 | 100.00 | 100.00 | 100.00 | 100.00 |
|        42 | 100.00 | 100.00 | 100.00 | 100.00 | 100.00 | 100.00 |  99.78 | 100.00 | 100.00 | 100.00 | 100.00 | 100.00 | 100.00 | 100.00 | 100.00 | 100.00 | 100.00 | 100.00 | 100.00 | 100.00 | 100.00 | 100.00 | 100.00 | 100.00 | 100.00 | 100.00 | 100.00 | 100.00 | 100.00 | 100.00 | 100.00 | 100.00 | 100.00 | 100.00 | 100.00 | 100.00 | 100.00 | 100.00 | 100.00 | 100.00 |
|        43 | 100.00 | 100.00 | 100.00 | 100.00 | 100.00 | 100.00 | 100.00 | 100.00 | 100.00 | 100.00 | 100.00 | 100.00 | 100.00 | 100.00 | 100.00 | 100.00 | 100.00 |  99.91 | 100.00 | 100.00 | 100.00 | 100.00 | 100.00 | 100.00 | 100.00 |  99.57 | 100.00 | 100.00 | 100.00 | 100.00 |  84.56 | 100.00 | 100.00 | 100.00 | 100.00 | 100.00 | 100.00 | 100.00 | 100.00 | 100.00 |
|        44 | 100.00 | 100.00 | 100.00 | 100.00 | 100.00 | 100.00 | 100.00 | 100.00 | 100.00 | 100.00 | 100.00 | 100.00 | 100.00 | 100.00 | 100.00 | 100.00 | 100.00 | 100.00 | 100.00 | 100.00 | 100.00 | 100.00 | 100.00 | 100.00 | 100.00 | 100.00 | 100.00 | 100.00 | 100.00 | 100.00 |  83.51 | 100.00 | 100.00 | 100.00 | 100.00 | 100.00 |  99.24 | 100.00 | 100.00 | 100.00 |
|        45 | 100.00 | 100.00 | 100.00 | 100.00 | 100.00 | 100.00 | 100.00 | 100.00 | 100.00 | 100.00 | 100.00 | 100.00 | 100.00 | 100.00 | 100.00 | 100.00 | 100.00 | 100.00 | 100.00 | 100.00 | 100.00 | 100.00 | 100.00 | 100.00 | 100.00 |  98.79 | 100.00 | 100.00 | 100.00 | 100.00 |  78.87 | 100.00 | 100.00 | 100.00 | 100.00 | 100.00 |  99.59 | 100.00 | 100.00 | 100.00 |
|        46 | 100.00 | 100.00 | 100.00 |  96.61 | 100.00 | 100.00 | 100.00 | 100.00 | 100.00 | 100.00 | 100.00 | 100.00 | 100.00 | 100.00 | 100.00 | 100.00 | 100.00 |  99.91 | 100.00 | 100.00 | 100.00 | 100.00 | 100.00 | 100.00 | 100.00 | 100.00 | 100.00 | 100.00 | 100.00 | 100.00 |  68.71 | 100.00 | 100.00 | 100.00 | 100.00 |  98.25 |  98.90 | 100.00 | 100.00 | 100.00 |
|        47 | 100.00 | 100.00 | 100.00 |  92.31 | 100.00 | 100.00 | 100.00 | 100.00 | 100.00 | 100.00 | 100.00 | 100.00 | 100.00 | 100.00 | 100.00 | 100.00 | 100.00 | 100.00 | 100.00 | 100.00 | 100.00 | 100.00 | 100.00 | 100.00 | 100.00 | 100.00 | 100.00 | 100.00 | 100.00 | 100.00 |  66.01 | 100.00 | 100.00 | 100.00 | 100.00 | 100.00 | 100.00 | 100.00 | 100.00 | 100.00 |
|        48 | 100.00 | 100.00 | 100.00 |  98.73 | 100.00 | 100.00 | 100.00 | 100.00 | 100.00 | 100.00 | 100.00 | 100.00 | 100.00 | 100.00 | 100.00 | 100.00 |  98.17 | 100.00 | 100.00 | 100.00 | 100.00 | 100.00 | 100.00 | 100.00 | 100.00 | 100.00 | 100.00 | 100.00 | 100.00 | 100.00 | 100.00 | 100.00 | 100.00 | 100.00 | 100.00 | 100.00 | 100.00 | 100.00 | 100.00 | 100.00 |
|        51 | 100.00 | 100.00 | 100.00 | 100.00 | 100.00 | 100.00 | 100.00 | 100.00 | 100.00 | 100.00 | 100.00 | 100.00 | 100.00 | 100.00 | 100.00 | 100.00 |  93.50 |  98.75 | 100.00 | 100.00 |  96.77 | 100.00 |  91.59 | 100.00 | 100.00 | 100.00 | 100.00 | 100.00 | 100.00 | 100.00 | 100.00 | 100.00 | 100.00 |  99.66 | 100.00 |  94.96 | 100.00 | 100.00 | 100.00 | 100.00 |
|        54 |  99.82 | 100.00 | 100.00 | 100.00 | 100.00 | 100.00 | 100.00 | 100.00 | 100.00 | 100.00 | 100.00 | 100.00 | 100.00 | 100.00 |  99.34 | 100.00 | 100.00 | 100.00 | 100.00 | 100.00 | 100.00 | 100.00 | 100.00 |  99.00 |  96.23 |  93.24 | 100.00 | 100.00 | 100.00 |  99.73 | 100.00 | 100.00 | 100.00 |  99.76 | 100.00 | 100.00 |  91.51 | 100.00 |  97.76 | 100.00 |
|        57 |  99.70 | 100.00 | 100.00 | 100.00 |  93.96 |  93.02 | 100.00 |  95.24 | 100.00 |  98.87 | 100.00 | 100.00 | 100.00 | 100.00 | 100.00 | 100.00 | 100.00 | 100.00 | 100.00 | 100.00 | 100.00 | 100.00 | 100.00 |  98.21 |  98.70 | 100.00 | 100.00 |  93.83 | 100.00 |  99.10 | 100.00 | 100.00 | 100.00 | 100.00 |  98.24 | 100.00 | 100.00 | 100.00 | 100.00 | 100.00 |
|        60 |  98.21 | 100.00 | 100.00 |  98.68 |  98.77 |  89.76 |  90.76 | 100.00 |  96.54 | 100.00 | 100.00 |  31.88 | 100.00 | 100.00 | 100.00 |  98.41 | 100.00 | 100.00 | 100.00 | 100.00 | 100.00 |  91.28 | 100.00 | 100.00 | 100.00 | 100.00 | 100.00 |  94.24 | 100.00 |  97.59 | 100.00 | 100.00 |  98.71 | 100.00 | 100.00 | 100.00 | 100.00 | 100.00 | 100.00 | 100.00 |
|        63 |  99.20 | 100.00 | 100.00 |  75.18 |  99.97 | 100.00 | 100.00 |  99.70 | 100.00 |  97.37 |  92.14 | 100.00 | 100.00 | 100.00 |  79.40 |  98.52 |  58.35 |  97.23 | 100.00 | 100.00 | 100.00 |  93.20 | 100.00 |  99.81 | 100.00 | 100.00 |  96.56 |  91.92 | 100.00 | 100.00 |  84.04 | 100.00 |  41.20 |  98.26 |  99.90 | 100.00 |  98.12 | 100.00 |  91.05 | 100.00 |
|        66 |  96.27 | 100.00 |  95.04 |  61.45 |  96.85 | 100.00 |  34.01 |  94.89 | 100.00 |  90.19 |  90.20 |  98.81 |  95.21 | 100.00 |  98.81 | 100.00 |      0 |  96.45 |  89.05 |  98.11 | 100.00 |  91.88 |  94.72 |  82.31 |  52.80 | 100.00 | 100.00 |  66.33 |  91.37 |  98.58 |      0 | 100.00 |  57.97 |  99.56 |  96.46 |  79.31 |  82.94 |  96.42 |  80.04 | 100.00 |
|        69 |  90.03 | 100.00 |  91.04 |  81.36 | 100.00 |  99.43 |  56.95 |  96.04 |  98.07 |  91.79 |  87.47 |  96.93 |  92.36 | 100.00 |  74.36 |  27.92 |  27.12 |  53.39 |  86.75 |  92.42 |  54.12 |  88.88 |  97.60 | 100.00 |  61.33 |  91.38 | 100.00 |  94.81 |  97.72 |  99.76 |      0 |  82.03 |  42.96 |  98.55 |  97.91 |  49.43 |  74.88 |  81.48 |  31.78 |  99.47 |
|        72 |  89.63 |  99.83 |  86.20 |  93.02 | 100.00 |  93.91 |  74.40 |  67.34 |  87.19 |  83.48 |  99.23 |  99.01 | 100.00 |  98.56 | 100.00 |  21.79 |  44.08 |  80.91 |  88.27 |  93.67 |  95.21 |  78.72 | 100.00 |  30.97 |  38.00 |  87.74 |  99.92 |  61.12 |  77.11 |  84.93 |  21.36 |  77.82 |   5.49 |  54.99 |  98.70 |  60.17 |  33.12 |  73.17 |  51.10 |  93.72 |
|        78 |  95.98 |  94.49 |  95.35 |      0 |      0 |  62.31 |  32.64 |  31.80 |  34.95 |  66.41 |  90.18 |  53.08 | 100.00 |  69.43 | 100.00 |  82.43 |      0 |  44.00 |  67.24 | 100.00 |  56.97 |  14.79 | 100.00 |      0 |  35.72 |      0 | 100.00 |  91.50 |  94.48 |  28.87 |      0 |      0 | 100.00 |  99.05 | 100.00 |  30.11 |      0 |  89.76 |  93.62 |  87.21 |
|        84 |  23.77 |  99.81 | 100.00 |      0 |  83.99 |  54.80 | 100.00 |  13.52 |  98.49 |      0 |  96.25 |      0 | 100.00 | 100.00 | 100.00 |      0 |   9.62 |  85.68 |      0 |  90.41 |  91.87 |      0 |  71.65 |      0 |      0 |  81.94 | 100.00 |  70.36 |  97.13 |  14.83 |      0 |  38.08 |  42.13 |      0 |  89.38 |  27.22 |  12.38 |  30.19 |      0 |  62.68 |
|        90 |      0 | 100.00 |  96.49 |  46.78 | 100.00 |  90.71 | 100.00 |  10.38 |  95.80 |      0 |   4.97 |  61.73 | 100.00 | 100.00 |  66.39 |  69.68 |      0 |  91.86 |  97.76 |  96.62 |  90.93 |  54.00 |  28.69 |      0 | 100.00 | 100.00 | 100.00 |  84.65 |  97.87 |  99.51 |      0 |  52.34 |  82.48 |      0 | 100.00 |  27.66 |  41.73 |  99.57 |      0 |  54.70 |
|        96 |      0 |  60.30 | 100.00 |      0 | 100.00 |  69.05 |  80.68 |      0 |  95.14 |  46.94 |      0 | 100.00 |  84.00 |  90.45 |  44.59 | 100.00 |      0 |  99.07 |  93.87 |   8.94 |  99.14 |  91.60 |      0 | 100.00 |  98.12 | 100.00 | 100.00 |  73.00 |  90.48 | 100.00 |      0 | 100.00 |  96.94 | 100.00 |  85.22 |  99.10 |  73.87 |  96.08 |      0 |  27.41 |
|       102 |      0 |  74.82 |   0.20 |  97.50 |  94.80 | 100.00 |  92.25 |      0 | 100.00 | 100.00 |  82.56 | 100.00 |  86.32 |  88.73 |  31.69 |  96.38 |      0 |  82.67 |  99.55 |  36.77 |  93.20 |  88.18 |  35.91 |  75.78 | 100.00 | 100.00 |  99.47 |  92.46 |  95.72 |  99.07 |      0 |  82.75 |  97.95 | 100.00 | 100.00 |  97.39 |  27.73 | 100.00 |  37.18 |   9.03 |
|       108 |      0 |  97.44 |      0 |  95.94 |  94.13 |  78.45 |  30.93 |      0 |  92.57 | 100.00 |  47.80 |  96.12 |  64.66 |  38.23 |  15.61 |  60.51 |      0 |  84.49 |  93.98 |  92.66 |  95.33 |  93.75 |  85.05 | 100.00 |  98.66 |  90.07 |  98.39 |  97.80 | 100.00 |  33.51 |  97.79 |  89.62 |  99.82 | 100.00 | 100.00 | 100.00 |  31.13 | 100.00 |  37.35 |  95.73 |
|       114 |      0 | 100.00 |      0 |  95.13 |  96.61 |  86.18 |  40.51 |      0 |  74.14 | 100.00 |  95.81 | 100.00 |  90.53 |  96.96 |  40.48 | 100.00 |      0 |  91.70 |  93.07 |  86.61 |  84.73 |  52.24 | 100.00 |  89.03 |  83.35 | 100.00 |  94.66 |  97.32 |  92.29 |  37.84 |  95.51 |  88.64 |  73.64 | 100.00 | 100.00 |  83.15 |      0 | 100.00 |  35.28 |  95.15 |
|       120 |      0 | 100.00 |      0 |  94.46 |  97.13 |  33.78 |      0 |   7.09 |  78.39 | 100.00 | 100.00 | 100.00 |  26.98 | 100.00 |  65.81 | 100.00 |      0 | 100.00 |  29.39 | 100.00 |  82.28 |  84.69 | 100.00 |  69.91 | 100.00 | 100.00 |  99.16 |  96.00 |  80.15 |  50.29 |  96.20 |  74.29 | 100.00 | 100.00 |  85.63 |  36.00 |   8.77 | 100.00 |  94.13 |  99.48 |
