# variable: Direct Downward Shortwave Radiation, Average of Time Interval before fcst_hour
# units: W/m^2
# 
| fcst_hour |     1 |      2 |     3 |      4 |     5 |      6 |      7 |     8 |     9 |     10 |     11 |     12 |     13 |     14 |    15 |     16 |    17 |     18 |     19 |     20 |    21 |     22 |    23 |    24 |    25 |     26 |     27 |     28 |    29 |     30 |    31 |     32 |     33 |    34 |    35 |     36 |     37 |    38 |    39 |     40 |
|         1 |     0 |      0 |     0 |      0 |     0 |      0 |      0 |     0 |     0 |      0 |      0 |      0 |      0 |      0 |     0 |      0 |     0 |      0 |      0 |      0 |     0 |      0 |     0 |     0 |     0 |      0 |      0 |      0 |     0 |      0 |     0 |      0 |      0 |     0 |     0 |      0 |      0 |     0 |     0 |      0 |
|         2 |     0 |      0 |     0 |      0 |     0 |      0 |      0 |     0 |     0 |      0 |      0 |      0 |      0 |      0 |     0 |      0 |     0 |      0 |      0 |      0 |     0 |      0 |     0 |     0 |     0 |      0 |      0 |      0 |     0 |      0 |     0 |      0 |      0 |     0 |     0 |      0 |      0 |     0 |     0 |      0 |
|         3 |     0 |      0 |     0 |      0 |     0 |      0 |      0 |     0 |     0 |      0 |      0 |      0 |      0 |      0 |     0 |      0 |     0 |      0 |      0 |      0 |     0 |      0 |     0 |     0 |     0 |      0 |      0 |      0 |     0 |      0 |     0 |      0 |      0 |     0 |     0 |      0 |      0 |     0 |     0 |      0 |
|         4 |     0 |      0 |     0 |      0 |     0 |      0 |      0 |     0 |     0 |      0 |      0 |      0 |      0 |      0 |     0 |      0 |     0 |      0 |      0 |      0 |     0 |      0 |     0 |     0 |     0 |      0 |      0 |      0 |     0 |      0 |     0 |      0 |      0 |     0 |     0 |      0 |      0 |     0 |     0 |      0 |
|         5 |     0 |      0 |     0 |      0 |     0 |      0 |      0 |     0 |     0 |      0 |      0 |      0 |      0 |      0 |     0 |      0 |     0 |      0 |      0 |      0 |     0 |      0 |     0 |     0 |     0 |      0 |      0 |      0 |     0 |      0 |     0 |      0 |      0 |     0 |     0 |      0 |      0 |     0 |     0 |      0 |
|         6 |     0 |      0 |     0 |      0 |     0 |      0 |      0 |     0 |     0 |      0 |      0 |      0 |      0 |      0 |     0 |      0 |     0 |      0 |      0 |      0 |     0 |      0 |     0 |     0 |     0 |      0 |      0 |      0 |     0 |      0 |     0 |      0 |      0 |     0 |     0 |      0 |      0 |     0 |     0 |      0 |
|         7 |     0 |   0.20 |  0.10 |   0.10 |  0.10 |   0.20 |   0.10 |     0 |  0.10 |   0.20 |   0.10 |   0.10 |   0.10 |   0.10 |     0 |      0 |     0 |   0.10 |   0.10 |   0.10 |  0.10 |      0 |  0.10 |  0.20 |  0.10 |   0.10 |   0.10 |   0.10 |  0.10 |      0 |  0.10 |   0.10 |   0.10 |  0.10 |     0 |   0.10 |   0.10 |  0.10 |  0.10 |   0.10 |
|         8 |  9.30 |  17.30 |  5.30 |  10.10 |  9.00 |  14.80 |   4.00 |  3.30 |  6.70 |  13.00 |   8.70 |   9.50 |   5.30 |   7.40 |  3.70 |   3.80 |  2.80 |  13.20 |  12.20 |   6.70 |  4.00 |   3.20 |  5.40 | 12.50 |  6.80 |   9.30 |   6.40 |   5.50 |  4.60 |   8.30 |  7.00 |   7.40 |   2.30 | 10.60 |  6.00 |   4.70 |  13.50 |  8.90 |  7.30 |   7.90 |
|         9 | 43.10 |  81.80 | 24.80 |  51.80 | 43.00 |  62.80 |  26.90 | 13.60 | 31.20 |  50.90 |  27.50 |  36.60 |  30.70 |  63.40 | 17.50 |  22.70 | 16.10 |  64.50 |  55.50 |  23.20 | 23.50 |  27.30 | 37.00 | 44.60 | 30.40 |  56.50 |  24.00 |  12.10 | 26.40 |  39.90 | 20.70 |  25.80 |  33.50 | 35.40 | 21.60 |  22.00 |  54.20 | 33.50 | 28.90 |  45.20 |
|        10 | 71.90 | 142.80 | 45.10 | 108.40 | 77.40 | 101.80 |  58.70 | 27.80 | 33.90 | 100.90 |  56.30 |  56.80 |  72.60 | 132.10 | 52.20 |  60.30 | 29.40 | 111.50 |  99.30 |  44.70 | 39.70 |  65.60 | 71.30 | 58.20 | 51.60 | 104.10 |  47.70 |  53.80 | 58.80 |  58.60 | 46.00 |  43.50 |  79.50 | 30.00 | 39.80 |  43.00 |  98.30 | 48.50 | 26.90 |  81.80 |
|        11 | 81.60 | 171.50 | 61.80 | 116.70 | 79.60 | 110.90 |  75.00 | 47.80 | 26.90 | 125.50 | 100.10 | 107.10 |  60.60 | 152.80 | 62.80 | 114.60 | 50.60 | 156.90 | 122.60 |  58.10 | 51.20 |  82.90 | 67.30 | 73.80 | 64.70 | 155.50 | 102.40 | 120.50 | 88.60 |  77.20 | 83.00 |  92.70 |  88.60 | 34.60 | 27.70 |  49.70 | 137.60 | 53.00 | 40.50 | 106.90 |
|        12 | 73.30 | 138.90 | 42.90 | 104.60 | 52.20 |  96.50 |  63.20 | 55.80 | 29.00 | 131.60 |  87.50 | 126.80 |  37.30 |  96.70 | 14.60 |  78.60 | 58.00 | 138.90 |  88.30 |  39.00 | 48.50 |  52.00 | 63.00 | 29.70 | 69.20 | 165.30 |  89.90 | 103.00 | 67.00 |  64.40 | 46.40 | 107.40 |  69.40 | 27.90 | 23.20 |  78.30 | 126.60 | 50.90 | 25.80 | 108.90 |
|        13 | 60.70 |  65.20 | 23.40 |  51.20 | 28.70 |  69.20 |  36.80 | 20.00 | 47.90 |  79.10 |  42.70 |  62.20 |  14.30 |  34.80 | 16.80 |  34.20 | 23.80 |  58.80 |  48.90 |  13.20 | 29.80 |  11.60 | 31.80 |  7.10 | 37.70 | 105.10 |  45.60 |  40.90 | 28.90 |  84.00 | 35.50 |  29.60 |  37.60 | 21.80 | 45.00 |  47.80 |  51.70 | 41.30 |  3.10 |  59.20 |
|        14 | 37.90 |  13.90 |  5.60 |  16.00 | 19.10 |  18.80 |  15.30 |  0.10 | 47.80 |  16.80 |  13.70 |   9.80 |  14.70 |   7.00 | 23.90 |   9.30 |  1.20 |  22.00 |  20.40 |   0.40 | 26.70 |   2.20 | 15.90 |  5.00 |  9.20 |  19.30 |  25.70 |  15.40 | 10.60 |  53.90 | 25.10 |   2.80 |  13.90 |  4.40 | 39.70 |  10.40 |  16.40 |  8.90 |  0.70 |  16.40 |
|        15 |  6.50 |   2.50 |  1.10 |   0.60 |  5.90 |   3.40 |   2.60 |  2.70 |  6.60 |   1.80 |   2.00 |   0.70 |   3.60 |   0.50 |  3.80 |   1.40 |  0.20 |   3.20 |   2.60 |      0 |  4.40 |      0 |  3.60 |  2.40 |  1.40 |   1.40 |   4.00 |   1.90 |  2.40 |   5.30 |  7.10 |   0.40 |   2.50 |  1.80 |  6.10 |   1.00 |   1.60 |  1.20 |     0 |   1.70 |
|        16 |     0 |      0 |     0 |   0.10 |     0 |      0 |      0 |     0 |  0.10 |      0 |      0 |      0 |      0 |      0 |     0 |      0 |     0 |   0.10 |      0 |      0 |  0.10 |      0 |  0.10 |  0.10 |     0 |      0 |      0 |      0 |     0 |      0 |  0.10 |      0 |      0 |     0 |     0 |      0 |      0 |     0 |     0 |      0 |
|        17 |     0 |      0 |  0.10 |      0 |     0 |      0 |      0 |  0.10 |     0 |      0 |      0 |      0 |      0 |      0 |     0 |      0 |     0 |      0 |      0 |      0 |     0 |      0 |     0 |     0 |     0 |      0 |   0.10 |      0 |     0 |      0 |     0 |      0 |      0 |     0 |     0 |      0 |      0 |  0.10 |     0 |      0 |
|        18 |     0 |      0 |     0 |      0 |     0 |      0 |      0 |     0 |     0 |      0 |      0 |      0 |      0 |      0 |     0 |      0 |     0 |      0 |      0 |      0 |     0 |      0 |     0 |     0 |     0 |      0 |      0 |      0 |     0 |      0 |     0 |      0 |      0 |     0 |     0 |   0.10 |      0 |     0 |     0 |      0 |
|        19 |     0 |      0 |     0 |      0 |  0.10 |      0 |      0 |     0 |     0 |      0 |      0 |      0 |      0 |      0 |     0 |      0 |     0 |      0 |      0 |      0 |     0 |      0 |     0 |     0 |  0.10 |      0 |      0 |      0 |     0 |      0 |  0.10 |      0 |      0 |     0 |     0 |      0 |      0 |     0 |     0 |      0 |
|        20 |     0 |      0 |     0 |      0 |     0 |      0 |      0 |     0 |     0 |      0 |      0 |      0 |      0 |      0 |     0 |      0 |  0.10 |      0 |      0 |   0.10 |     0 |      0 |     0 |     0 |     0 |      0 |      0 |   0.10 |     0 |      0 |     0 |      0 |      0 |     0 |     0 |      0 |      0 |     0 |     0 |      0 |
|        21 |     0 |      0 |     0 |      0 |     0 |   0.10 |      0 |     0 |     0 |      0 |      0 |   0.10 |      0 |      0 |     0 |      0 |     0 |      0 |      0 |      0 |     0 |      0 |     0 |     0 |     0 |      0 |   0.10 |      0 |     0 |   0.10 |     0 |      0 |      0 |     0 |     0 |      0 |   0.10 |     0 |     0 |      0 |
|        22 |     0 |      0 |     0 |      0 |     0 |      0 |      0 |     0 |     0 |      0 |   0.10 |      0 |      0 |      0 |     0 |      0 |     0 |      0 |      0 |      0 |     0 |      0 |     0 |     0 |     0 |   0.10 |      0 |   0.10 |     0 |      0 |     0 |      0 |      0 |     0 |     0 |      0 |      0 |     0 |     0 |      0 |
|        23 |     0 |      0 |     0 |      0 |     0 |      0 |      0 |     0 |     0 |      0 |      0 |      0 |      0 |      0 |     0 |      0 |     0 |      0 |   0.10 |   0.10 |     0 |      0 |     0 |     0 |     0 |      0 |      0 |      0 |     0 |      0 |     0 |      0 |   0.10 |     0 |     0 |   0.10 |      0 |     0 |     0 |      0 |
|        24 |     0 |      0 |     0 |      0 |     0 |      0 |      0 |     0 |     0 |      0 |      0 |   0.10 |      0 |      0 |  0.10 |   0.10 |     0 |      0 |      0 |      0 |  0.10 |      0 |     0 |     0 |     0 |      0 |      0 |      0 |     0 |   0.10 |     0 |      0 |      0 |     0 |     0 |      0 |   0.10 |     0 |     0 |      0 |
|        25 |     0 |   0.10 |     0 |      0 |     0 |      0 |      0 |     0 |     0 |   0.10 |      0 |      0 |      0 |      0 |     0 |      0 |     0 |      0 |      0 |      0 |     0 |      0 |     0 |  0.10 |     0 |      0 |      0 |      0 |  0.10 |      0 |     0 |      0 |      0 |     0 |     0 |   0.10 |      0 |     0 |     0 |      0 |
|        26 |     0 |      0 |     0 |      0 |     0 |      0 |      0 |     0 |     0 |      0 |      0 |      0 |      0 |      0 |     0 |      0 |  0.10 |      0 |      0 |      0 |     0 |      0 |     0 |     0 |     0 |      0 |      0 |      0 |     0 |      0 |  0.10 |      0 |      0 |     0 |     0 |      0 |      0 |     0 |     0 |   0.10 |
|        27 |     0 |      0 |  0.10 |      0 |     0 |      0 |      0 |     0 |     0 |      0 |      0 |      0 |      0 |      0 |     0 |   0.10 |     0 |      0 |      0 |      0 |     0 |      0 |     0 |     0 |  0.10 |      0 |      0 |   0.10 |  0.10 |   0.10 |     0 |      0 |      0 |     0 |     0 |      0 |      0 |     0 |     0 |      0 |
|        28 |     0 |      0 |     0 |      0 |  0.10 |      0 |      0 |     0 |     0 |      0 |   0.10 |      0 |      0 |      0 |     0 |      0 |  0.10 |      0 |      0 |   0.10 |     0 |      0 |     0 |     0 |     0 |      0 |      0 |      0 |     0 |      0 |     0 |      0 |      0 |     0 |  0.10 |      0 |      0 |     0 |     0 |   0.10 |
|        29 |     0 |      0 |     0 |   0.10 |     0 |   0.10 |      0 |     0 |  0.10 |      0 |      0 |      0 |      0 |      0 |     0 |   0.10 |     0 |   0.10 |   0.10 |      0 |     0 |      0 |     0 |     0 |     0 |      0 |      0 |      0 |  0.10 |   0.10 |     0 |   0.10 |      0 |     0 |     0 |      0 |   0.10 |     0 |     0 |      0 |
|        30 |     0 |   0.10 |     0 |      0 |  0.10 |      0 |      0 |     0 |     0 |      0 |      0 |   0.10 |      0 |      0 |  0.10 |      0 |  0.10 |      0 |      0 |   0.10 |     0 |      0 |     0 |     0 |  0.10 |   0.10 |      0 |      0 |     0 |      0 |     0 |      0 |      0 |     0 |     0 |   0.10 |      0 |  0.10 |     0 |      0 |
|        31 |     0 |   0.10 |  0.10 |   0.20 |     0 |      0 |   0.10 |     0 |     0 |      0 |      0 |   0.10 |      0 |      0 |     0 |   0.10 |     0 |   0.10 |   0.10 |      0 |     0 |      0 |     0 |     0 |     0 |      0 |      0 |      0 |     0 |      0 |     0 |      0 |      0 |     0 |  0.10 |   0.10 |      0 |     0 |  0.10 |      0 |
|        32 |     0 |  10.50 |  0.80 |  12.80 |     0 |   3.10 |   7.10 |  0.10 |     0 |   2.60 |   1.00 |   4.80 |      0 |   4.70 |  3.10 |   0.40 |  0.80 |   1.90 |   6.50 |      0 |  1.50 |   1.80 |     0 |     0 |  0.20 |   1.60 |   0.30 |   6.30 |     0 |      0 |     0 |      0 |      0 |     0 |  3.00 |  12.00 |   5.30 |  0.80 |  8.40 |   0.10 |
|        33 |     0 |  55.20 |  6.20 |  48.40 |  2.70 |  19.30 |  48.90 |     0 |  0.50 |  19.70 |  11.30 |  23.30 |      0 |  41.30 | 20.00 |   9.50 |     0 |  15.30 |  21.10 |   7.80 |  0.30 |  10.80 |  2.30 |     0 |  0.90 |   8.60 |   3.30 |  41.50 |  1.20 |   4.50 |  8.50 |  18.40 |   2.00 |  1.10 |  2.10 |  49.50 |  32.80 |  4.80 | 36.70 |      0 |
|        34 |  3.40 |  60.80 |  4.90 |  73.00 |  4.80 |  32.30 | 123.20 |  1.90 |  1.10 |  46.30 |   9.40 |  40.10 |      0 |  78.70 | 30.50 |   7.80 |     0 |  37.40 |  15.80 |  23.00 |     0 |   5.90 |  1.20 |  2.30 |     0 |  29.90 |  21.20 |  65.50 |  2.20 |  12.80 | 28.80 |  25.60 |   0.70 |  0.30 |  0.90 |  65.70 |  78.20 |  5.00 | 46.30 |   5.10 |
|        35 |  9.90 |  79.70 | 23.80 |  73.70 | 21.60 |  19.00 | 173.80 |  4.10 |  1.50 |  66.40 |  19.30 |  43.40 |   2.80 | 122.50 | 28.00 |   7.10 |  3.00 |  86.20 |  11.90 |  21.30 |     0 |  41.40 |  3.00 | 14.10 |  3.70 |  51.30 |  18.80 |  75.10 |  2.50 |  18.90 | 24.00 |  29.80 |   1.40 |  1.60 |  0.20 |  99.10 | 100.70 |  6.20 | 31.90 |  43.00 |
|        36 | 10.20 |  62.40 | 11.20 | 100.40 |  9.50 |  40.40 | 128.80 |  2.40 |  4.80 |  42.50 |  24.30 |  21.40 |   3.20 |  94.20 | 11.40 |      0 |  0.20 |  87.80 |  19.60 |  31.20 |  0.60 |  62.40 | 11.10 |  2.90 |  5.50 |  49.60 |   4.40 |  63.60 |  0.90 |   5.20 | 41.60 |  20.70 |  11.30 |  0.50 | 13.00 | 113.10 |  73.60 |  4.10 | 12.00 |  25.80 |
|        37 |  2.60 |  24.20 |  4.10 |  70.90 | 11.60 |  44.20 |  70.70 |     0 |  0.20 |  25.70 |  11.80 |   8.60 |   0.40 |  63.00 |  3.20 |      0 |  0.20 |  40.20 |  33.80 |  19.30 |  1.40 |  75.70 | 11.40 | 11.90 |  1.30 |  30.30 |   7.00 |  51.50 |     0 |   6.10 | 14.40 |  14.40 |   8.50 |  2.10 | 15.60 |  73.90 |  28.20 |  6.80 |  5.40 |  15.50 |
|        38 |  0.20 |   7.70 |  2.90 |  34.40 |  2.30 |  35.60 |  41.30 |     0 |  0.20 |   2.50 |   2.50 |   4.20 |      0 |  49.10 |     0 |   0.10 |     0 |  19.50 |  17.80 |   4.40 |  0.10 |  33.30 |  0.40 |  7.00 |     0 |  26.90 |  14.20 |  26.50 |     0 |  11.00 |  3.20 |  14.70 |   5.00 |  0.30 |  4.50 |  33.10 |  14.10 |  1.60 |  1.90 |   0.90 |
|        39 |     0 |   0.20 |  0.10 |   4.40 |  0.10 |   4.60 |   7.80 |     0 |     0 |   0.20 |   0.60 |   0.60 |      0 |   6.40 |  0.20 |      0 |     0 |   2.50 |   1.80 |   0.10 |     0 |   3.20 |     0 |  0.10 |     0 |   5.00 |   0.70 |   3.50 |     0 |   0.60 |  0.10 |   1.20 |   0.10 |     0 |  1.20 |   4.30 |   2.30 |  0.20 |  0.10 |   0.20 |
|        40 |  0.10 |      0 |  0.10 |      0 |     0 |      0 |      0 |     0 |     0 |      0 |      0 |      0 |      0 |      0 |     0 |   0.10 |  0.10 |      0 |   0.10 |      0 |  0.10 |      0 |     0 |  0.10 |     0 |      0 |      0 |   0.10 |     0 |      0 |     0 |      0 |   0.10 |     0 |     0 |      0 |      0 |     0 |     0 |      0 |
|        41 |     0 |   0.10 |     0 |      0 |  0.10 |   0.10 |      0 |     0 |     0 |      0 |      0 |   0.10 |      0 |      0 |     0 |      0 |     0 |      0 |      0 |      0 |     0 |   0.10 |     0 |     0 |     0 |      0 |      0 |      0 |     0 |   0.10 |     0 |      0 |      0 |     0 |     0 |      0 |   0.10 |     0 |     0 |      0 |
|        42 |     0 |      0 |     0 |      0 |     0 |      0 |      0 |  0.10 |     0 |      0 |      0 |      0 |   0.10 |      0 |  0.10 |      0 |     0 |   0.10 |      0 |   0.10 |     0 |      0 |     0 |     0 |     0 |   0.10 |      0 |      0 |     0 |      0 |     0 |   0.10 |      0 |  0.10 |     0 |      0 |      0 |     0 |     0 |      0 |
|        43 |     0 |      0 |  0.10 |   0.10 |     0 |      0 |   0.10 |     0 |     0 |      0 |   0.10 |      0 |      0 |      0 |  0.10 |   0.10 |  0.10 |      0 |      0 |      0 |  0.10 |      0 |     0 |  0.10 |     0 |      0 |      0 |   0.10 |  0.10 |      0 |     0 |      0 |   0.10 |     0 |  0.10 |   0.10 |   0.10 |     0 |     0 |      0 |
|        44 |  0.10 |   0.10 |     0 |      0 |     0 |   0.10 |      0 |     0 |     0 |      0 |      0 |      0 |      0 |      0 |     0 |      0 |     0 |      0 |      0 |   0.10 |     0 |      0 |     0 |     0 |     0 |      0 |      0 |      0 |     0 |      0 |     0 |      0 |      0 |  0.10 |     0 |      0 |      0 |  0.10 |  0.10 |      0 |
|        45 |     0 |      0 |     0 |   0.10 |  0.10 |      0 |   0.10 |     0 |     0 |      0 |      0 |      0 |      0 |      0 |     0 |      0 |     0 |      0 |      0 |      0 |     0 |      0 |     0 |     0 |  0.10 |      0 |      0 |      0 |     0 |      0 |  0.10 |      0 |      0 |     0 |  0.10 |      0 |      0 |     0 |     0 |      0 |
|        46 |     0 |      0 |     0 |      0 |     0 |   0.10 |   0.10 |     0 |  0.10 |      0 |      0 |      0 |      0 |      0 |     0 |      0 |     0 |   0.10 |   0.10 |      0 |  0.10 |   0.10 |     0 |  0.10 |     0 |   0.10 |   0.10 |      0 |  0.10 |      0 |     0 |   0.10 |      0 |     0 |     0 |   0.10 |   0.10 |     0 |     0 |      0 |
|        47 |     0 |      0 |  0.10 |      0 |  0.10 |      0 |      0 |     0 |     0 |      0 |   0.10 |   0.20 |      0 |      0 |  0.10 |   0.10 |     0 |      0 |      0 |      0 |     0 |      0 |     0 |     0 |  0.10 |      0 |      0 |   0.10 |     0 |   0.10 |  0.10 |      0 |      0 |  0.10 |     0 |      0 |      0 |     0 |  0.10 |      0 |
|        48 |  0.10 |      0 |     0 |   0.10 |     0 |   0.10 |   0.10 |     0 |     0 |   0.10 |      0 |      0 |   0.10 |   0.10 |     0 |      0 |     0 |      0 |   0.10 |      0 |     0 |   0.10 |     0 |     0 |     0 |      0 |      0 |      0 |  0.10 |      0 |  0.10 |   0.10 |   0.10 |     0 |  0.10 |   0.10 |      0 |  0.10 |     0 |      0 |
|        51 |     0 |      0 |     0 |      0 |     0 |      0 |      0 |     0 |     0 |      0 |      0 |      0 |      0 |      0 |     0 |      0 |     0 |   0.10 |      0 |      0 |     0 |      0 |  0.10 |     0 |     0 |      0 |      0 |      0 |     0 |      0 |     0 |      0 |      0 |     0 |     0 |      0 |      0 |     0 |     0 |      0 |
|        54 |     0 |      0 |     0 |   0.10 |     0 |   0.10 |      0 |     0 |     0 |      0 |      0 |      0 |      0 |      0 |     0 |      0 |     0 |      0 |      0 |      0 |     0 |      0 |     0 |     0 |     0 |      0 |      0 |      0 |     0 |      0 |     0 |      0 |      0 |     0 |     0 |      0 |      0 |     0 |     0 |      0 |
|        57 |  0.10 |  28.60 |  0.90 |  25.80 |  1.90 |   9.30 |  37.50 | 18.20 |  3.90 |  15.40 |   1.10 |  27.30 |  14.50 |   9.50 |  6.40 |  11.60 |  0.80 |  22.00 |  36.20 |  25.50 |  3.10 |  36.60 |  8.20 |     0 | 11.90 |  23.40 |   3.00 |      0 |  7.10 |  36.10 |  0.70 |   1.10 |   8.90 |  8.60 |  2.30 |   6.10 |  13.20 | 10.20 | 24.40 |  16.40 |
|        60 |  1.90 | 160.20 | 66.20 | 102.90 | 37.20 |  32.80 |  99.80 | 46.70 | 16.60 |  49.20 |  11.80 | 146.30 | 131.30 | 101.20 |  6.30 |  83.00 | 78.40 | 130.00 | 120.30 | 150.50 | 12.50 | 157.00 | 17.00 | 36.70 | 56.40 |  90.70 |  53.20 |      0 | 46.30 | 170.50 |  2.30 |  69.70 | 117.70 | 82.20 | 42.60 |  95.20 | 106.20 | 28.70 | 76.30 |  87.00 |
|        63 |  0.50 |  74.20 | 57.40 |  13.30 | 14.00 |   5.10 |  15.40 |  6.10 |  0.60 |   7.70 |   1.20 |  61.70 |  62.10 |  33.60 |  3.40 |  19.00 | 32.10 |  69.90 |  27.70 |  70.10 |  0.20 |  31.00 |     0 | 52.00 | 10.70 |  11.80 |  28.80 |   0.90 |     0 |  73.60 |  2.20 |  26.00 |  65.70 | 11.10 | 30.00 |  30.60 |  27.60 |  0.90 |  8.20 |  25.20 |
|        66 |     0 |      0 |     0 |      0 |     0 |      0 |      0 |     0 |  0.10 |      0 |      0 |      0 |      0 |      0 |     0 |      0 |     0 |      0 |      0 |      0 |     0 |      0 |     0 |     0 |     0 |      0 |      0 |      0 |     0 |      0 |     0 |      0 |      0 |     0 |     0 |   0.10 |   0.10 |     0 |     0 |      0 |
|        69 |     0 |      0 |     0 |      0 |     0 |      0 |      0 |     0 |     0 |      0 |      0 |      0 |      0 |      0 |     0 |      0 |  0.10 |      0 |   0.10 |      0 |     0 |      0 |     0 |     0 |     0 |      0 |      0 |      0 |     0 |      0 |     0 |      0 |      0 |     0 |     0 |      0 |      0 |     0 |     0 |      0 |
|        72 |     0 |      0 |     0 |   0.10 |     0 |   0.10 |      0 |     0 |     0 |      0 |      0 |      0 |      0 |      0 |     0 |      0 |     0 |      0 |      0 |      0 |     0 |      0 |     0 |     0 |     0 |      0 |      0 |      0 |     0 |   0.10 |     0 |      0 |      0 |     0 |     0 |      0 |      0 |     0 |     0 |   0.10 |
|        78 |     0 |      0 |     0 |      0 |     0 |      0 |      0 |     0 |     0 |      0 |      0 |      0 |      0 |      0 |     0 |      0 |     0 |      0 |      0 |      0 |     0 |      0 |     0 |     0 |     0 |      0 |      0 |      0 |     0 |      0 |     0 |      0 |      0 |     0 |     0 |      0 |      0 |     0 |     0 |      0 |
|        84 | 75.80 |   0.60 |  0.80 |      0 | 15.20 |   0.30 |  24.40 | 58.10 |  0.10 |   0.20 |  87.70 |   1.20 |   1.20 |   5.30 | 26.30 |   3.90 | 37.00 |   1.50 |   4.20 |   1.00 | 28.40 |  59.80 | 61.50 |  7.60 |  0.70 |  23.00 |  52.60 |  18.50 | 62.00 |      0 |  0.20 |   0.30 |  25.50 | 28.70 | 14.30 |   1.00 |  94.80 |  3.30 |  3.40 |   4.60 |
|        90 | 33.40 |   0.10 |     0 |      0 |  1.10 |      0 |  22.10 | 18.30 |     0 |      0 |   6.60 |   0.10 |   0.20 |   2.80 | 16.50 |   2.10 |  4.80 |   2.20 |   0.10 |   2.30 | 19.60 |  17.90 | 31.20 |  2.20 |  0.10 |  11.90 |  16.60 |   2.50 |  6.40 |   0.10 |  0.10 |   1.90 |   1.20 | 16.50 |  8.40 |   0.10 |  29.30 |     0 |  3.50 |      0 |
|        96 |     0 |      0 |     0 |      0 |     0 |      0 |      0 |     0 |     0 |      0 |      0 |      0 |      0 |      0 |     0 |      0 |     0 |      0 |      0 |      0 |     0 |      0 |     0 |     0 |     0 |      0 |      0 |      0 |     0 |      0 |     0 |      0 |      0 |     0 |     0 |      0 |      0 |     0 |     0 |      0 |
|       102 |     0 |      0 |     0 |      0 |     0 |      0 |      0 |     0 |     0 |      0 |      0 |      0 |      0 |      0 |     0 |      0 |     0 |      0 |      0 |      0 |     0 |      0 |  0.10 |     0 |     0 |      0 |      0 |      0 |     0 |      0 |     0 |      0 |      0 |     0 |     0 |      0 |      0 |     0 |     0 |      0 |
|       108 |  5.50 |   0.60 |  1.00 |   3.70 | 14.40 |   3.40 |   3.00 |  1.10 |  2.30 |   3.80 |   7.40 |   0.60 |   6.10 |  75.30 | 17.00 |  18.70 | 39.10 |  18.10 |   0.50 |  20.40 |  0.90 |   4.20 | 22.70 |  6.80 |  0.30 |   4.40 |   3.20 |   0.30 | 30.40 |   2.50 |  3.70 |   5.30 |  20.00 | 14.70 | 85.00 |  26.00 |   3.60 |     0 |  3.30 |  19.50 |
|       114 |  1.20 |   0.80 |     0 |   1.00 |  1.10 |   0.40 |   0.30 |     0 |  0.30 |   1.50 |   1.90 |   0.50 |   3.60 |  20.40 |  3.10 |  16.10 |  8.70 |   2.10 |   0.30 |  17.30 |  1.30 |   1.30 | 12.50 |  1.40 |  0.10 |   2.70 |   1.40 |   0.70 | 11.90 |   0.30 |  1.10 |   0.40 |   4.50 | 14.10 | 25.70 |  18.80 |   1.60 |     0 |  0.50 |   8.70 |
|       120 |     0 |      0 |     0 |      0 |     0 |      0 |      0 |     0 |     0 |      0 |      0 |      0 |      0 |      0 |     0 |      0 |     0 |      0 |      0 |      0 |     0 |      0 |     0 |     0 |     0 |      0 |      0 |      0 |     0 |   0.10 |     0 |      0 |      0 |     0 |     0 |      0 |      0 |     0 |     0 |      0 |
