# variable: Mean Sea Level Pressure
# units: hPa
# 
| fcst_hour |       1 |       2 |       3 |       4 |       5 |       6 |       7 |       8 |       9 |      10 |      11 |      12 |      13 |      14 |      15 |      16 |      17 |      18 |      19 |      20 |      21 |      22 |      23 |      24 |      25 |      26 |      27 |      28 |      29 |      30 |      31 |      32 |      33 |      34 |      35 |      36 |      37 |      38 |      39 |      40 |
|         0 | 1017.93 | 1017.42 | 1018.06 | 1018.44 | 1018.10 | 1018.26 | 1018.85 | 1017.82 | 1018.37 | 1018.34 | 1017.65 | 1017.43 | 1016.86 | 1017.97 | 1018.72 | 1018.87 | 1019.21 | 1017.43 | 1017.76 | 1018.20 | 1017.76 | 1018.47 | 1017.51 | 1018.39 | 1018.90 | 1017.83 | 1018.14 | 1019.44 | 1018.99 | 1018.81 | 1019.16 | 1018.68 | 1018.28 | 1017.75 | 1019.57 | 1017.96 | 1018.28 | 1018.22 | 1019.30 | 1018.20 |
|         1 | 1018.87 | 1018.54 | 1019.08 | 1019.30 | 1019.12 | 1019.22 | 1019.74 | 1018.41 | 1019.50 | 1019.25 | 1018.51 | 1018.27 | 1017.67 | 1018.91 | 1019.67 | 1019.72 | 1019.77 | 1018.35 | 1018.39 | 1018.97 | 1018.60 | 1019.22 | 1018.46 | 1019.15 | 1019.69 | 1018.58 | 1019.01 | 1020.32 | 1019.76 | 1019.73 | 1019.79 | 1019.55 | 1018.83 | 1018.64 | 1020.49 | 1018.66 | 1018.73 | 1018.84 | 1019.90 | 1019.03 |
|         2 | 1018.95 | 1018.52 | 1019.22 | 1019.62 | 1019.08 | 1019.14 | 1019.46 | 1018.45 | 1019.83 | 1019.40 | 1018.66 | 1018.17 | 1017.64 | 1018.91 | 1019.72 | 1019.76 | 1019.80 | 1018.30 | 1018.65 | 1018.59 | 1018.74 | 1019.31 | 1018.65 | 1019.31 | 1020.02 | 1018.73 | 1019.04 | 1020.44 | 1019.82 | 1019.83 | 1019.94 | 1019.51 | 1018.83 | 1018.49 | 1020.54 | 1018.50 | 1018.83 | 1018.83 | 1020.00 | 1019.09 |
|         3 | 1019.69 | 1018.79 | 1019.49 | 1020.25 | 1019.66 | 1019.53 | 1019.86 | 1018.98 | 1020.02 | 1020.04 | 1019.11 | 1018.90 | 1018.09 | 1019.32 | 1020.14 | 1019.82 | 1019.96 | 1019.24 | 1019.20 | 1018.89 | 1019.28 | 1019.57 | 1019.52 | 1019.50 | 1020.55 | 1019.39 | 1019.49 | 1020.84 | 1020.23 | 1020.31 | 1019.92 | 1019.84 | 1019.33 | 1018.94 | 1020.41 | 1018.91 | 1019.21 | 1019.24 | 1020.47 | 1019.45 |
|         4 | 1020.25 | 1019.25 | 1020.11 | 1020.84 | 1020.03 | 1020.18 | 1020.52 | 1019.59 | 1020.35 | 1020.56 | 1019.71 | 1019.39 | 1018.69 | 1019.74 | 1020.73 | 1020.35 | 1020.50 | 1019.96 | 1019.66 | 1019.10 | 1019.71 | 1020.17 | 1020.13 | 1019.93 | 1020.76 | 1019.91 | 1020.01 | 1021.12 | 1021.04 | 1020.79 | 1020.38 | 1020.44 | 1019.77 | 1019.85 | 1020.98 | 1019.50 | 1020.06 | 1019.95 | 1020.90 | 1020.02 |
|         5 | 1020.76 | 1019.92 | 1020.74 | 1020.81 | 1020.37 | 1020.70 | 1020.97 | 1020.25 | 1020.64 | 1021.03 | 1019.97 | 1019.85 | 1019.51 | 1020.08 | 1021.18 | 1020.81 | 1020.76 | 1020.52 | 1020.08 | 1019.61 | 1020.14 | 1020.71 | 1020.34 | 1020.41 | 1021.10 | 1020.51 | 1020.31 | 1021.42 | 1021.44 | 1021.02 | 1021.02 | 1020.93 | 1020.39 | 1020.46 | 1021.77 | 1019.80 | 1020.48 | 1020.40 | 1021.41 | 1021.08 |
|         6 | 1021.61 | 1020.78 | 1021.51 | 1021.56 | 1021.10 | 1021.65 | 1021.56 | 1021.11 | 1021.66 | 1021.95 | 1021.14 | 1020.58 | 1020.05 | 1021.16 | 1021.79 | 1021.96 | 1021.66 | 1021.20 | 1020.78 | 1020.67 | 1020.97 | 1021.52 | 1020.92 | 1021.86 | 1021.84 | 1021.54 | 1021.03 | 1022.25 | 1022.24 | 1021.92 | 1022.26 | 1021.86 | 1021.21 | 1021.24 | 1022.67 | 1020.79 | 1021.09 | 1021.28 | 1022.17 | 1022.06 |
|         7 | 1022.55 | 1021.45 | 1022.30 | 1022.36 | 1021.96 | 1022.54 | 1022.48 | 1022.04 | 1022.82 | 1022.80 | 1022.32 | 1021.48 | 1021.02 | 1022.33 | 1022.63 | 1022.74 | 1022.65 | 1021.87 | 1021.67 | 1021.80 | 1021.90 | 1022.21 | 1021.69 | 1023.12 | 1022.91 | 1022.40 | 1022.03 | 1023.17 | 1023.27 | 1023.19 | 1023.23 | 1022.67 | 1022.17 | 1021.93 | 1023.29 | 1021.82 | 1021.81 | 1022.29 | 1022.84 | 1022.90 |
|         8 | 1022.97 | 1022.06 | 1022.98 | 1023.28 | 1022.55 | 1023.06 | 1023.00 | 1022.54 | 1023.56 | 1023.27 | 1022.90 | 1022.35 | 1021.76 | 1022.79 | 1023.21 | 1023.28 | 1023.21 | 1022.32 | 1022.17 | 1022.56 | 1022.55 | 1022.88 | 1022.30 | 1023.78 | 1023.63 | 1022.76 | 1022.95 | 1023.92 | 1023.91 | 1023.83 | 1023.80 | 1023.17 | 1023.48 | 1022.66 | 1024.00 | 1022.70 | 1022.48 | 1023.01 | 1023.41 | 1023.17 |
|         9 | 1023.88 | 1023.10 | 1024.04 | 1024.02 | 1023.82 | 1023.97 | 1023.90 | 1023.17 | 1024.67 | 1023.83 | 1023.44 | 1023.00 | 1022.73 | 1023.44 | 1023.95 | 1023.75 | 1024.11 | 1023.05 | 1023.00 | 1023.11 | 1023.36 | 1023.71 | 1023.13 | 1024.30 | 1024.44 | 1023.43 | 1023.69 | 1024.41 | 1024.47 | 1024.63 | 1024.61 | 1024.10 | 1024.39 | 1023.63 | 1024.96 | 1023.45 | 1023.50 | 1023.92 | 1023.85 | 1024.01 |
|        10 | 1024.38 | 1024.21 | 1024.02 | 1024.68 | 1024.24 | 1024.24 | 1024.34 | 1023.62 | 1025.02 | 1024.28 | 1023.79 | 1023.26 | 1023.74 | 1023.71 | 1024.42 | 1024.48 | 1024.53 | 1023.72 | 1023.60 | 1023.64 | 1024.13 | 1024.13 | 1023.73 | 1024.53 | 1024.89 | 1023.77 | 1023.71 | 1024.96 | 1024.87 | 1025.12 | 1025.08 | 1024.86 | 1024.61 | 1024.17 | 1025.46 | 1023.83 | 1024.32 | 1024.28 | 1024.61 | 1024.26 |
|        11 | 1024.46 | 1024.20 | 1024.17 | 1024.92 | 1024.35 | 1024.48 | 1024.61 | 1023.99 | 1024.86 | 1024.26 | 1024.02 | 1023.44 | 1023.82 | 1023.84 | 1024.67 | 1024.94 | 1024.78 | 1023.98 | 1023.85 | 1023.84 | 1024.21 | 1024.16 | 1023.86 | 1024.73 | 1024.74 | 1024.09 | 1023.88 | 1024.90 | 1025.11 | 1024.97 | 1025.11 | 1024.99 | 1024.85 | 1024.57 | 1025.28 | 1023.95 | 1024.39 | 1024.28 | 1024.74 | 1024.47 |
|        12 | 1024.23 | 1023.89 | 1023.88 | 1024.74 | 1024.27 | 1024.49 | 1024.75 | 1024.25 | 1024.57 | 1024.19 | 1024.31 | 1023.43 | 1023.67 | 1023.92 | 1024.76 | 1025.05 | 1024.71 | 1024.05 | 1024.08 | 1023.77 | 1024.34 | 1024.19 | 1024.06 | 1024.86 | 1024.68 | 1024.48 | 1023.83 | 1024.91 | 1025.23 | 1024.78 | 1025.03 | 1025.07 | 1024.73 | 1024.48 | 1025.08 | 1023.94 | 1024.21 | 1024.21 | 1024.97 | 1024.37 |
|        13 | 1024.66 | 1024.09 | 1024.37 | 1025.16 | 1024.51 | 1025.05 | 1025.21 | 1024.58 | 1025.00 | 1024.63 | 1024.76 | 1023.93 | 1023.92 | 1024.65 | 1025.21 | 1025.27 | 1025.08 | 1024.70 | 1024.66 | 1023.99 | 1024.95 | 1024.81 | 1024.46 | 1025.41 | 1025.37 | 1024.82 | 1024.14 | 1025.21 | 1025.54 | 1025.31 | 1025.36 | 1025.50 | 1025.08 | 1025.02 | 1025.40 | 1024.47 | 1024.91 | 1024.79 | 1025.33 | 1024.86 |
|        14 | 1025.37 | 1024.74 | 1024.96 | 1025.45 | 1025.00 | 1025.37 | 1025.48 | 1025.03 | 1025.55 | 1025.35 | 1025.29 | 1024.36 | 1024.52 | 1025.30 | 1025.48 | 1025.42 | 1025.64 | 1025.17 | 1024.85 | 1024.36 | 1025.48 | 1025.33 | 1025.02 | 1025.91 | 1025.77 | 1025.07 | 1024.62 | 1025.51 | 1025.81 | 1026.02 | 1025.94 | 1025.95 | 1025.56 | 1025.40 | 1025.85 | 1025.07 | 1025.49 | 1025.16 | 1025.76 | 1025.37 |
|        15 | 1026.23 | 1025.49 | 1025.60 | 1026.15 | 1025.63 | 1025.80 | 1026.09 | 1025.58 | 1026.27 | 1026.05 | 1025.76 | 1024.94 | 1025.35 | 1025.73 | 1025.95 | 1025.95 | 1026.26 | 1025.81 | 1025.01 | 1025.06 | 1026.30 | 1025.83 | 1025.49 | 1026.28 | 1026.23 | 1025.54 | 1025.03 | 1026.12 | 1026.36 | 1026.76 | 1026.69 | 1026.43 | 1026.33 | 1025.89 | 1026.34 | 1025.61 | 1026.16 | 1025.70 | 1026.36 | 1026.02 |
|        16 | 1026.56 | 1025.76 | 1026.03 | 1026.57 | 1026.04 | 1026.17 | 1026.74 | 1025.94 | 1026.68 | 1026.35 | 1025.94 | 1025.09 | 1025.86 | 1025.72 | 1026.07 | 1026.46 | 1026.66 | 1026.08 | 1025.39 | 1025.50 | 1026.59 | 1025.93 | 1025.81 | 1026.47 | 1026.43 | 1026.02 | 1025.40 | 1026.49 | 1026.69 | 1026.95 | 1027.07 | 1026.64 | 1026.64 | 1026.04 | 1026.67 | 1025.92 | 1026.43 | 1026.06 | 1026.37 | 1026.32 |
|        17 | 1027.00 | 1026.15 | 1026.63 | 1027.09 | 1026.43 | 1026.79 | 1027.38 | 1026.56 | 1027.30 | 1027.04 | 1026.46 | 1025.75 | 1026.31 | 1026.52 | 1026.52 | 1027.17 | 1027.47 | 1026.52 | 1026.11 | 1026.25 | 1027.17 | 1026.26 | 1026.52 | 1027.01 | 1027.15 | 1026.67 | 1026.03 | 1027.13 | 1027.56 | 1027.59 | 1027.76 | 1027.47 | 1027.12 | 1026.71 | 1027.24 | 1026.49 | 1027.06 | 1026.69 | 1026.78 | 1026.84 |
|        18 | 1027.69 | 1026.87 | 1027.39 | 1027.73 | 1027.06 | 1027.67 | 1028.00 | 1027.38 | 1027.71 | 1027.75 | 1027.24 | 1026.47 | 1027.01 | 1027.43 | 1027.28 | 1027.95 | 1028.26 | 1027.18 | 1026.94 | 1026.84 | 1027.89 | 1027.10 | 1027.30 | 1027.93 | 1027.85 | 1027.35 | 1026.70 | 1027.80 | 1028.03 | 1028.50 | 1028.42 | 1028.45 | 1027.61 | 1027.58 | 1028.02 | 1027.21 | 1027.65 | 1027.25 | 1027.42 | 1027.60 |
|        19 | 1028.23 | 1027.38 | 1027.86 | 1028.32 | 1027.43 | 1027.97 | 1028.53 | 1027.85 | 1028.14 | 1028.18 | 1027.92 | 1026.93 | 1027.41 | 1027.87 | 1027.84 | 1028.58 | 1028.90 | 1027.85 | 1027.45 | 1027.21 | 1028.30 | 1027.81 | 1027.58 | 1028.57 | 1028.29 | 1027.90 | 1027.15 | 1027.94 | 1028.16 | 1029.04 | 1029.00 | 1028.83 | 1028.21 | 1028.14 | 1028.49 | 1027.93 | 1028.28 | 1027.92 | 1028.22 | 1028.13 |
|        20 | 1028.37 | 1027.43 | 1028.22 | 1028.52 | 1027.54 | 1027.90 | 1028.73 | 1028.08 | 1028.38 | 1027.97 | 1028.30 | 1026.97 | 1027.79 | 1027.79 | 1027.81 | 1028.93 | 1028.91 | 1028.30 | 1027.57 | 1027.42 | 1028.46 | 1027.80 | 1027.60 | 1028.54 | 1028.45 | 1028.20 | 1027.23 | 1027.99 | 1028.30 | 1029.01 | 1029.18 | 1028.70 | 1028.67 | 1028.44 | 1028.24 | 1028.04 | 1028.67 | 1028.17 | 1028.29 | 1028.27 |
|        21 | 1028.56 | 1027.43 | 1028.36 | 1028.66 | 1027.83 | 1028.29 | 1028.65 | 1028.36 | 1028.54 | 1027.83 | 1028.38 | 1027.04 | 1027.98 | 1028.13 | 1028.08 | 1028.90 | 1028.73 | 1028.55 | 1027.52 | 1027.63 | 1028.42 | 1027.96 | 1027.98 | 1028.50 | 1028.63 | 1028.27 | 1027.62 | 1028.20 | 1028.70 | 1029.30 | 1029.22 | 1028.46 | 1029.02 | 1028.70 | 1028.38 | 1028.31 | 1029.21 | 1028.25 | 1028.25 | 1028.36 |
|        22 | 1029.00 | 1027.74 | 1028.65 | 1029.06 | 1028.29 | 1028.74 | 1028.82 | 1028.89 | 1028.94 | 1028.12 | 1028.72 | 1027.35 | 1028.36 | 1028.85 | 1028.61 | 1029.03 | 1029.02 | 1029.01 | 1027.59 | 1028.18 | 1029.09 | 1028.37 | 1028.72 | 1028.97 | 1029.25 | 1028.73 | 1028.22 | 1028.73 | 1029.19 | 1029.69 | 1029.65 | 1028.90 | 1029.32 | 1029.02 | 1028.96 | 1028.88 | 1029.68 | 1028.66 | 1028.30 | 1028.69 |
|        23 | 1029.51 | 1028.20 | 1029.16 | 1029.57 | 1028.77 | 1028.90 | 1029.43 | 1029.47 | 1029.31 | 1028.37 | 1029.23 | 1027.80 | 1028.69 | 1029.32 | 1028.88 | 1029.23 | 1029.39 | 1029.44 | 1027.66 | 1028.71 | 1029.84 | 1028.67 | 1029.25 | 1029.42 | 1029.67 | 1029.09 | 1028.78 | 1029.28 | 1029.43 | 1030.07 | 1030.21 | 1029.39 | 1029.53 | 1029.31 | 1029.32 | 1029.48 | 1029.96 | 1028.96 | 1028.70 | 1029.18 |
|        24 | 1029.64 | 1028.24 | 1029.39 | 1029.78 | 1028.90 | 1028.81 | 1029.82 | 1029.52 | 1029.37 | 1028.60 | 1029.34 | 1028.05 | 1028.88 | 1029.35 | 1029.00 | 1029.54 | 1029.69 | 1029.47 | 1027.90 | 1028.67 | 1030.32 | 1028.76 | 1029.22 | 1029.51 | 1029.66 | 1029.09 | 1028.75 | 1029.20 | 1029.59 | 1030.21 | 1030.35 | 1029.48 | 1029.61 | 1029.45 | 1029.35 | 1029.46 | 1029.91 | 1029.10 | 1028.85 | 1029.22 |
|        25 | 1029.46 | 1028.23 | 1029.45 | 1029.83 | 1028.93 | 1028.87 | 1030.00 | 1029.57 | 1029.37 | 1028.82 | 1029.60 | 1028.17 | 1028.90 | 1029.31 | 1029.00 | 1029.76 | 1029.83 | 1029.54 | 1028.20 | 1028.41 | 1030.50 | 1028.76 | 1029.16 | 1029.36 | 1029.64 | 1029.00 | 1028.74 | 1028.93 | 1029.78 | 1030.29 | 1030.18 | 1029.65 | 1029.71 | 1029.40 | 1029.28 | 1029.38 | 1029.94 | 1029.14 | 1029.07 | 1029.08 |
|        26 | 1029.19 | 1027.88 | 1028.98 | 1029.45 | 1028.46 | 1028.61 | 1029.66 | 1029.42 | 1029.10 | 1028.52 | 1029.47 | 1027.85 | 1028.68 | 1029.03 | 1028.80 | 1029.63 | 1029.62 | 1029.45 | 1028.07 | 1028.07 | 1030.31 | 1028.47 | 1028.88 | 1028.94 | 1029.33 | 1028.88 | 1028.46 | 1028.66 | 1029.40 | 1030.14 | 1029.91 | 1029.33 | 1029.58 | 1029.07 | 1029.13 | 1029.13 | 1029.80 | 1029.06 | 1028.91 | 1028.82 |
|        27 | 1028.90 | 1027.62 | 1028.85 | 1029.19 | 1028.06 | 1028.22 | 1029.50 | 1029.24 | 1028.77 | 1028.19 | 1029.23 | 1027.50 | 1028.46 | 1028.82 | 1028.62 | 1029.20 | 1029.23 | 1029.09 | 1027.61 | 1027.97 | 1030.04 | 1028.15 | 1028.80 | 1028.55 | 1029.26 | 1028.49 | 1028.20 | 1028.47 | 1029.03 | 1029.91 | 1029.76 | 1029.05 | 1029.18 | 1028.70 | 1028.76 | 1028.88 | 1029.57 | 1028.84 | 1028.67 | 1028.45 |
|        28 | 1028.89 | 1027.34 | 1029.05 | 1029.34 | 1027.97 | 1028.11 | 1029.37 | 1029.26 | 1028.78 | 1028.10 | 1029.19 | 1027.38 | 1028.50 | 1028.82 | 1028.66 | 1029.04 | 1028.96 | 1028.85 | 1027.35 | 1028.22 | 1030.36 | 1028.13 | 1029.02 | 1028.59 | 1029.28 | 1028.32 | 1028.09 | 1028.48 | 1029.06 | 1029.96 | 1029.73 | 1029.00 | 1029.37 | 1028.74 | 1028.79 | 1028.96 | 1029.73 | 1028.68 | 1028.56 | 1028.39 |
|        29 | 1028.87 | 1027.12 | 1028.97 | 1029.08 | 1027.80 | 1027.79 | 1029.07 | 1029.03 | 1028.51 | 1027.90 | 1029.09 | 1027.23 | 1028.48 | 1028.58 | 1028.48 | 1028.82 | 1028.61 | 1028.71 | 1027.06 | 1028.18 | 1030.38 | 1027.95 | 1028.89 | 1028.49 | 1028.98 | 1028.06 | 1027.92 | 1028.26 | 1028.84 | 1030.08 | 1029.50 | 1028.83 | 1029.28 | 1028.55 | 1028.61 | 1028.94 | 1029.71 | 1028.27 | 1028.34 | 1028.25 |
|        30 | 1029.36 | 1027.30 | 1029.27 | 1029.25 | 1028.33 | 1027.86 | 1029.38 | 1029.12 | 1028.74 | 1028.25 | 1029.27 | 1027.60 | 1028.73 | 1028.78 | 1028.66 | 1029.00 | 1028.83 | 1029.15 | 1027.19 | 1028.64 | 1030.85 | 1028.13 | 1028.97 | 1028.75 | 1029.24 | 1028.39 | 1028.17 | 1028.58 | 1029.29 | 1030.44 | 1029.69 | 1029.09 | 1029.54 | 1028.75 | 1029.09 | 1029.46 | 1030.22 | 1028.61 | 1028.39 | 1028.75 |
|        31 | 1029.71 | 1027.54 | 1029.23 | 1029.26 | 1028.71 | 1027.89 | 1029.17 | 1028.93 | 1028.87 | 1028.33 | 1029.35 | 1027.98 | 1028.95 | 1029.04 | 1028.74 | 1029.08 | 1028.96 | 1029.36 | 1027.16 | 1028.77 | 1030.95 | 1028.25 | 1029.12 | 1028.80 | 1029.76 | 1028.46 | 1028.31 | 1028.75 | 1029.33 | 1030.54 | 1029.80 | 1029.01 | 1029.58 | 1028.85 | 1029.25 | 1029.76 | 1030.36 | 1028.81 | 1028.48 | 1029.04 |
|        32 | 1029.96 | 1027.83 | 1029.51 | 1029.59 | 1029.01 | 1028.19 | 1029.90 | 1029.07 | 1029.22 | 1028.52 | 1029.57 | 1028.53 | 1029.40 | 1029.44 | 1029.07 | 1029.30 | 1029.27 | 1029.84 | 1027.47 | 1029.10 | 1031.24 | 1028.59 | 1029.59 | 1028.83 | 1030.22 | 1028.66 | 1028.49 | 1028.91 | 1029.54 | 1030.60 | 1030.12 | 1028.76 | 1029.88 | 1029.28 | 1029.29 | 1030.01 | 1030.63 | 1029.16 | 1028.78 | 1029.42 |
|        33 | 1029.90 | 1027.81 | 1029.50 | 1029.73 | 1028.96 | 1028.11 | 1030.05 | 1029.12 | 1029.28 | 1028.25 | 1029.35 | 1028.62 | 1029.41 | 1029.28 | 1029.07 | 1029.24 | 1029.11 | 1029.99 | 1027.63 | 1028.95 | 1031.54 | 1028.67 | 1029.50 | 1028.70 | 1030.14 | 1028.61 | 1028.51 | 1028.74 | 1029.39 | 1030.55 | 1030.07 | 1028.86 | 1030.06 | 1029.22 | 1029.19 | 1029.99 | 1030.87 | 1029.03 | 1028.81 | 1029.27 |
|        34 | 1029.82 | 1027.81 | 1029.56 | 1029.82 | 1028.96 | 1028.12 | 1030.08 | 1029.13 | 1029.45 | 1028.27 | 1029.13 | 1028.65 | 1029.44 | 1029.20 | 1029.08 | 1029.11 | 1028.94 | 1030.07 | 1027.76 | 1028.98 | 1031.47 | 1028.71 | 1029.40 | 1028.86 | 1029.86 | 1028.54 | 1028.50 | 1028.58 | 1029.45 | 1030.46 | 1030.14 | 1028.96 | 1030.07 | 1029.15 | 1028.95 | 1029.82 | 1030.92 | 1028.99 | 1028.82 | 1029.02 |
|        35 | 1029.53 | 1027.38 | 1028.97 | 1029.34 | 1028.54 | 1027.68 | 1029.39 | 1028.67 | 1029.06 | 1027.97 | 1028.59 | 1028.22 | 1028.76 | 1028.85 | 1028.72 | 1028.81 | 1028.25 | 1029.75 | 1027.29 | 1028.74 | 1030.88 | 1028.48 | 1029.09 | 1028.51 | 1029.48 | 1028.00 | 1028.09 | 1028.26 | 1029.11 | 1030.10 | 1029.82 | 1028.54 | 1029.60 | 1028.68 | 1028.55 | 1029.42 | 1030.40 | 1028.09 | 1028.53 | 1028.60 |
|        36 | 1029.26 | 1026.97 | 1028.73 | 1028.86 | 1028.30 | 1027.39 | 1029.05 | 1028.23 | 1028.63 | 1027.55 | 1028.27 | 1027.99 | 1028.54 | 1028.71 | 1028.42 | 1028.55 | 1027.89 | 1029.38 | 1026.89 | 1028.62 | 1030.37 | 1028.07 | 1028.73 | 1028.05 | 1029.06 | 1027.47 | 1027.86 | 1027.94 | 1028.81 | 1029.90 | 1029.58 | 1028.18 | 1029.41 | 1028.47 | 1028.26 | 1029.28 | 1029.96 | 1027.83 | 1028.45 | 1028.51 |
|        37 | 1029.02 | 1026.64 | 1028.58 | 1028.25 | 1027.93 | 1026.64 | 1028.66 | 1027.91 | 1028.01 | 1027.03 | 1027.87 | 1027.60 | 1028.09 | 1028.45 | 1028.08 | 1028.28 | 1027.40 | 1029.18 | 1026.40 | 1028.42 | 1030.01 | 1027.49 | 1028.25 | 1027.25 | 1028.71 | 1027.07 | 1027.48 | 1027.54 | 1028.46 | 1029.76 | 1029.05 | 1027.46 | 1028.78 | 1028.29 | 1027.98 | 1029.05 | 1029.65 | 1027.68 | 1028.09 | 1028.19 |
|        38 | 1028.83 | 1026.49 | 1028.51 | 1028.05 | 1027.85 | 1026.12 | 1028.43 | 1027.65 | 1027.88 | 1026.80 | 1027.74 | 1027.45 | 1028.22 | 1028.00 | 1027.77 | 1028.03 | 1027.12 | 1028.94 | 1026.18 | 1028.23 | 1030.19 | 1026.96 | 1028.05 | 1026.95 | 1028.31 | 1026.86 | 1027.05 | 1027.28 | 1028.16 | 1029.80 | 1028.70 | 1027.19 | 1028.59 | 1027.82 | 1027.70 | 1028.79 | 1029.43 | 1027.47 | 1027.64 | 1027.85 |
|        39 | 1028.72 | 1026.17 | 1028.19 | 1027.97 | 1027.87 | 1025.71 | 1028.15 | 1027.22 | 1027.69 | 1026.45 | 1027.66 | 1027.23 | 1028.22 | 1027.68 | 1027.42 | 1027.78 | 1026.66 | 1028.67 | 1025.99 | 1028.03 | 1030.27 | 1026.50 | 1027.88 | 1026.51 | 1028.11 | 1026.65 | 1026.62 | 1027.08 | 1027.95 | 1029.47 | 1028.34 | 1026.96 | 1028.38 | 1027.34 | 1027.18 | 1028.71 | 1029.15 | 1027.28 | 1027.28 | 1027.37 |
|        40 | 1028.62 | 1025.94 | 1027.71 | 1027.84 | 1027.84 | 1025.64 | 1028.08 | 1026.83 | 1027.55 | 1026.21 | 1027.40 | 1027.19 | 1028.15 | 1027.51 | 1027.22 | 1027.46 | 1026.43 | 1028.55 | 1025.94 | 1028.00 | 1030.16 | 1026.30 | 1027.78 | 1026.34 | 1028.01 | 1026.60 | 1026.44 | 1026.96 | 1027.69 | 1029.28 | 1028.15 | 1026.68 | 1028.13 | 1027.06 | 1026.94 | 1028.54 | 1028.94 | 1027.10 | 1027.11 | 1027.01 |
|        41 | 1028.46 | 1026.04 | 1027.63 | 1027.79 | 1027.80 | 1025.74 | 1028.26 | 1026.71 | 1027.43 | 1026.19 | 1027.11 | 1027.31 | 1027.99 | 1027.61 | 1027.30 | 1027.39 | 1026.43 | 1028.65 | 1026.02 | 1028.04 | 1030.25 | 1026.45 | 1027.75 | 1026.34 | 1028.05 | 1026.58 | 1026.51 | 1026.82 | 1027.55 | 1029.18 | 1028.32 | 1026.47 | 1028.10 | 1027.01 | 1027.12 | 1028.51 | 1028.95 | 1027.17 | 1027.27 | 1026.99 |
|        42 | 1028.44 | 1026.29 | 1027.63 | 1027.47 | 1027.94 | 1025.73 | 1028.24 | 1026.58 | 1027.45 | 1026.20 | 1026.98 | 1027.49 | 1027.89 | 1027.68 | 1027.30 | 1027.41 | 1026.74 | 1028.79 | 1026.16 | 1028.04 | 1030.29 | 1026.64 | 1027.63 | 1026.44 | 1028.13 | 1026.63 | 1026.52 | 1026.84 | 1027.65 | 1028.95 | 1028.50 | 1026.44 | 1027.99 | 1026.99 | 1027.46 | 1028.46 | 1028.74 | 1027.27 | 1027.25 | 1027.21 |
|        43 | 1028.15 | 1026.30 | 1027.79 | 1027.26 | 1027.81 | 1025.77 | 1028.05 | 1026.48 | 1027.62 | 1026.16 | 1026.93 | 1027.53 | 1027.94 | 1027.79 | 1027.32 | 1027.57 | 1026.89 | 1028.72 | 1026.22 | 1027.92 | 1030.34 | 1026.62 | 1027.51 | 1026.64 | 1028.27 | 1026.69 | 1026.64 | 1026.98 | 1027.64 | 1028.72 | 1028.51 | 1026.40 | 1027.93 | 1027.00 | 1027.62 | 1028.38 | 1028.35 | 1027.27 | 1027.28 | 1027.56 |
|        44 | 1027.97 | 1026.15 | 1027.85 | 1027.08 | 1027.97 | 1025.65 | 1027.71 | 1026.20 | 1027.75 | 1026.05 | 1026.84 | 1027.54 | 1027.96 | 1027.67 | 1027.06 | 1027.41 | 1026.74 | 1028.65 | 1026.21 | 1027.91 | 1030.27 | 1026.42 | 1027.29 | 1026.73 | 1028.43 | 1026.75 | 1026.65 | 1026.88 | 1027.68 | 1028.64 | 1028.39 | 1026.24 | 1027.79 | 1027.00 | 1027.33 | 1028.29 | 1028.35 | 1027.22 | 1027.33 | 1027.54 |
|        45 | 1027.84 | 1025.93 | 1027.60 | 1026.91 | 1027.54 | 1025.14 | 1027.39 | 1025.79 | 1027.65 | 1025.84 | 1026.61 | 1027.41 | 1028.05 | 1027.32 | 1026.80 | 1027.18 | 1026.42 | 1028.58 | 1026.00 | 1027.76 | 1029.99 | 1026.14 | 1027.15 | 1026.35 | 1028.33 | 1026.64 | 1026.42 | 1026.62 | 1027.48 | 1028.54 | 1028.35 | 1025.90 | 1027.68 | 1026.71 | 1027.10 | 1028.31 | 1028.40 | 1026.94 | 1027.18 | 1027.20 |
|        46 | 1028.01 | 1026.00 | 1027.54 | 1026.81 | 1027.50 | 1024.90 | 1027.37 | 1025.64 | 1027.69 | 1025.52 | 1026.42 | 1027.48 | 1028.03 | 1027.27 | 1026.79 | 1026.97 | 1026.15 | 1028.55 | 1026.01 | 1027.59 | 1029.93 | 1025.97 | 1027.18 | 1026.12 | 1028.06 | 1026.38 | 1026.51 | 1026.55 | 1027.25 | 1028.46 | 1028.51 | 1025.74 | 1027.65 | 1026.63 | 1027.22 | 1028.31 | 1028.37 | 1026.95 | 1027.10 | 1027.03 |
|        47 | 1027.88 | 1025.87 | 1027.14 | 1026.46 | 1027.36 | 1024.57 | 1027.27 | 1025.43 | 1027.32 | 1025.19 | 1026.05 | 1027.19 | 1027.87 | 1027.07 | 1026.32 | 1026.77 | 1025.82 | 1028.24 | 1025.90 | 1027.44 | 1029.65 | 1025.55 | 1027.06 | 1025.78 | 1027.78 | 1026.22 | 1026.35 | 1026.35 | 1026.99 | 1028.06 | 1028.44 | 1025.61 | 1027.37 | 1026.24 | 1026.93 | 1028.02 | 1027.94 | 1026.69 | 1026.93 | 1026.84 |
|        48 | 1027.60 | 1025.56 | 1026.69 | 1026.30 | 1027.30 | 1024.50 | 1027.00 | 1025.31 | 1027.12 | 1025.06 | 1025.89 | 1027.01 | 1027.60 | 1026.84 | 1025.91 | 1026.62 | 1025.58 | 1028.02 | 1025.70 | 1027.34 | 1029.44 | 1025.27 | 1026.77 | 1025.64 | 1027.29 | 1025.95 | 1026.14 | 1025.99 | 1026.85 | 1027.67 | 1028.04 | 1025.44 | 1027.05 | 1026.08 | 1026.62 | 1027.54 | 1027.52 | 1026.48 | 1026.67 | 1026.61 |
|        51 | 1026.91 | 1025.00 | 1026.10 | 1025.34 | 1026.52 | 1023.96 | 1026.30 | 1024.45 | 1026.88 | 1024.72 | 1024.72 | 1026.38 | 1026.81 | 1025.88 | 1025.22 | 1025.97 | 1024.97 | 1027.31 | 1024.74 | 1026.61 | 1028.59 | 1025.10 | 1025.89 | 1025.07 | 1026.80 | 1025.33 | 1025.63 | 1025.43 | 1026.01 | 1027.08 | 1027.24 | 1024.50 | 1026.36 | 1025.31 | 1026.45 | 1026.31 | 1026.44 | 1025.78 | 1025.73 | 1026.08 |
|        54 | 1026.49 | 1024.35 | 1025.77 | 1024.68 | 1025.90 | 1023.67 | 1025.85 | 1023.86 | 1026.52 | 1024.82 | 1024.54 | 1025.89 | 1026.70 | 1025.77 | 1024.45 | 1025.69 | 1024.38 | 1026.66 | 1024.73 | 1026.09 | 1027.98 | 1024.84 | 1025.39 | 1024.83 | 1026.49 | 1024.95 | 1025.33 | 1025.11 | 1025.70 | 1026.24 | 1027.07 | 1024.79 | 1025.80 | 1025.01 | 1026.35 | 1025.56 | 1025.39 | 1025.15 | 1025.19 | 1025.95 |
|        57 | 1026.91 | 1024.20 | 1025.77 | 1024.50 | 1026.09 | 1023.62 | 1026.36 | 1024.00 | 1026.67 | 1025.34 | 1024.10 | 1025.55 | 1026.98 | 1025.43 | 1024.33 | 1025.96 | 1024.37 | 1026.80 | 1024.60 | 1026.22 | 1028.30 | 1025.50 | 1025.24 | 1025.41 | 1026.89 | 1025.03 | 1025.71 | 1025.19 | 1025.71 | 1026.39 | 1026.82 | 1024.86 | 1026.10 | 1024.77 | 1026.76 | 1025.96 | 1025.45 | 1024.99 | 1025.32 | 1026.24 |
|        60 | 1026.04 | 1023.12 | 1024.50 | 1023.16 | 1024.84 | 1022.92 | 1024.74 | 1023.11 | 1025.89 | 1024.86 | 1022.81 | 1024.79 | 1026.08 | 1024.58 | 1023.57 | 1025.05 | 1023.44 | 1025.63 | 1023.17 | 1025.63 | 1027.19 | 1024.63 | 1024.02 | 1024.98 | 1025.88 | 1024.23 | 1024.71 | 1024.26 | 1025.10 | 1024.76 | 1026.46 | 1023.74 | 1024.88 | 1023.90 | 1025.51 | 1024.56 | 1023.74 | 1023.98 | 1023.91 | 1025.66 |
|        63 | 1024.92 | 1021.72 | 1023.50 | 1021.79 | 1023.72 | 1022.29 | 1023.20 | 1021.67 | 1025.01 | 1024.33 | 1021.91 | 1023.43 | 1024.75 | 1023.15 | 1023.39 | 1024.22 | 1022.67 | 1024.41 | 1022.11 | 1023.94 | 1025.84 | 1024.07 | 1022.65 | 1024.46 | 1024.38 | 1022.76 | 1023.47 | 1023.16 | 1023.91 | 1023.53 | 1025.20 | 1022.86 | 1023.65 | 1022.66 | 1024.60 | 1023.20 | 1022.33 | 1022.53 | 1022.74 | 1024.32 |
|        66 | 1024.16 | 1020.65 | 1022.70 | 1021.30 | 1023.36 | 1021.64 | 1022.64 | 1021.56 | 1024.06 | 1023.73 | 1021.21 | 1023.08 | 1023.90 | 1022.76 | 1023.25 | 1023.74 | 1022.16 | 1023.35 | 1021.42 | 1023.61 | 1025.26 | 1024.27 | 1021.97 | 1024.38 | 1024.03 | 1022.23 | 1023.21 | 1022.63 | 1023.33 | 1023.02 | 1024.42 | 1022.58 | 1023.20 | 1022.39 | 1023.55 | 1022.45 | 1021.81 | 1021.58 | 1022.34 | 1023.72 |
|        69 | 1023.27 | 1020.02 | 1022.13 | 1020.59 | 1022.44 | 1020.90 | 1022.25 | 1021.46 | 1023.08 | 1023.71 | 1020.46 | 1022.80 | 1023.42 | 1021.99 | 1022.67 | 1023.45 | 1022.18 | 1022.47 | 1020.72 | 1022.58 | 1024.91 | 1024.14 | 1021.85 | 1024.17 | 1023.21 | 1021.50 | 1022.59 | 1021.90 | 1023.01 | 1022.13 | 1023.96 | 1021.54 | 1022.81 | 1021.51 | 1022.38 | 1022.24 | 1021.18 | 1021.07 | 1021.61 | 1023.77 |
|        72 | 1022.38 | 1018.73 | 1021.52 | 1019.84 | 1021.80 | 1019.90 | 1021.69 | 1020.86 | 1022.33 | 1023.16 | 1019.97 | 1022.17 | 1022.15 | 1021.29 | 1022.16 | 1023.12 | 1021.60 | 1021.76 | 1019.73 | 1021.48 | 1023.83 | 1023.90 | 1021.46 | 1023.63 | 1022.69 | 1020.30 | 1021.54 | 1020.84 | 1022.28 | 1021.99 | 1023.10 | 1021.18 | 1021.93 | 1020.76 | 1020.48 | 1021.64 | 1020.33 | 1019.83 | 1020.92 | 1022.84 |
|        78 | 1021.03 | 1017.05 | 1020.40 | 1018.52 | 1021.05 | 1018.83 | 1021.35 | 1020.83 | 1019.89 | 1021.92 | 1019.74 | 1022.20 | 1019.83 | 1020.28 | 1021.89 | 1023.13 | 1021.65 | 1021.12 | 1018.19 | 1019.73 | 1023.19 | 1023.68 | 1021.46 | 1023.16 | 1021.96 | 1019.08 | 1020.41 | 1019.60 | 1021.74 | 1021.15 | 1021.76 | 1019.57 | 1021.05 | 1019.62 | 1017.65 | 1020.78 | 1019.14 | 1018.34 | 1020.62 | 1021.80 |
|        84 | 1020.15 | 1014.30 | 1019.97 | 1017.01 | 1020.36 | 1016.98 | 1021.66 | 1020.89 | 1017.87 | 1020.13 | 1018.92 | 1023.04 | 1017.69 | 1020.55 | 1020.66 | 1023.80 | 1022.74 | 1020.45 | 1016.15 | 1018.49 | 1023.10 | 1023.86 | 1021.66 | 1022.16 | 1023.18 | 1016.52 | 1019.24 | 1018.30 | 1021.21 | 1019.91 | 1021.32 | 1018.04 | 1019.69 | 1018.73 | 1014.28 | 1020.15 | 1018.16 | 1016.26 | 1019.38 | 1021.35 |
|        90 | 1019.56 | 1012.26 | 1019.21 | 1015.73 | 1019.68 | 1014.78 | 1021.17 | 1021.56 | 1014.63 | 1017.22 | 1018.81 | 1023.60 | 1015.94 | 1020.36 | 1018.91 | 1024.55 | 1024.10 | 1018.40 | 1014.15 | 1018.45 | 1022.63 | 1023.57 | 1020.66 | 1019.94 | 1024.77 | 1012.74 | 1017.13 | 1017.27 | 1019.67 | 1016.36 | 1020.35 | 1015.96 | 1017.25 | 1018.65 | 1010.72 | 1018.22 | 1018.51 | 1013.69 | 1017.93 | 1020.69 |
|        96 | 1019.14 | 1013.60 | 1018.58 | 1012.47 | 1020.16 | 1014.15 | 1021.57 | 1024.20 | 1012.36 | 1015.63 | 1020.88 | 1024.44 | 1015.99 | 1021.16 | 1018.46 | 1024.71 | 1025.22 | 1015.89 | 1014.43 | 1017.91 | 1022.66 | 1021.78 | 1019.24 | 1018.30 | 1027.00 | 1009.22 | 1015.65 | 1017.62 | 1017.83 | 1012.47 | 1019.78 | 1014.09 | 1014.73 | 1021.14 | 1009.62 | 1017.08 | 1019.78 | 1012.20 | 1018.57 | 1021.07 |
|       102 | 1022.14 | 1015.16 | 1019.09 | 1010.68 | 1021.74 | 1016.12 | 1021.41 | 1025.24 | 1010.54 | 1014.84 | 1024.76 | 1024.29 | 1016.07 | 1021.27 | 1018.65 | 1025.26 | 1026.37 | 1015.08 | 1016.29 | 1020.24 | 1023.05 | 1020.70 | 1017.02 | 1016.44 | 1028.76 | 1010.04 | 1016.56 | 1019.20 | 1020.63 | 1014.68 | 1018.25 | 1012.84 | 1015.35 | 1021.35 | 1009.02 | 1016.99 | 1019.46 | 1013.09 | 1021.59 | 1021.21 |
|       108 | 1024.54 | 1018.00 | 1018.07 | 1011.74 | 1023.22 | 1016.93 | 1020.50 | 1024.96 | 1011.49 | 1016.60 | 1027.06 | 1024.25 | 1016.23 | 1021.38 | 1018.74 | 1025.18 | 1027.19 | 1015.74 | 1018.81 | 1022.51 | 1023.60 | 1020.46 | 1016.33 | 1017.17 | 1028.90 | 1011.68 | 1019.06 | 1020.76 | 1021.31 | 1017.57 | 1018.45 | 1016.81 | 1016.90 | 1020.23 | 1009.94 | 1017.51 | 1017.85 | 1012.55 | 1023.75 | 1021.59 |
|       114 | 1025.58 | 1020.09 | 1015.54 | 1012.97 | 1022.75 | 1015.94 | 1016.62 | 1022.48 | 1011.62 | 1012.63 | 1027.75 | 1021.70 | 1017.51 | 1019.68 | 1017.00 | 1023.99 | 1026.75 | 1019.90 | 1019.01 | 1025.73 | 1021.00 | 1020.73 | 1017.65 | 1019.27 | 1027.69 | 1014.93 | 1021.42 | 1021.08 | 1018.86 | 1020.88 | 1016.73 | 1019.54 | 1021.09 | 1018.13 | 1014.18 | 1018.62 | 1017.91 | 1011.99 | 1023.23 | 1019.94 |
|       120 | 1023.91 | 1016.81 | 1016.00 | 1015.03 | 1022.07 | 1012.79 | 1013.59 | 1021.54 | 1010.60 | 1005.14 | 1027.97 | 1021.22 | 1017.54 | 1019.46 | 1016.20 | 1021.91 | 1025.35 | 1019.07 | 1014.29 | 1027.74 | 1017.18 | 1019.45 | 1014.33 | 1019.65 | 1027.53 | 1018.55 | 1021.55 | 1017.34 | 1018.65 | 1021.91 | 1010.58 | 1016.95 | 1020.68 | 1019.60 | 1016.38 | 1016.81 | 1018.02 | 1008.76 | 1021.09 | 1018.33 |
