# variable: Mean Sea Level Pressure
# units: hPa
# 
| fcst_hour |       1 |       2 |       3 |       4 |       5 |       6 |       7 |       8 |       9 |      10 |      11 |      12 |      13 |      14 |      15 |      16 |      17 |      18 |      19 |      20 |      21 |      22 |      23 |      24 |      25 |      26 |      27 |      28 |      29 |      30 |      31 |      32 |      33 |      34 |      35 |      36 |      37 |      38 |      39 |      40 |
|         0 | 1025.81 | 1026.97 | 1026.49 | 1025.49 | 1026.86 | 1026.58 | 1024.92 | 1027.00 | 1026.63 | 1026.76 | 1026.63 | 1025.62 | 1026.87 | 1026.85 | 1026.50 | 1027.16 | 1026.25 | 1026.27 | 1026.05 | 1026.54 | 1026.05 | 1025.43 | 1025.78 | 1026.34 | 1026.70 | 1025.80 | 1026.90 | 1026.71 | 1026.35 | 1027.03 | 1027.03 | 1026.77 | 1026.76 | 1026.64 | 1026.32 | 1026.00 | 1026.86 | 1026.25 | 1026.26 | 1026.21 |
|         1 | 1026.06 | 1027.43 | 1026.41 | 1025.80 | 1026.69 | 1026.89 | 1025.23 | 1026.95 | 1026.45 | 1027.08 | 1026.66 | 1025.81 | 1026.80 | 1026.79 | 1026.37 | 1027.42 | 1026.58 | 1026.83 | 1026.35 | 1026.59 | 1026.09 | 1025.59 | 1025.87 | 1026.50 | 1026.71 | 1025.91 | 1027.11 | 1026.82 | 1026.61 | 1027.08 | 1026.75 | 1026.87 | 1026.94 | 1026.95 | 1026.29 | 1026.13 | 1026.97 | 1026.53 | 1026.36 | 1026.36 |
|         2 | 1025.39 | 1027.38 | 1025.75 | 1025.41 | 1026.09 | 1026.54 | 1024.87 | 1026.61 | 1025.54 | 1026.51 | 1026.20 | 1025.24 | 1026.12 | 1026.09 | 1025.89 | 1026.84 | 1026.34 | 1026.73 | 1025.98 | 1026.08 | 1025.61 | 1025.01 | 1025.14 | 1025.98 | 1026.15 | 1025.33 | 1026.91 | 1026.35 | 1026.28 | 1026.56 | 1026.37 | 1026.50 | 1026.50 | 1026.56 | 1025.57 | 1025.95 | 1026.79 | 1026.04 | 1025.84 | 1026.21 |
|         3 | 1024.80 | 1026.80 | 1025.26 | 1025.22 | 1025.64 | 1025.99 | 1024.61 | 1025.96 | 1024.83 | 1025.55 | 1025.76 | 1025.02 | 1025.51 | 1025.54 | 1025.30 | 1026.02 | 1025.99 | 1026.16 | 1025.64 | 1025.80 | 1025.29 | 1024.75 | 1024.81 | 1025.50 | 1025.77 | 1025.06 | 1026.53 | 1025.87 | 1025.93 | 1026.00 | 1026.00 | 1026.03 | 1025.88 | 1026.27 | 1025.25 | 1025.55 | 1026.38 | 1025.67 | 1025.43 | 1025.95 |
|         4 | 1024.16 | 1026.32 | 1024.96 | 1024.86 | 1025.46 | 1025.47 | 1024.34 | 1025.61 | 1024.46 | 1025.08 | 1025.57 | 1024.76 | 1024.89 | 1025.33 | 1024.90 | 1025.66 | 1025.66 | 1025.71 | 1025.29 | 1025.45 | 1024.87 | 1024.57 | 1024.49 | 1025.27 | 1025.40 | 1024.49 | 1025.97 | 1025.49 | 1025.59 | 1025.43 | 1025.93 | 1025.63 | 1025.19 | 1025.74 | 1025.33 | 1025.17 | 1025.86 | 1025.40 | 1025.17 | 1025.60 |
|         5 | 1023.98 | 1026.14 | 1024.92 | 1024.70 | 1025.19 | 1025.13 | 1024.07 | 1025.30 | 1024.12 | 1024.83 | 1025.46 | 1024.77 | 1024.65 | 1025.37 | 1024.71 | 1025.67 | 1025.39 | 1025.78 | 1025.09 | 1025.35 | 1024.51 | 1024.65 | 1024.61 | 1025.27 | 1025.26 | 1024.46 | 1025.80 | 1025.34 | 1025.59 | 1025.31 | 1025.80 | 1025.61 | 1024.97 | 1025.66 | 1025.52 | 1024.88 | 1025.59 | 1025.20 | 1025.10 | 1025.08 |
|         6 | 1024.08 | 1026.16 | 1024.64 | 1024.57 | 1025.26 | 1025.22 | 1024.20 | 1025.36 | 1023.97 | 1024.89 | 1025.38 | 1024.42 | 1024.90 | 1025.11 | 1024.68 | 1025.81 | 1025.30 | 1025.73 | 1024.99 | 1025.23 | 1024.59 | 1024.69 | 1024.76 | 1025.22 | 1025.56 | 1024.56 | 1025.54 | 1025.13 | 1025.34 | 1025.13 | 1025.70 | 1025.41 | 1024.78 | 1025.59 | 1025.43 | 1024.65 | 1025.38 | 1024.91 | 1024.84 | 1024.64 |
|         7 | 1024.21 | 1026.41 | 1024.69 | 1024.88 | 1025.28 | 1025.46 | 1024.20 | 1025.47 | 1024.26 | 1025.28 | 1025.26 | 1024.26 | 1025.17 | 1025.24 | 1024.98 | 1025.58 | 1025.45 | 1025.65 | 1025.13 | 1025.25 | 1024.88 | 1024.87 | 1024.71 | 1025.33 | 1025.61 | 1024.82 | 1025.33 | 1025.14 | 1025.11 | 1025.41 | 1025.73 | 1025.46 | 1025.12 | 1025.80 | 1025.34 | 1024.60 | 1025.48 | 1025.11 | 1024.86 | 1024.71 |
|         8 | 1024.23 | 1026.70 | 1025.00 | 1025.05 | 1025.52 | 1025.78 | 1024.04 | 1025.93 | 1024.78 | 1025.26 | 1025.55 | 1024.73 | 1025.41 | 1025.54 | 1025.29 | 1025.67 | 1025.92 | 1025.81 | 1025.45 | 1025.36 | 1025.13 | 1025.02 | 1024.76 | 1025.44 | 1025.62 | 1024.82 | 1025.73 | 1025.22 | 1025.34 | 1025.86 | 1025.92 | 1025.59 | 1025.68 | 1025.94 | 1025.37 | 1024.87 | 1025.58 | 1025.34 | 1025.21 | 1024.97 |
|         9 | 1024.42 | 1026.92 | 1025.34 | 1025.10 | 1025.75 | 1026.10 | 1023.95 | 1026.48 | 1024.98 | 1025.21 | 1025.59 | 1025.00 | 1025.44 | 1025.55 | 1025.33 | 1025.98 | 1025.62 | 1025.98 | 1025.74 | 1025.48 | 1025.08 | 1024.99 | 1024.97 | 1025.60 | 1025.54 | 1024.92 | 1025.76 | 1025.48 | 1025.81 | 1025.93 | 1026.03 | 1025.86 | 1025.65 | 1025.91 | 1025.59 | 1025.12 | 1025.62 | 1025.33 | 1025.19 | 1025.08 |
|        10 | 1024.47 | 1027.00 | 1025.38 | 1025.57 | 1026.11 | 1026.16 | 1024.46 | 1026.65 | 1025.13 | 1025.44 | 1025.89 | 1025.13 | 1025.65 | 1025.23 | 1025.50 | 1026.34 | 1025.87 | 1026.28 | 1026.05 | 1025.63 | 1025.11 | 1025.46 | 1025.20 | 1025.85 | 1025.86 | 1025.01 | 1026.18 | 1025.99 | 1026.55 | 1025.89 | 1026.28 | 1026.12 | 1025.87 | 1026.55 | 1025.98 | 1025.12 | 1025.95 | 1025.45 | 1025.65 | 1025.23 |
|        11 | 1024.21 | 1026.41 | 1024.76 | 1025.28 | 1025.65 | 1025.70 | 1024.06 | 1026.10 | 1024.34 | 1025.21 | 1025.19 | 1024.37 | 1025.36 | 1024.92 | 1024.91 | 1026.03 | 1025.80 | 1025.84 | 1025.55 | 1025.16 | 1024.56 | 1025.20 | 1024.68 | 1025.73 | 1025.75 | 1024.72 | 1026.09 | 1025.77 | 1026.25 | 1025.40 | 1025.93 | 1026.05 | 1025.36 | 1026.34 | 1025.85 | 1024.76 | 1025.50 | 1025.20 | 1025.27 | 1024.98 |
|        12 | 1024.14 | 1026.02 | 1024.29 | 1025.19 | 1025.17 | 1025.73 | 1023.71 | 1025.50 | 1023.89 | 1024.98 | 1024.72 | 1024.02 | 1025.03 | 1024.67 | 1024.81 | 1025.63 | 1025.46 | 1025.39 | 1025.38 | 1024.73 | 1024.16 | 1024.75 | 1024.18 | 1025.41 | 1025.51 | 1024.32 | 1025.66 | 1025.40 | 1026.07 | 1024.95 | 1025.60 | 1025.79 | 1025.36 | 1026.01 | 1025.68 | 1024.61 | 1025.41 | 1025.15 | 1024.81 | 1024.59 |
|        13 | 1023.84 | 1025.74 | 1024.11 | 1024.90 | 1024.80 | 1025.63 | 1023.41 | 1025.23 | 1023.86 | 1024.93 | 1024.57 | 1023.90 | 1024.86 | 1024.46 | 1024.65 | 1025.09 | 1025.12 | 1025.27 | 1025.21 | 1024.55 | 1024.01 | 1024.43 | 1023.93 | 1025.10 | 1025.28 | 1024.26 | 1025.06 | 1024.77 | 1025.59 | 1024.67 | 1025.41 | 1025.30 | 1024.92 | 1025.76 | 1025.52 | 1024.50 | 1025.27 | 1024.90 | 1024.56 | 1024.65 |
|        14 | 1023.92 | 1025.90 | 1024.05 | 1024.98 | 1025.03 | 1025.72 | 1023.65 | 1025.42 | 1024.29 | 1024.97 | 1024.91 | 1024.11 | 1025.10 | 1024.52 | 1024.96 | 1024.99 | 1025.36 | 1025.31 | 1025.51 | 1024.61 | 1024.37 | 1024.54 | 1024.34 | 1025.09 | 1025.36 | 1024.44 | 1024.66 | 1024.69 | 1025.71 | 1024.59 | 1025.71 | 1025.11 | 1025.01 | 1025.68 | 1025.29 | 1024.70 | 1025.41 | 1025.11 | 1024.71 | 1024.98 |
|        15 | 1024.52 | 1026.43 | 1024.60 | 1025.28 | 1025.40 | 1026.05 | 1024.17 | 1025.74 | 1024.67 | 1024.92 | 1025.10 | 1024.56 | 1025.59 | 1024.70 | 1025.13 | 1025.38 | 1025.49 | 1025.73 | 1025.75 | 1024.77 | 1024.77 | 1024.78 | 1024.82 | 1025.28 | 1025.68 | 1025.07 | 1025.15 | 1025.03 | 1026.09 | 1024.68 | 1026.11 | 1025.34 | 1025.39 | 1025.71 | 1025.66 | 1024.95 | 1025.91 | 1025.20 | 1025.09 | 1025.35 |
|        16 | 1024.64 | 1026.95 | 1024.75 | 1025.38 | 1025.52 | 1026.63 | 1024.76 | 1026.18 | 1025.22 | 1025.11 | 1025.24 | 1024.82 | 1026.00 | 1025.15 | 1025.35 | 1025.66 | 1025.63 | 1026.20 | 1025.79 | 1024.89 | 1024.98 | 1024.94 | 1025.14 | 1025.35 | 1025.78 | 1025.64 | 1025.56 | 1025.06 | 1026.37 | 1024.74 | 1026.57 | 1025.86 | 1025.38 | 1025.89 | 1026.01 | 1025.22 | 1026.12 | 1025.44 | 1025.28 | 1025.68 |
|        17 | 1025.04 | 1027.29 | 1025.09 | 1025.52 | 1025.98 | 1026.98 | 1025.12 | 1026.64 | 1025.69 | 1025.28 | 1025.78 | 1025.35 | 1026.49 | 1025.40 | 1025.89 | 1026.14 | 1025.78 | 1026.56 | 1026.19 | 1025.31 | 1025.36 | 1025.56 | 1025.48 | 1025.77 | 1026.26 | 1026.13 | 1025.90 | 1025.14 | 1026.79 | 1025.12 | 1027.15 | 1026.28 | 1025.43 | 1026.30 | 1026.42 | 1025.65 | 1026.19 | 1025.64 | 1025.54 | 1025.87 |
|        18 | 1025.55 | 1027.55 | 1025.53 | 1025.73 | 1026.38 | 1027.33 | 1025.60 | 1026.75 | 1025.90 | 1025.86 | 1026.39 | 1025.58 | 1027.11 | 1025.70 | 1026.37 | 1026.60 | 1026.19 | 1026.74 | 1026.51 | 1025.79 | 1025.94 | 1026.09 | 1025.75 | 1026.11 | 1026.63 | 1026.23 | 1026.54 | 1025.43 | 1027.35 | 1025.35 | 1027.43 | 1026.49 | 1025.58 | 1026.59 | 1026.44 | 1025.85 | 1026.40 | 1025.77 | 1025.98 | 1025.87 |
|        19 | 1025.91 | 1027.86 | 1025.99 | 1025.93 | 1026.82 | 1027.95 | 1025.81 | 1027.13 | 1026.28 | 1026.37 | 1026.85 | 1025.85 | 1027.32 | 1026.21 | 1026.93 | 1027.09 | 1026.42 | 1026.80 | 1026.69 | 1026.31 | 1026.25 | 1026.24 | 1026.08 | 1026.27 | 1026.78 | 1026.64 | 1026.89 | 1025.92 | 1027.85 | 1025.91 | 1027.81 | 1026.83 | 1026.00 | 1026.80 | 1026.50 | 1026.12 | 1026.78 | 1026.10 | 1026.64 | 1026.07 |
|        20 | 1026.64 | 1028.42 | 1026.69 | 1026.64 | 1027.40 | 1028.30 | 1026.32 | 1027.52 | 1026.76 | 1026.97 | 1027.31 | 1026.50 | 1027.86 | 1026.89 | 1027.63 | 1027.48 | 1027.16 | 1026.99 | 1027.09 | 1026.90 | 1026.83 | 1026.67 | 1027.12 | 1026.72 | 1027.46 | 1027.07 | 1027.56 | 1026.75 | 1028.35 | 1026.63 | 1028.15 | 1027.10 | 1026.92 | 1027.26 | 1027.09 | 1026.34 | 1027.27 | 1026.77 | 1027.40 | 1026.49 |
|        21 | 1027.27 | 1028.63 | 1027.42 | 1027.08 | 1027.68 | 1028.55 | 1026.77 | 1027.56 | 1027.09 | 1027.10 | 1027.68 | 1026.94 | 1028.21 | 1027.60 | 1028.32 | 1027.70 | 1027.58 | 1027.55 | 1027.35 | 1027.21 | 1027.28 | 1027.00 | 1027.58 | 1027.07 | 1027.96 | 1027.68 | 1028.04 | 1027.28 | 1028.72 | 1027.01 | 1028.40 | 1027.76 | 1027.54 | 1027.80 | 1027.70 | 1026.83 | 1027.62 | 1027.45 | 1027.80 | 1026.82 |
|        22 | 1027.81 | 1028.89 | 1027.88 | 1027.43 | 1027.93 | 1028.92 | 1026.96 | 1027.86 | 1027.44 | 1027.39 | 1027.98 | 1027.52 | 1028.75 | 1028.22 | 1028.54 | 1028.06 | 1027.94 | 1027.98 | 1027.57 | 1027.53 | 1027.43 | 1027.32 | 1027.70 | 1027.70 | 1028.24 | 1028.29 | 1028.49 | 1027.53 | 1029.14 | 1027.41 | 1028.66 | 1028.23 | 1028.02 | 1028.10 | 1027.86 | 1027.50 | 1027.92 | 1027.88 | 1028.02 | 1027.25 |
|        23 | 1028.06 | 1028.85 | 1028.07 | 1027.61 | 1028.21 | 1029.23 | 1026.91 | 1028.15 | 1027.62 | 1027.57 | 1028.07 | 1027.92 | 1029.01 | 1028.80 | 1028.80 | 1028.30 | 1028.29 | 1028.09 | 1027.97 | 1027.70 | 1027.66 | 1027.72 | 1027.75 | 1028.31 | 1028.40 | 1028.62 | 1028.64 | 1027.62 | 1029.58 | 1027.41 | 1028.94 | 1028.45 | 1028.03 | 1028.19 | 1028.10 | 1027.67 | 1028.14 | 1028.06 | 1028.19 | 1027.49 |
|        24 | 1027.94 | 1028.78 | 1028.12 | 1027.60 | 1028.44 | 1029.32 | 1026.96 | 1028.18 | 1027.79 | 1027.65 | 1028.40 | 1028.17 | 1029.06 | 1028.98 | 1028.85 | 1028.44 | 1028.51 | 1027.85 | 1028.20 | 1027.77 | 1028.01 | 1027.90 | 1027.90 | 1028.65 | 1028.34 | 1028.59 | 1028.69 | 1027.52 | 1029.73 | 1027.21 | 1029.07 | 1028.53 | 1027.85 | 1027.97 | 1028.23 | 1027.74 | 1028.23 | 1027.93 | 1028.26 | 1027.73 |
|        25 | 1027.96 | 1029.26 | 1028.53 | 1027.62 | 1028.51 | 1029.47 | 1027.07 | 1028.37 | 1028.13 | 1027.97 | 1028.74 | 1028.31 | 1029.34 | 1029.16 | 1029.20 | 1028.75 | 1028.78 | 1027.80 | 1028.52 | 1028.00 | 1028.61 | 1028.13 | 1028.23 | 1028.89 | 1028.40 | 1028.81 | 1028.93 | 1027.57 | 1029.93 | 1027.41 | 1029.00 | 1028.60 | 1027.90 | 1028.10 | 1028.56 | 1027.87 | 1028.34 | 1028.11 | 1028.44 | 1028.05 |
|        26 | 1028.07 | 1029.57 | 1029.03 | 1027.77 | 1028.48 | 1029.58 | 1027.19 | 1028.45 | 1028.13 | 1028.04 | 1028.76 | 1028.50 | 1029.58 | 1029.19 | 1029.41 | 1028.86 | 1028.84 | 1028.02 | 1028.82 | 1028.38 | 1029.05 | 1028.35 | 1028.37 | 1028.99 | 1028.71 | 1029.19 | 1029.03 | 1027.54 | 1030.21 | 1027.64 | 1029.17 | 1028.50 | 1028.17 | 1028.56 | 1028.84 | 1027.96 | 1028.63 | 1028.30 | 1028.43 | 1028.20 |
|        27 | 1027.86 | 1029.57 | 1029.48 | 1027.96 | 1028.55 | 1029.69 | 1027.45 | 1028.43 | 1028.12 | 1027.91 | 1028.81 | 1028.36 | 1029.63 | 1029.22 | 1029.45 | 1028.91 | 1028.88 | 1028.25 | 1028.99 | 1028.56 | 1029.18 | 1028.57 | 1028.38 | 1028.99 | 1029.02 | 1029.75 | 1028.96 | 1027.84 | 1030.27 | 1027.70 | 1029.36 | 1028.24 | 1028.27 | 1028.87 | 1028.89 | 1028.16 | 1028.80 | 1028.39 | 1028.40 | 1028.10 |
|        28 | 1027.72 | 1029.50 | 1029.67 | 1028.03 | 1028.58 | 1029.76 | 1027.69 | 1028.63 | 1028.18 | 1027.92 | 1028.71 | 1028.33 | 1029.52 | 1029.51 | 1029.40 | 1029.26 | 1028.95 | 1028.44 | 1029.30 | 1028.96 | 1029.27 | 1028.68 | 1028.50 | 1029.00 | 1029.22 | 1029.77 | 1029.11 | 1028.11 | 1030.58 | 1027.88 | 1029.61 | 1028.46 | 1028.34 | 1029.05 | 1028.95 | 1028.25 | 1028.96 | 1028.79 | 1028.33 | 1028.06 |
|        29 | 1027.85 | 1029.81 | 1029.66 | 1028.10 | 1028.57 | 1029.68 | 1027.65 | 1028.77 | 1028.32 | 1028.31 | 1028.71 | 1028.61 | 1029.61 | 1029.83 | 1029.30 | 1029.53 | 1029.06 | 1028.58 | 1029.41 | 1029.27 | 1029.46 | 1028.62 | 1028.72 | 1029.04 | 1029.31 | 1029.84 | 1029.29 | 1028.06 | 1030.88 | 1028.18 | 1029.75 | 1029.07 | 1028.39 | 1029.27 | 1028.99 | 1028.41 | 1029.10 | 1029.16 | 1028.59 | 1028.18 |
|        30 | 1028.08 | 1029.86 | 1029.95 | 1028.36 | 1028.67 | 1029.77 | 1027.36 | 1028.89 | 1028.23 | 1028.61 | 1028.61 | 1028.72 | 1029.50 | 1029.88 | 1029.51 | 1029.67 | 1029.13 | 1028.66 | 1029.41 | 1029.35 | 1029.60 | 1028.71 | 1028.65 | 1029.05 | 1029.30 | 1029.93 | 1029.49 | 1027.91 | 1031.00 | 1028.41 | 1029.80 | 1029.53 | 1028.44 | 1029.45 | 1029.20 | 1028.42 | 1029.40 | 1029.11 | 1028.78 | 1028.34 |
|        31 | 1028.08 | 1029.68 | 1030.20 | 1028.58 | 1028.85 | 1029.88 | 1027.38 | 1029.15 | 1028.12 | 1028.72 | 1028.57 | 1028.56 | 1029.58 | 1029.88 | 1029.66 | 1029.59 | 1029.27 | 1028.81 | 1029.32 | 1029.43 | 1029.68 | 1029.05 | 1028.50 | 1029.15 | 1029.33 | 1030.08 | 1029.53 | 1028.03 | 1031.08 | 1028.47 | 1029.61 | 1029.72 | 1028.72 | 1029.51 | 1029.44 | 1028.44 | 1029.68 | 1028.92 | 1028.92 | 1028.55 |
|        32 | 1028.34 | 1029.93 | 1030.42 | 1028.69 | 1029.27 | 1030.18 | 1027.84 | 1029.35 | 1028.46 | 1028.84 | 1028.95 | 1028.59 | 1029.73 | 1029.93 | 1029.98 | 1029.69 | 1029.60 | 1029.15 | 1029.59 | 1029.76 | 1029.88 | 1029.34 | 1029.03 | 1029.35 | 1029.73 | 1030.24 | 1029.61 | 1028.52 | 1031.38 | 1028.76 | 1029.82 | 1029.95 | 1029.08 | 1029.72 | 1029.65 | 1028.74 | 1030.01 | 1029.15 | 1029.29 | 1028.85 |
|        33 | 1028.76 | 1030.57 | 1030.73 | 1028.99 | 1029.73 | 1030.58 | 1028.53 | 1029.50 | 1028.99 | 1028.88 | 1029.35 | 1028.89 | 1030.28 | 1030.03 | 1030.39 | 1030.02 | 1030.07 | 1029.61 | 1030.12 | 1030.18 | 1030.24 | 1029.66 | 1029.61 | 1029.71 | 1030.22 | 1030.46 | 1029.88 | 1029.23 | 1031.95 | 1029.06 | 1030.35 | 1030.22 | 1029.43 | 1030.22 | 1029.93 | 1029.14 | 1030.39 | 1029.79 | 1029.86 | 1029.29 |
|        34 | 1028.91 | 1031.07 | 1030.87 | 1029.13 | 1029.98 | 1030.81 | 1028.65 | 1029.64 | 1029.06 | 1028.94 | 1029.65 | 1029.00 | 1030.53 | 1030.26 | 1030.58 | 1029.99 | 1030.31 | 1029.78 | 1030.39 | 1030.20 | 1030.60 | 1029.80 | 1029.62 | 1029.85 | 1030.50 | 1030.64 | 1030.16 | 1029.26 | 1032.06 | 1029.25 | 1030.68 | 1030.30 | 1029.53 | 1030.45 | 1029.97 | 1029.16 | 1030.44 | 1030.28 | 1030.03 | 1029.53 |
|        35 | 1028.58 | 1030.95 | 1030.86 | 1028.83 | 1029.84 | 1030.54 | 1028.36 | 1029.72 | 1028.70 | 1028.95 | 1029.64 | 1028.63 | 1030.16 | 1030.20 | 1030.37 | 1029.93 | 1030.02 | 1029.45 | 1030.25 | 1030.06 | 1030.56 | 1029.69 | 1029.21 | 1029.59 | 1030.43 | 1030.64 | 1030.00 | 1028.85 | 1032.02 | 1029.25 | 1030.39 | 1029.92 | 1029.31 | 1030.30 | 1029.82 | 1029.13 | 1030.42 | 1030.27 | 1029.71 | 1029.40 |
|        36 | 1028.39 | 1030.68 | 1030.70 | 1028.64 | 1029.66 | 1030.26 | 1028.10 | 1029.60 | 1028.41 | 1028.78 | 1029.37 | 1028.30 | 1029.92 | 1030.02 | 1029.97 | 1029.98 | 1029.82 | 1029.10 | 1029.97 | 1030.01 | 1030.00 | 1029.56 | 1029.22 | 1029.37 | 1030.46 | 1030.57 | 1029.89 | 1028.63 | 1031.97 | 1029.12 | 1030.22 | 1029.74 | 1029.14 | 1030.34 | 1029.86 | 1028.97 | 1030.30 | 1030.10 | 1029.22 | 1029.33 |
|        37 | 1028.50 | 1030.55 | 1030.51 | 1028.81 | 1029.54 | 1030.21 | 1028.00 | 1029.52 | 1028.47 | 1028.67 | 1029.17 | 1028.04 | 1029.87 | 1030.06 | 1029.56 | 1029.93 | 1029.89 | 1029.00 | 1029.92 | 1029.91 | 1029.69 | 1029.47 | 1029.15 | 1029.46 | 1030.54 | 1030.73 | 1029.65 | 1028.68 | 1031.82 | 1028.92 | 1030.22 | 1029.77 | 1029.16 | 1030.47 | 1029.92 | 1028.84 | 1030.23 | 1030.15 | 1029.10 | 1029.31 |
|        38 | 1028.55 | 1030.19 | 1030.39 | 1028.87 | 1029.36 | 1030.32 | 1027.95 | 1029.40 | 1028.75 | 1028.68 | 1028.97 | 1027.95 | 1029.83 | 1029.98 | 1029.42 | 1029.68 | 1029.96 | 1029.15 | 1029.94 | 1029.81 | 1029.61 | 1029.41 | 1028.93 | 1029.39 | 1030.47 | 1030.79 | 1029.57 | 1028.74 | 1031.69 | 1028.88 | 1030.11 | 1029.79 | 1029.10 | 1030.52 | 1029.83 | 1028.76 | 1030.39 | 1030.01 | 1029.09 | 1029.41 |
|        39 | 1028.58 | 1030.35 | 1030.48 | 1028.84 | 1029.28 | 1030.55 | 1028.08 | 1029.42 | 1029.08 | 1028.74 | 1028.87 | 1028.12 | 1029.94 | 1029.88 | 1029.49 | 1029.64 | 1030.03 | 1029.29 | 1030.00 | 1029.96 | 1029.67 | 1029.37 | 1028.98 | 1029.44 | 1030.41 | 1030.88 | 1029.46 | 1028.80 | 1031.95 | 1029.01 | 1030.25 | 1029.93 | 1029.11 | 1030.55 | 1029.88 | 1028.78 | 1030.80 | 1029.92 | 1029.01 | 1029.33 |
|        40 | 1028.76 | 1030.61 | 1030.80 | 1028.94 | 1029.42 | 1030.58 | 1028.36 | 1029.58 | 1029.30 | 1028.83 | 1029.04 | 1028.23 | 1029.85 | 1029.91 | 1029.55 | 1029.94 | 1030.25 | 1029.37 | 1030.09 | 1030.20 | 1029.76 | 1029.58 | 1029.22 | 1029.60 | 1030.61 | 1031.04 | 1029.34 | 1028.90 | 1032.19 | 1029.25 | 1030.24 | 1030.04 | 1029.15 | 1030.55 | 1030.11 | 1029.07 | 1031.05 | 1029.91 | 1029.22 | 1029.30 |
|        41 | 1029.18 | 1031.05 | 1031.32 | 1029.01 | 1029.83 | 1030.64 | 1028.81 | 1029.86 | 1029.55 | 1029.34 | 1029.49 | 1028.24 | 1029.98 | 1030.34 | 1029.87 | 1030.25 | 1030.44 | 1029.65 | 1030.48 | 1030.63 | 1030.00 | 1029.94 | 1029.64 | 1029.90 | 1031.01 | 1031.42 | 1029.27 | 1029.15 | 1032.61 | 1029.55 | 1030.54 | 1030.34 | 1029.28 | 1030.76 | 1030.46 | 1029.39 | 1031.13 | 1030.26 | 1029.57 | 1029.61 |
|        42 | 1029.32 | 1031.29 | 1031.62 | 1029.10 | 1030.11 | 1030.67 | 1029.17 | 1030.00 | 1029.46 | 1029.70 | 1029.59 | 1028.26 | 1030.28 | 1030.58 | 1030.10 | 1030.38 | 1030.57 | 1030.03 | 1030.71 | 1030.94 | 1030.26 | 1030.04 | 1029.69 | 1030.04 | 1031.36 | 1031.61 | 1029.46 | 1029.26 | 1032.96 | 1029.72 | 1030.71 | 1030.59 | 1029.54 | 1030.92 | 1030.66 | 1029.66 | 1031.25 | 1030.41 | 1029.93 | 1029.82 |
|        43 | 1029.46 | 1031.51 | 1031.72 | 1029.41 | 1030.13 | 1030.99 | 1029.46 | 1030.10 | 1029.36 | 1029.84 | 1029.54 | 1028.34 | 1030.50 | 1030.92 | 1030.20 | 1030.38 | 1030.89 | 1030.41 | 1030.74 | 1030.88 | 1030.24 | 1030.02 | 1029.60 | 1030.28 | 1031.61 | 1031.66 | 1029.61 | 1029.43 | 1033.20 | 1029.75 | 1030.86 | 1030.75 | 1029.76 | 1031.08 | 1030.74 | 1029.87 | 1031.50 | 1030.61 | 1030.37 | 1030.16 |
|        44 | 1029.63 | 1031.72 | 1031.94 | 1029.42 | 1030.18 | 1031.47 | 1029.65 | 1030.29 | 1029.37 | 1029.79 | 1029.58 | 1028.51 | 1030.58 | 1031.25 | 1030.44 | 1030.27 | 1031.23 | 1030.58 | 1030.97 | 1031.23 | 1030.17 | 1029.99 | 1029.61 | 1030.44 | 1031.86 | 1031.71 | 1029.77 | 1029.48 | 1033.30 | 1029.96 | 1031.05 | 1030.89 | 1029.94 | 1031.29 | 1030.85 | 1030.12 | 1031.72 | 1030.86 | 1030.55 | 1030.43 |
|        45 | 1029.98 | 1032.06 | 1032.17 | 1029.64 | 1030.20 | 1031.58 | 1029.90 | 1030.46 | 1029.54 | 1030.02 | 1029.42 | 1028.74 | 1030.61 | 1031.39 | 1030.67 | 1030.28 | 1031.52 | 1030.61 | 1031.17 | 1031.42 | 1030.22 | 1029.95 | 1030.01 | 1030.58 | 1031.85 | 1031.65 | 1029.97 | 1029.38 | 1033.47 | 1030.10 | 1031.10 | 1030.88 | 1030.14 | 1031.75 | 1030.91 | 1030.38 | 1031.79 | 1030.94 | 1030.30 | 1030.59 |
|        46 | 1030.26 | 1032.26 | 1032.33 | 1029.58 | 1030.27 | 1031.68 | 1029.96 | 1030.53 | 1029.69 | 1029.92 | 1029.56 | 1028.98 | 1030.51 | 1031.13 | 1030.93 | 1030.55 | 1031.68 | 1030.58 | 1031.28 | 1031.44 | 1030.28 | 1029.92 | 1030.76 | 1030.59 | 1031.85 | 1031.88 | 1029.99 | 1029.41 | 1033.54 | 1030.19 | 1031.06 | 1030.88 | 1030.23 | 1031.99 | 1030.80 | 1030.50 | 1031.91 | 1031.06 | 1030.52 | 1030.91 |
|        47 | 1030.31 | 1032.30 | 1032.31 | 1029.59 | 1030.17 | 1031.74 | 1029.86 | 1030.38 | 1029.77 | 1029.83 | 1029.62 | 1029.10 | 1030.57 | 1031.04 | 1031.20 | 1030.88 | 1031.56 | 1030.66 | 1031.42 | 1031.59 | 1030.23 | 1029.68 | 1030.52 | 1030.38 | 1032.00 | 1032.12 | 1029.95 | 1029.47 | 1033.60 | 1030.12 | 1031.05 | 1031.05 | 1030.46 | 1031.89 | 1030.89 | 1030.44 | 1032.07 | 1031.05 | 1030.65 | 1031.03 |
|        48 | 1030.55 | 1032.32 | 1032.30 | 1029.86 | 1030.20 | 1031.73 | 1029.68 | 1030.18 | 1029.95 | 1030.14 | 1029.65 | 1029.17 | 1030.66 | 1031.24 | 1030.68 | 1031.05 | 1031.67 | 1030.80 | 1031.46 | 1031.59 | 1030.22 | 1029.80 | 1030.48 | 1030.62 | 1032.34 | 1032.33 | 1029.75 | 1029.70 | 1033.65 | 1030.21 | 1031.04 | 1031.32 | 1030.24 | 1031.65 | 1031.00 | 1030.41 | 1032.06 | 1031.13 | 1030.54 | 1031.00 |
|        51 | 1030.59 | 1032.54 | 1033.02 | 1030.34 | 1030.69 | 1032.31 | 1029.87 | 1030.19 | 1030.48 | 1030.43 | 1029.69 | 1029.23 | 1030.78 | 1031.05 | 1031.60 | 1030.63 | 1031.54 | 1031.32 | 1032.04 | 1032.00 | 1030.57 | 1029.76 | 1030.96 | 1030.25 | 1032.84 | 1032.75 | 1029.48 | 1030.08 | 1034.29 | 1030.87 | 1031.16 | 1031.29 | 1030.09 | 1032.33 | 1031.08 | 1031.17 | 1032.29 | 1031.92 | 1031.96 | 1032.02 |
|        54 | 1031.04 | 1032.90 | 1033.67 | 1030.29 | 1030.46 | 1032.99 | 1029.65 | 1030.28 | 1030.91 | 1031.37 | 1029.83 | 1030.20 | 1031.02 | 1031.72 | 1032.10 | 1030.75 | 1032.10 | 1031.80 | 1032.74 | 1032.39 | 1030.39 | 1029.59 | 1031.15 | 1030.74 | 1033.48 | 1033.29 | 1030.09 | 1030.76 | 1034.81 | 1031.98 | 1031.38 | 1031.25 | 1030.20 | 1032.84 | 1031.01 | 1031.68 | 1032.48 | 1032.71 | 1032.52 | 1032.26 |
|        57 | 1032.37 | 1033.80 | 1035.37 | 1031.53 | 1031.70 | 1034.68 | 1030.49 | 1030.93 | 1031.68 | 1033.50 | 1031.93 | 1032.20 | 1032.66 | 1033.17 | 1034.45 | 1031.91 | 1033.38 | 1032.28 | 1034.81 | 1033.69 | 1032.37 | 1030.39 | 1032.75 | 1032.28 | 1035.79 | 1035.15 | 1031.93 | 1032.25 | 1035.82 | 1034.59 | 1033.60 | 1032.26 | 1031.50 | 1034.00 | 1032.46 | 1033.23 | 1034.02 | 1034.45 | 1034.77 | 1034.40 |
|        60 | 1032.86 | 1033.57 | 1035.64 | 1031.18 | 1031.67 | 1034.69 | 1030.41 | 1030.90 | 1031.86 | 1033.53 | 1032.15 | 1032.04 | 1033.88 | 1033.08 | 1034.02 | 1031.98 | 1033.74 | 1032.24 | 1035.41 | 1033.49 | 1032.41 | 1029.92 | 1032.52 | 1033.00 | 1035.87 | 1035.37 | 1031.57 | 1032.22 | 1035.82 | 1035.35 | 1033.71 | 1032.15 | 1031.35 | 1033.98 | 1032.70 | 1033.06 | 1033.34 | 1034.43 | 1034.41 | 1034.52 |
|        63 | 1033.48 | 1034.03 | 1036.97 | 1031.35 | 1032.52 | 1035.62 | 1030.77 | 1031.69 | 1032.31 | 1034.44 | 1032.47 | 1032.06 | 1034.45 | 1033.56 | 1034.79 | 1032.84 | 1034.54 | 1032.89 | 1035.91 | 1034.02 | 1032.60 | 1030.78 | 1032.82 | 1033.86 | 1036.62 | 1036.74 | 1031.68 | 1033.35 | 1037.09 | 1035.92 | 1034.60 | 1032.88 | 1032.25 | 1035.36 | 1033.53 | 1032.87 | 1033.72 | 1035.17 | 1034.84 | 1035.58 |
|        66 | 1035.08 | 1035.40 | 1038.97 | 1032.33 | 1034.16 | 1036.57 | 1031.91 | 1033.01 | 1034.17 | 1036.10 | 1032.89 | 1032.14 | 1036.10 | 1034.67 | 1035.77 | 1034.76 | 1035.67 | 1033.53 | 1037.26 | 1035.05 | 1033.37 | 1032.09 | 1033.76 | 1034.56 | 1037.95 | 1037.97 | 1032.52 | 1034.64 | 1038.81 | 1037.33 | 1036.18 | 1033.68 | 1032.64 | 1036.93 | 1034.29 | 1033.55 | 1034.61 | 1036.42 | 1035.69 | 1036.51 |
|        69 | 1036.22 | 1035.60 | 1039.39 | 1032.20 | 1035.05 | 1036.88 | 1031.91 | 1033.29 | 1034.75 | 1035.96 | 1032.33 | 1031.26 | 1036.58 | 1034.84 | 1035.28 | 1035.46 | 1036.27 | 1033.55 | 1037.40 | 1035.64 | 1033.44 | 1032.21 | 1033.68 | 1034.72 | 1038.28 | 1038.28 | 1031.54 | 1034.85 | 1039.61 | 1037.47 | 1036.41 | 1033.31 | 1033.19 | 1036.92 | 1034.11 | 1032.97 | 1034.70 | 1036.10 | 1035.37 | 1036.52 |
|        72 | 1036.03 | 1035.73 | 1039.86 | 1031.81 | 1035.56 | 1036.51 | 1031.55 | 1033.74 | 1035.07 | 1035.64 | 1031.32 | 1030.64 | 1036.10 | 1034.12 | 1034.55 | 1036.52 | 1036.45 | 1033.50 | 1037.42 | 1035.41 | 1032.19 | 1031.68 | 1033.38 | 1034.20 | 1037.49 | 1039.06 | 1030.84 | 1034.92 | 1040.69 | 1036.92 | 1035.88 | 1033.13 | 1033.34 | 1037.35 | 1033.31 | 1032.43 | 1034.51 | 1035.97 | 1035.18 | 1036.83 |
|        78 | 1036.94 | 1035.69 | 1038.31 | 1032.83 | 1036.25 | 1036.63 | 1030.75 | 1035.17 | 1036.18 | 1035.19 | 1030.51 | 1032.60 | 1034.13 | 1033.21 | 1034.91 | 1038.21 | 1037.24 | 1033.58 | 1036.07 | 1035.77 | 1031.01 | 1031.52 | 1033.97 | 1032.57 | 1037.17 | 1038.97 | 1030.81 | 1035.09 | 1041.74 | 1036.75 | 1035.98 | 1032.86 | 1033.88 | 1038.34 | 1032.15 | 1032.82 | 1035.03 | 1035.43 | 1035.27 | 1037.52 |
|        84 | 1037.47 | 1036.47 | 1038.68 | 1033.59 | 1036.11 | 1036.62 | 1029.86 | 1036.14 | 1036.95 | 1034.09 | 1029.85 | 1035.58 | 1030.72 | 1034.59 | 1037.28 | 1038.16 | 1037.76 | 1035.44 | 1035.33 | 1034.97 | 1031.79 | 1031.78 | 1035.23 | 1031.92 | 1037.48 | 1038.72 | 1032.50 | 1035.92 | 1041.08 | 1035.44 | 1037.33 | 1034.16 | 1034.51 | 1039.33 | 1033.41 | 1035.08 | 1037.04 | 1035.69 | 1035.20 | 1037.92 |
|        90 | 1037.04 | 1038.47 | 1038.85 | 1034.63 | 1035.11 | 1036.02 | 1029.69 | 1037.10 | 1038.28 | 1032.67 | 1029.09 | 1036.89 | 1030.85 | 1036.28 | 1038.17 | 1038.82 | 1038.07 | 1037.36 | 1035.59 | 1034.45 | 1032.11 | 1032.27 | 1037.01 | 1031.46 | 1038.59 | 1039.89 | 1032.86 | 1035.99 | 1040.28 | 1034.05 | 1038.06 | 1035.75 | 1035.95 | 1039.16 | 1035.15 | 1036.09 | 1038.27 | 1035.70 | 1035.44 | 1038.13 |
|        96 | 1036.04 | 1040.08 | 1039.15 | 1035.88 | 1034.40 | 1036.32 | 1030.31 | 1038.74 | 1039.49 | 1032.77 | 1029.82 | 1037.00 | 1031.79 | 1037.40 | 1038.10 | 1037.47 | 1037.73 | 1040.05 | 1037.02 | 1035.22 | 1032.49 | 1033.14 | 1036.15 | 1032.35 | 1037.34 | 1040.04 | 1032.68 | 1034.84 | 1039.18 | 1033.95 | 1038.98 | 1036.25 | 1036.87 | 1038.57 | 1036.08 | 1037.17 | 1039.86 | 1036.19 | 1035.58 | 1035.94 |
|       102 | 1034.37 | 1038.53 | 1038.15 | 1036.58 | 1037.04 | 1036.60 | 1031.77 | 1040.03 | 1040.78 | 1032.23 | 1031.89 | 1034.72 | 1033.74 | 1038.02 | 1036.06 | 1036.02 | 1037.46 | 1041.86 | 1037.95 | 1038.19 | 1033.59 | 1035.48 | 1035.37 | 1035.38 | 1035.75 | 1040.30 | 1033.19 | 1034.58 | 1035.94 | 1033.45 | 1036.91 | 1037.79 | 1036.95 | 1038.01 | 1038.22 | 1037.94 | 1038.98 | 1036.07 | 1035.07 | 1034.32 |
|       108 | 1031.90 | 1037.17 | 1036.11 | 1036.91 | 1040.02 | 1035.56 | 1033.52 | 1038.50 | 1040.45 | 1030.72 | 1034.34 | 1032.68 | 1037.23 | 1036.14 | 1035.18 | 1034.71 | 1037.63 | 1042.71 | 1038.18 | 1039.44 | 1035.27 | 1037.20 | 1034.00 | 1037.67 | 1033.51 | 1039.43 | 1034.50 | 1033.20 | 1031.96 | 1034.55 | 1035.33 | 1038.70 | 1036.26 | 1037.91 | 1039.96 | 1038.98 | 1036.91 | 1036.65 | 1035.12 | 1034.16 |
|       114 | 1028.39 | 1035.38 | 1033.07 | 1037.07 | 1041.12 | 1033.71 | 1035.06 | 1035.33 | 1039.60 | 1029.02 | 1037.00 | 1029.90 | 1039.60 | 1033.99 | 1035.61 | 1032.77 | 1036.91 | 1041.54 | 1037.59 | 1040.17 | 1035.95 | 1038.04 | 1032.96 | 1038.67 | 1030.92 | 1038.14 | 1034.82 | 1032.32 | 1029.32 | 1036.45 | 1033.38 | 1037.87 | 1033.10 | 1038.07 | 1039.18 | 1038.46 | 1034.87 | 1037.31 | 1036.30 | 1035.12 |
|       120 | 1025.48 | 1033.48 | 1029.29 | 1037.00 | 1039.94 | 1030.63 | 1036.68 | 1030.04 | 1038.94 | 1026.44 | 1037.98 | 1026.93 | 1040.88 | 1029.79 | 1034.77 | 1029.85 | 1035.35 | 1039.54 | 1036.86 | 1040.35 | 1036.65 | 1037.20 | 1030.24 | 1039.20 | 1026.58 | 1035.70 | 1032.71 | 1030.81 | 1028.79 | 1036.65 | 1029.73 | 1035.73 | 1028.63 | 1037.47 | 1035.19 | 1036.65 | 1032.74 | 1038.31 | 1036.96 | 1035.84 |
