# variable: Mean Sea Level Pressure
# units: hPa
# 
| fcst_hour |       1 |       2 |       3 |       4 |       5 |       6 |       7 |       8 |       9 |      10 |      11 |      12 |      13 |      14 |      15 |      16 |      17 |      18 |      19 |      20 |      21 |      22 |      23 |      24 |      25 |      26 |      27 |      28 |      29 |      30 |      31 |      32 |      33 |      34 |      35 |      36 |      37 |      38 |      39 |      40 |
|         0 | 1023.06 | 1023.30 | 1022.72 | 1022.12 | 1022.95 | 1023.55 | 1022.80 | 1023.16 | 1022.51 | 1022.59 | 1023.46 | 1022.66 | 1022.67 | 1023.09 | 1023.40 | 1023.79 | 1022.85 | 1022.67 | 1022.21 | 1023.46 | 1021.80 | 1023.98 | 1023.33 | 1023.22 | 1022.25 | 1022.39 | 1023.30 | 1024.00 | 1023.86 | 1023.14 | 1024.12 | 1023.33 | 1023.16 | 1023.30 | 1023.74 | 1022.85 | 1023.62 | 1024.07 | 1023.72 | 1022.48 |
|         1 | 1023.24 | 1023.93 | 1023.14 | 1022.66 | 1023.87 | 1023.85 | 1023.02 | 1023.46 | 1023.14 | 1023.19 | 1023.82 | 1023.16 | 1023.13 | 1023.52 | 1023.73 | 1024.01 | 1023.44 | 1023.19 | 1022.46 | 1023.79 | 1022.70 | 1024.37 | 1023.72 | 1023.74 | 1022.76 | 1022.74 | 1023.70 | 1024.17 | 1023.99 | 1023.38 | 1024.24 | 1023.55 | 1023.40 | 1023.68 | 1024.14 | 1023.48 | 1024.19 | 1024.29 | 1023.93 | 1023.01 |
|         2 | 1023.20 | 1024.31 | 1023.44 | 1022.86 | 1024.57 | 1024.17 | 1023.57 | 1023.34 | 1023.57 | 1023.62 | 1024.15 | 1023.83 | 1022.97 | 1023.78 | 1024.25 | 1024.29 | 1023.93 | 1023.43 | 1022.69 | 1024.05 | 1023.27 | 1024.45 | 1024.26 | 1023.96 | 1022.96 | 1023.48 | 1023.95 | 1024.52 | 1024.21 | 1023.24 | 1024.49 | 1024.02 | 1023.78 | 1023.97 | 1024.30 | 1023.70 | 1024.44 | 1024.38 | 1023.97 | 1023.41 |
|         3 | 1023.38 | 1024.81 | 1023.56 | 1023.25 | 1024.63 | 1024.37 | 1023.64 | 1023.68 | 1023.85 | 1023.79 | 1024.22 | 1024.26 | 1023.05 | 1024.06 | 1024.48 | 1024.47 | 1024.26 | 1023.54 | 1022.65 | 1024.45 | 1023.56 | 1024.36 | 1024.74 | 1023.90 | 1023.20 | 1023.75 | 1024.35 | 1024.79 | 1024.38 | 1023.32 | 1024.51 | 1024.20 | 1023.98 | 1024.28 | 1024.46 | 1024.28 | 1024.33 | 1024.58 | 1024.05 | 1023.51 |
|         4 | 1023.79 | 1025.28 | 1023.85 | 1023.65 | 1024.89 | 1024.84 | 1023.97 | 1024.04 | 1024.12 | 1023.87 | 1024.70 | 1024.40 | 1023.27 | 1024.49 | 1024.92 | 1024.79 | 1024.50 | 1024.03 | 1022.97 | 1024.68 | 1023.92 | 1024.74 | 1025.10 | 1024.32 | 1023.71 | 1024.12 | 1024.71 | 1025.05 | 1024.69 | 1023.78 | 1025.00 | 1024.62 | 1024.36 | 1024.72 | 1024.43 | 1024.68 | 1024.46 | 1025.14 | 1024.31 | 1023.81 |
|         5 | 1024.33 | 1025.69 | 1024.36 | 1024.09 | 1025.27 | 1025.32 | 1024.10 | 1024.58 | 1024.67 | 1024.38 | 1025.03 | 1024.75 | 1023.82 | 1024.80 | 1025.39 | 1025.36 | 1024.89 | 1024.61 | 1023.65 | 1025.09 | 1024.51 | 1025.29 | 1025.59 | 1024.87 | 1024.40 | 1024.34 | 1025.11 | 1025.59 | 1025.31 | 1024.55 | 1025.59 | 1025.15 | 1024.91 | 1025.13 | 1024.97 | 1025.11 | 1025.08 | 1025.61 | 1024.60 | 1024.36 |
|         6 | 1024.70 | 1026.03 | 1024.59 | 1024.44 | 1025.80 | 1025.60 | 1024.08 | 1024.97 | 1024.85 | 1024.93 | 1025.39 | 1024.88 | 1024.19 | 1025.03 | 1025.79 | 1025.59 | 1025.25 | 1025.02 | 1023.97 | 1025.42 | 1025.00 | 1025.48 | 1025.69 | 1025.18 | 1024.63 | 1024.60 | 1025.25 | 1025.90 | 1025.79 | 1024.81 | 1026.04 | 1025.47 | 1025.46 | 1025.22 | 1025.35 | 1025.23 | 1025.83 | 1025.77 | 1024.83 | 1024.67 |
|         7 | 1024.86 | 1026.38 | 1024.99 | 1024.63 | 1026.04 | 1025.84 | 1024.12 | 1025.04 | 1024.96 | 1025.47 | 1025.54 | 1025.22 | 1024.30 | 1025.12 | 1025.99 | 1025.84 | 1025.55 | 1025.29 | 1024.19 | 1025.89 | 1025.06 | 1025.51 | 1025.73 | 1025.19 | 1024.58 | 1024.95 | 1025.47 | 1025.94 | 1026.16 | 1024.86 | 1026.04 | 1025.55 | 1025.73 | 1025.36 | 1025.64 | 1025.29 | 1026.28 | 1025.96 | 1025.14 | 1024.86 |
|         8 | 1025.31 | 1026.92 | 1025.78 | 1025.28 | 1026.59 | 1026.40 | 1024.74 | 1025.24 | 1025.40 | 1026.04 | 1026.11 | 1025.88 | 1024.80 | 1025.63 | 1026.64 | 1026.22 | 1026.03 | 1025.69 | 1024.59 | 1026.27 | 1025.57 | 1025.86 | 1025.97 | 1025.68 | 1024.99 | 1025.56 | 1025.74 | 1026.29 | 1026.67 | 1025.26 | 1026.28 | 1026.20 | 1026.19 | 1026.07 | 1025.91 | 1026.02 | 1026.84 | 1026.37 | 1025.76 | 1025.20 |
|         9 | 1025.45 | 1026.96 | 1026.22 | 1025.66 | 1026.89 | 1026.63 | 1025.32 | 1025.26 | 1026.02 | 1026.22 | 1026.48 | 1026.31 | 1025.10 | 1026.09 | 1027.02 | 1026.60 | 1026.21 | 1025.96 | 1025.03 | 1026.40 | 1026.12 | 1026.14 | 1026.25 | 1026.25 | 1025.51 | 1025.93 | 1026.09 | 1026.68 | 1026.93 | 1025.47 | 1026.61 | 1026.75 | 1026.65 | 1026.59 | 1026.06 | 1026.58 | 1027.05 | 1026.57 | 1026.09 | 1025.46 |
|        10 | 1025.31 | 1026.72 | 1026.10 | 1025.51 | 1026.75 | 1026.62 | 1025.55 | 1025.27 | 1026.26 | 1026.17 | 1026.27 | 1026.22 | 1025.20 | 1026.19 | 1027.08 | 1026.63 | 1026.29 | 1026.01 | 1025.08 | 1026.14 | 1026.15 | 1026.07 | 1026.33 | 1026.29 | 1025.64 | 1025.85 | 1026.04 | 1026.77 | 1026.67 | 1025.42 | 1026.79 | 1026.93 | 1026.61 | 1026.47 | 1026.17 | 1026.53 | 1026.99 | 1026.52 | 1025.95 | 1025.64 |
|        11 | 1025.19 | 1026.77 | 1025.88 | 1025.54 | 1026.41 | 1026.58 | 1025.64 | 1025.34 | 1026.08 | 1026.05 | 1026.17 | 1026.14 | 1025.28 | 1026.18 | 1026.86 | 1026.51 | 1026.41 | 1025.99 | 1025.20 | 1026.32 | 1026.07 | 1026.18 | 1026.40 | 1026.28 | 1025.69 | 1025.82 | 1026.22 | 1026.66 | 1026.52 | 1025.53 | 1026.82 | 1026.79 | 1026.56 | 1026.30 | 1026.30 | 1026.46 | 1026.99 | 1026.64 | 1025.93 | 1025.42 |
|        12 | 1025.28 | 1027.05 | 1025.88 | 1025.61 | 1026.22 | 1026.45 | 1025.40 | 1025.24 | 1025.87 | 1025.90 | 1026.07 | 1025.82 | 1025.39 | 1026.08 | 1026.75 | 1026.45 | 1026.47 | 1026.02 | 1025.34 | 1026.59 | 1025.88 | 1026.27 | 1026.53 | 1026.23 | 1025.54 | 1025.69 | 1026.25 | 1026.54 | 1026.45 | 1025.68 | 1026.52 | 1026.74 | 1026.46 | 1026.31 | 1026.31 | 1026.49 | 1027.08 | 1026.79 | 1026.23 | 1025.33 |
|        13 | 1025.54 | 1027.35 | 1026.23 | 1025.96 | 1026.60 | 1026.58 | 1025.27 | 1025.36 | 1025.80 | 1025.71 | 1026.26 | 1025.81 | 1025.73 | 1026.20 | 1026.79 | 1026.68 | 1026.55 | 1026.06 | 1025.61 | 1026.89 | 1026.02 | 1026.34 | 1026.68 | 1026.42 | 1025.72 | 1025.84 | 1026.32 | 1026.78 | 1026.72 | 1025.94 | 1026.54 | 1026.92 | 1026.65 | 1026.55 | 1026.37 | 1026.63 | 1027.31 | 1027.04 | 1026.63 | 1025.42 |
|        14 | 1025.55 | 1027.63 | 1026.48 | 1026.29 | 1026.93 | 1027.07 | 1025.44 | 1025.35 | 1025.92 | 1025.73 | 1026.31 | 1026.25 | 1026.21 | 1026.46 | 1027.00 | 1026.67 | 1026.58 | 1026.35 | 1025.80 | 1027.23 | 1026.37 | 1026.58 | 1026.81 | 1026.58 | 1026.07 | 1026.04 | 1026.43 | 1027.10 | 1026.94 | 1025.98 | 1026.74 | 1027.08 | 1027.00 | 1026.51 | 1026.41 | 1026.78 | 1027.36 | 1027.26 | 1026.86 | 1025.72 |
|        15 | 1025.77 | 1027.85 | 1026.78 | 1026.47 | 1027.24 | 1027.44 | 1025.99 | 1025.70 | 1026.33 | 1026.00 | 1026.48 | 1026.91 | 1026.32 | 1026.88 | 1027.41 | 1026.99 | 1027.00 | 1026.88 | 1026.01 | 1027.48 | 1026.76 | 1026.61 | 1027.05 | 1026.62 | 1026.50 | 1026.39 | 1026.71 | 1027.53 | 1027.14 | 1026.34 | 1027.05 | 1027.39 | 1027.52 | 1026.60 | 1026.65 | 1026.95 | 1027.52 | 1027.47 | 1027.03 | 1026.01 |
|        16 | 1025.96 | 1028.09 | 1026.82 | 1026.67 | 1027.47 | 1027.62 | 1026.27 | 1026.03 | 1026.63 | 1026.22 | 1026.59 | 1027.30 | 1026.39 | 1027.17 | 1027.57 | 1027.33 | 1027.32 | 1027.25 | 1026.05 | 1027.51 | 1026.83 | 1026.77 | 1027.09 | 1027.03 | 1026.88 | 1026.47 | 1027.01 | 1027.72 | 1027.23 | 1026.70 | 1027.10 | 1027.58 | 1027.57 | 1026.67 | 1026.90 | 1027.25 | 1027.67 | 1027.70 | 1027.16 | 1026.32 |
|        17 | 1026.31 | 1028.62 | 1027.20 | 1027.08 | 1027.87 | 1027.90 | 1026.53 | 1026.49 | 1027.13 | 1026.76 | 1026.92 | 1027.72 | 1026.64 | 1027.54 | 1027.99 | 1027.92 | 1027.94 | 1027.35 | 1026.28 | 1027.89 | 1027.20 | 1026.99 | 1027.35 | 1027.47 | 1027.26 | 1026.90 | 1027.58 | 1028.06 | 1027.70 | 1027.32 | 1027.51 | 1027.98 | 1027.76 | 1027.12 | 1027.49 | 1027.82 | 1028.04 | 1028.07 | 1027.42 | 1026.60 |
|        18 | 1026.58 | 1028.98 | 1027.69 | 1027.30 | 1028.04 | 1028.16 | 1026.91 | 1026.73 | 1027.30 | 1027.27 | 1027.28 | 1027.94 | 1026.95 | 1027.79 | 1028.26 | 1028.40 | 1028.35 | 1027.56 | 1026.47 | 1028.21 | 1027.57 | 1027.30 | 1027.78 | 1027.85 | 1027.60 | 1027.18 | 1027.67 | 1028.32 | 1028.12 | 1027.72 | 1028.00 | 1028.45 | 1028.06 | 1027.53 | 1028.08 | 1028.29 | 1028.28 | 1028.39 | 1027.70 | 1026.88 |
|        19 | 1026.41 | 1029.03 | 1027.76 | 1027.44 | 1028.10 | 1028.18 | 1027.04 | 1026.83 | 1027.17 | 1027.28 | 1027.44 | 1027.87 | 1027.12 | 1027.59 | 1028.40 | 1028.43 | 1028.38 | 1027.61 | 1026.77 | 1028.25 | 1027.62 | 1027.60 | 1027.87 | 1027.77 | 1027.75 | 1027.23 | 1027.59 | 1028.28 | 1028.10 | 1027.74 | 1028.10 | 1028.60 | 1028.29 | 1027.82 | 1028.22 | 1028.25 | 1028.35 | 1028.33 | 1027.92 | 1026.81 |
|        20 | 1026.30 | 1028.74 | 1027.39 | 1027.51 | 1028.01 | 1027.98 | 1026.81 | 1026.76 | 1027.01 | 1026.89 | 1027.22 | 1027.67 | 1027.13 | 1027.44 | 1028.40 | 1028.10 | 1028.13 | 1027.64 | 1027.07 | 1028.36 | 1027.31 | 1027.38 | 1027.62 | 1027.67 | 1027.47 | 1026.97 | 1027.05 | 1027.91 | 1027.87 | 1027.61 | 1027.88 | 1028.54 | 1028.21 | 1027.77 | 1028.05 | 1028.02 | 1028.20 | 1028.26 | 1027.90 | 1026.58 |
|        21 | 1026.43 | 1028.70 | 1027.24 | 1027.40 | 1027.95 | 1028.13 | 1026.68 | 1026.86 | 1026.97 | 1026.92 | 1027.03 | 1027.60 | 1027.21 | 1027.57 | 1028.42 | 1027.84 | 1027.91 | 1027.57 | 1027.38 | 1028.44 | 1027.09 | 1027.06 | 1027.55 | 1027.83 | 1027.28 | 1027.00 | 1027.06 | 1027.91 | 1027.82 | 1027.65 | 1027.71 | 1028.59 | 1028.08 | 1027.79 | 1027.95 | 1027.78 | 1028.23 | 1028.20 | 1028.17 | 1026.72 |
|        22 | 1026.41 | 1028.77 | 1027.21 | 1027.28 | 1027.89 | 1028.22 | 1026.60 | 1026.68 | 1027.08 | 1026.96 | 1026.93 | 1027.55 | 1027.35 | 1027.57 | 1028.37 | 1027.98 | 1028.04 | 1027.41 | 1027.50 | 1028.57 | 1027.21 | 1026.87 | 1027.54 | 1028.00 | 1027.29 | 1027.10 | 1027.06 | 1027.91 | 1027.80 | 1027.64 | 1027.75 | 1028.59 | 1028.00 | 1027.84 | 1027.92 | 1027.78 | 1028.33 | 1028.09 | 1028.27 | 1026.78 |
|        23 | 1026.29 | 1028.79 | 1027.16 | 1027.16 | 1027.88 | 1028.11 | 1026.64 | 1026.44 | 1026.95 | 1026.85 | 1026.76 | 1027.50 | 1027.43 | 1027.60 | 1028.18 | 1028.13 | 1027.71 | 1027.41 | 1027.30 | 1028.54 | 1027.04 | 1027.00 | 1027.48 | 1027.98 | 1027.32 | 1026.99 | 1026.87 | 1027.77 | 1027.59 | 1027.57 | 1027.81 | 1028.38 | 1027.97 | 1027.62 | 1027.89 | 1027.74 | 1028.11 | 1027.93 | 1028.25 | 1026.67 |
|        24 | 1025.93 | 1028.57 | 1026.83 | 1026.95 | 1027.70 | 1027.95 | 1026.61 | 1026.19 | 1026.47 | 1026.57 | 1026.54 | 1027.13 | 1027.26 | 1027.22 | 1027.80 | 1027.90 | 1027.24 | 1027.25 | 1026.88 | 1028.12 | 1026.72 | 1026.84 | 1026.99 | 1027.75 | 1027.06 | 1026.59 | 1026.65 | 1027.29 | 1027.25 | 1027.24 | 1027.23 | 1027.97 | 1027.65 | 1027.22 | 1027.53 | 1027.40 | 1027.63 | 1027.61 | 1028.03 | 1026.37 |
|        25 | 1025.72 | 1028.40 | 1026.47 | 1026.92 | 1027.43 | 1027.88 | 1026.68 | 1025.89 | 1026.10 | 1026.53 | 1026.03 | 1026.98 | 1026.82 | 1026.81 | 1027.53 | 1027.69 | 1027.20 | 1027.16 | 1026.77 | 1027.85 | 1026.10 | 1026.66 | 1026.53 | 1027.66 | 1026.78 | 1026.12 | 1026.54 | 1027.12 | 1027.19 | 1026.94 | 1026.79 | 1027.87 | 1027.34 | 1026.95 | 1027.23 | 1026.98 | 1027.42 | 1027.59 | 1027.88 | 1026.22 |
|        26 | 1025.22 | 1028.19 | 1025.89 | 1026.55 | 1026.81 | 1027.59 | 1026.38 | 1025.53 | 1025.72 | 1026.05 | 1025.43 | 1026.60 | 1026.11 | 1026.39 | 1027.25 | 1027.39 | 1027.18 | 1026.55 | 1026.49 | 1027.62 | 1025.46 | 1026.25 | 1026.11 | 1027.30 | 1026.25 | 1025.73 | 1026.18 | 1026.70 | 1026.81 | 1026.70 | 1026.46 | 1027.66 | 1026.81 | 1026.68 | 1026.80 | 1026.57 | 1027.15 | 1027.16 | 1027.24 | 1026.04 |
|        27 | 1024.62 | 1028.03 | 1025.52 | 1026.13 | 1026.42 | 1027.20 | 1025.80 | 1024.90 | 1025.15 | 1025.42 | 1024.80 | 1026.14 | 1025.64 | 1026.00 | 1026.72 | 1027.13 | 1027.20 | 1025.86 | 1026.20 | 1027.38 | 1024.89 | 1025.84 | 1025.75 | 1026.77 | 1025.58 | 1025.47 | 1025.75 | 1026.13 | 1026.15 | 1026.26 | 1026.33 | 1027.25 | 1026.32 | 1026.24 | 1026.48 | 1026.09 | 1026.75 | 1026.69 | 1026.79 | 1025.61 |
|        28 | 1024.41 | 1027.51 | 1025.17 | 1025.69 | 1026.16 | 1026.84 | 1025.40 | 1024.64 | 1024.19 | 1024.89 | 1024.42 | 1025.78 | 1025.80 | 1025.90 | 1026.28 | 1027.06 | 1026.96 | 1025.89 | 1026.00 | 1027.35 | 1024.33 | 1025.39 | 1025.62 | 1026.39 | 1025.10 | 1025.07 | 1025.38 | 1025.70 | 1025.75 | 1025.74 | 1026.28 | 1026.81 | 1025.98 | 1026.02 | 1026.48 | 1025.77 | 1026.52 | 1026.27 | 1026.54 | 1025.34 |
|        29 | 1024.03 | 1027.32 | 1025.01 | 1025.41 | 1025.73 | 1026.93 | 1025.28 | 1024.75 | 1023.78 | 1024.74 | 1023.91 | 1025.51 | 1025.83 | 1025.88 | 1026.07 | 1027.02 | 1026.51 | 1025.56 | 1025.85 | 1027.46 | 1023.53 | 1025.15 | 1025.39 | 1026.22 | 1024.95 | 1024.74 | 1025.23 | 1025.15 | 1025.59 | 1025.87 | 1026.25 | 1026.53 | 1025.96 | 1025.77 | 1026.37 | 1025.63 | 1026.34 | 1026.07 | 1026.53 | 1025.11 |
|        30 | 1023.67 | 1027.18 | 1024.67 | 1025.54 | 1025.19 | 1026.91 | 1025.05 | 1024.19 | 1023.72 | 1024.67 | 1023.31 | 1025.00 | 1025.48 | 1025.32 | 1025.80 | 1026.78 | 1026.28 | 1025.06 | 1025.74 | 1027.28 | 1022.96 | 1024.97 | 1025.28 | 1026.02 | 1025.00 | 1024.20 | 1025.36 | 1024.86 | 1025.07 | 1025.44 | 1026.13 | 1026.26 | 1025.95 | 1025.47 | 1026.08 | 1025.44 | 1025.74 | 1025.77 | 1026.26 | 1024.71 |
|        31 | 1023.42 | 1027.20 | 1024.50 | 1025.49 | 1024.89 | 1026.72 | 1024.81 | 1023.82 | 1023.64 | 1024.69 | 1023.02 | 1024.46 | 1025.09 | 1025.02 | 1025.70 | 1026.68 | 1026.16 | 1024.71 | 1025.75 | 1027.02 | 1022.97 | 1025.01 | 1025.07 | 1025.77 | 1024.68 | 1024.18 | 1025.10 | 1024.63 | 1024.84 | 1025.17 | 1026.04 | 1026.38 | 1026.02 | 1025.35 | 1026.03 | 1024.76 | 1025.21 | 1025.57 | 1026.20 | 1024.50 |
|        32 | 1023.24 | 1027.41 | 1024.49 | 1025.51 | 1025.25 | 1026.80 | 1024.83 | 1024.06 | 1023.87 | 1024.28 | 1022.85 | 1024.56 | 1025.09 | 1025.37 | 1025.56 | 1026.70 | 1026.17 | 1024.71 | 1025.97 | 1027.23 | 1022.91 | 1025.46 | 1025.44 | 1025.89 | 1024.55 | 1024.57 | 1025.09 | 1024.85 | 1025.11 | 1025.21 | 1026.04 | 1026.60 | 1025.75 | 1025.56 | 1025.82 | 1025.32 | 1025.88 | 1025.79 | 1026.45 | 1024.56 |
|        33 | 1023.23 | 1027.65 | 1024.54 | 1025.69 | 1025.39 | 1027.15 | 1025.18 | 1024.28 | 1024.04 | 1024.47 | 1022.93 | 1024.81 | 1025.40 | 1025.27 | 1025.83 | 1027.28 | 1026.44 | 1024.65 | 1025.89 | 1027.46 | 1022.50 | 1025.82 | 1025.45 | 1026.01 | 1024.87 | 1024.98 | 1025.23 | 1024.86 | 1025.53 | 1025.73 | 1026.35 | 1026.62 | 1025.84 | 1025.84 | 1026.26 | 1025.37 | 1026.03 | 1025.86 | 1026.34 | 1024.62 |
|        34 | 1022.86 | 1027.54 | 1024.32 | 1025.65 | 1025.15 | 1026.60 | 1024.94 | 1024.30 | 1023.82 | 1024.53 | 1022.60 | 1024.72 | 1025.15 | 1025.01 | 1025.89 | 1027.52 | 1026.34 | 1024.48 | 1025.80 | 1027.10 | 1022.14 | 1025.85 | 1025.36 | 1026.07 | 1024.60 | 1024.74 | 1025.07 | 1024.89 | 1025.46 | 1025.16 | 1026.41 | 1026.41 | 1025.51 | 1025.77 | 1025.88 | 1025.11 | 1025.71 | 1025.79 | 1026.30 | 1024.58 |
|        35 | 1022.23 | 1027.08 | 1023.65 | 1025.11 | 1024.90 | 1025.94 | 1024.38 | 1023.99 | 1023.12 | 1024.01 | 1021.84 | 1024.02 | 1024.89 | 1024.35 | 1025.34 | 1027.19 | 1025.99 | 1023.96 | 1025.27 | 1026.48 | 1021.24 | 1025.28 | 1024.81 | 1025.75 | 1023.93 | 1024.28 | 1024.74 | 1024.33 | 1025.38 | 1024.93 | 1026.19 | 1026.03 | 1025.09 | 1025.35 | 1025.49 | 1024.80 | 1025.02 | 1025.37 | 1025.83 | 1024.32 |
|        36 | 1021.48 | 1026.64 | 1023.26 | 1024.75 | 1024.55 | 1025.39 | 1023.86 | 1023.59 | 1022.86 | 1023.57 | 1021.04 | 1023.54 | 1024.35 | 1024.02 | 1024.91 | 1026.78 | 1025.74 | 1023.49 | 1024.96 | 1026.24 | 1020.77 | 1024.77 | 1024.53 | 1025.18 | 1023.68 | 1023.76 | 1024.18 | 1023.94 | 1025.10 | 1024.50 | 1025.97 | 1025.68 | 1024.87 | 1024.91 | 1025.07 | 1024.41 | 1024.86 | 1025.04 | 1025.25 | 1023.95 |
|        37 | 1021.29 | 1026.52 | 1022.97 | 1024.58 | 1024.41 | 1025.10 | 1023.70 | 1023.46 | 1023.03 | 1023.42 | 1020.84 | 1023.36 | 1024.20 | 1023.65 | 1024.75 | 1026.66 | 1025.40 | 1023.34 | 1024.85 | 1026.12 | 1020.94 | 1024.59 | 1024.38 | 1024.96 | 1023.67 | 1023.50 | 1023.92 | 1023.80 | 1025.11 | 1024.45 | 1026.03 | 1025.68 | 1024.55 | 1024.53 | 1024.81 | 1024.40 | 1024.94 | 1024.97 | 1025.17 | 1023.77 |
|        38 | 1021.27 | 1026.64 | 1023.29 | 1024.55 | 1024.51 | 1025.33 | 1023.77 | 1023.56 | 1023.62 | 1023.53 | 1021.20 | 1023.49 | 1024.51 | 1023.59 | 1024.77 | 1026.61 | 1025.48 | 1023.45 | 1024.88 | 1026.38 | 1021.35 | 1024.74 | 1024.59 | 1025.04 | 1023.70 | 1023.64 | 1023.75 | 1023.82 | 1025.19 | 1024.45 | 1026.13 | 1026.07 | 1024.45 | 1024.49 | 1024.96 | 1024.72 | 1025.03 | 1024.74 | 1025.30 | 1023.95 |
|        39 | 1021.27 | 1026.96 | 1023.76 | 1024.59 | 1024.75 | 1025.56 | 1024.01 | 1023.66 | 1024.27 | 1023.95 | 1021.70 | 1023.81 | 1024.77 | 1023.65 | 1024.89 | 1026.88 | 1025.56 | 1023.79 | 1024.95 | 1026.67 | 1022.12 | 1024.87 | 1024.65 | 1025.12 | 1024.15 | 1023.87 | 1023.91 | 1023.97 | 1025.34 | 1024.51 | 1026.31 | 1026.71 | 1024.36 | 1024.62 | 1025.12 | 1025.22 | 1025.19 | 1024.70 | 1025.41 | 1024.14 |
|        40 | 1021.59 | 1027.33 | 1024.39 | 1024.94 | 1024.81 | 1025.86 | 1024.20 | 1023.99 | 1024.79 | 1024.28 | 1022.46 | 1024.09 | 1025.43 | 1024.03 | 1025.18 | 1027.07 | 1025.70 | 1024.12 | 1024.97 | 1026.85 | 1022.88 | 1025.13 | 1024.90 | 1025.38 | 1024.36 | 1024.06 | 1024.24 | 1024.00 | 1025.53 | 1024.94 | 1026.82 | 1027.21 | 1024.63 | 1024.72 | 1025.23 | 1025.75 | 1025.39 | 1024.98 | 1025.44 | 1024.35 |
|        41 | 1022.01 | 1027.59 | 1025.08 | 1025.27 | 1025.18 | 1026.15 | 1024.30 | 1024.48 | 1025.17 | 1024.61 | 1023.18 | 1024.42 | 1025.97 | 1024.48 | 1025.62 | 1027.11 | 1025.97 | 1024.58 | 1025.06 | 1027.12 | 1023.74 | 1025.53 | 1025.30 | 1025.73 | 1024.85 | 1024.26 | 1024.64 | 1024.57 | 1025.73 | 1025.02 | 1027.51 | 1027.72 | 1025.05 | 1025.04 | 1025.57 | 1026.33 | 1025.49 | 1025.29 | 1025.70 | 1024.66 |
|        42 | 1022.29 | 1027.85 | 1026.06 | 1025.57 | 1025.03 | 1026.17 | 1024.47 | 1024.87 | 1025.59 | 1024.67 | 1024.00 | 1024.66 | 1026.36 | 1024.94 | 1026.03 | 1027.41 | 1026.13 | 1025.03 | 1025.20 | 1027.36 | 1024.77 | 1025.81 | 1025.52 | 1025.99 | 1025.24 | 1024.49 | 1025.17 | 1025.12 | 1026.17 | 1025.15 | 1028.05 | 1028.22 | 1025.46 | 1025.15 | 1025.90 | 1026.76 | 1025.73 | 1025.45 | 1025.84 | 1024.64 |
|        43 | 1022.78 | 1028.01 | 1026.77 | 1025.73 | 1025.23 | 1026.59 | 1024.54 | 1025.02 | 1025.93 | 1024.89 | 1024.86 | 1025.02 | 1026.89 | 1025.35 | 1026.28 | 1027.61 | 1026.44 | 1025.54 | 1025.22 | 1027.34 | 1025.48 | 1025.96 | 1025.47 | 1026.18 | 1025.55 | 1024.83 | 1025.55 | 1025.51 | 1026.40 | 1025.22 | 1028.33 | 1028.68 | 1025.94 | 1025.37 | 1026.28 | 1027.07 | 1025.98 | 1025.53 | 1026.13 | 1024.83 |
|        44 | 1023.50 | 1028.29 | 1027.67 | 1026.15 | 1025.56 | 1026.68 | 1024.83 | 1024.96 | 1026.14 | 1025.44 | 1025.63 | 1025.32 | 1027.40 | 1025.84 | 1026.62 | 1027.91 | 1026.42 | 1026.14 | 1025.23 | 1027.49 | 1026.00 | 1026.13 | 1025.54 | 1026.40 | 1025.80 | 1025.18 | 1026.08 | 1025.96 | 1026.73 | 1025.42 | 1028.39 | 1028.89 | 1026.49 | 1025.60 | 1026.53 | 1027.44 | 1026.25 | 1025.45 | 1026.26 | 1025.17 |
|        45 | 1024.01 | 1028.64 | 1028.59 | 1026.63 | 1025.66 | 1026.65 | 1025.16 | 1025.05 | 1026.34 | 1025.58 | 1026.35 | 1025.80 | 1027.93 | 1026.34 | 1027.14 | 1028.17 | 1026.66 | 1026.75 | 1025.37 | 1027.80 | 1026.49 | 1026.19 | 1025.88 | 1026.84 | 1026.01 | 1025.61 | 1026.75 | 1026.33 | 1026.91 | 1025.57 | 1028.60 | 1029.16 | 1026.99 | 1025.94 | 1026.92 | 1028.05 | 1026.42 | 1025.79 | 1026.67 | 1025.32 |
|        46 | 1024.39 | 1028.66 | 1029.02 | 1026.98 | 1025.76 | 1026.79 | 1025.37 | 1025.56 | 1026.55 | 1025.68 | 1026.96 | 1026.15 | 1028.30 | 1026.66 | 1027.42 | 1028.46 | 1026.74 | 1027.09 | 1025.51 | 1028.00 | 1027.09 | 1026.33 | 1026.03 | 1027.22 | 1026.34 | 1026.00 | 1027.15 | 1026.61 | 1027.09 | 1025.70 | 1028.82 | 1029.30 | 1027.42 | 1026.16 | 1027.24 | 1028.52 | 1026.64 | 1025.98 | 1026.65 | 1025.81 |
|        47 | 1024.64 | 1028.72 | 1029.17 | 1027.22 | 1025.92 | 1026.92 | 1025.35 | 1025.78 | 1026.74 | 1025.86 | 1027.40 | 1026.48 | 1028.42 | 1027.03 | 1027.43 | 1028.40 | 1026.88 | 1027.33 | 1025.69 | 1028.23 | 1027.47 | 1026.59 | 1025.83 | 1027.20 | 1026.71 | 1026.44 | 1027.28 | 1026.92 | 1027.22 | 1025.80 | 1028.98 | 1029.33 | 1027.90 | 1026.44 | 1027.73 | 1028.74 | 1026.87 | 1026.00 | 1026.59 | 1026.10 |
|        48 | 1024.80 | 1028.55 | 1029.45 | 1027.42 | 1026.00 | 1027.08 | 1025.36 | 1025.91 | 1026.74 | 1026.03 | 1027.77 | 1026.75 | 1028.61 | 1027.32 | 1027.45 | 1028.20 | 1027.05 | 1027.47 | 1025.73 | 1028.41 | 1027.73 | 1026.73 | 1025.72 | 1027.25 | 1026.79 | 1026.84 | 1027.60 | 1026.92 | 1027.29 | 1025.84 | 1028.97 | 1029.31 | 1027.95 | 1026.52 | 1027.85 | 1028.99 | 1026.94 | 1025.92 | 1026.75 | 1026.25 |
|        51 | 1024.54 | 1028.78 | 1030.31 | 1027.71 | 1026.51 | 1027.39 | 1025.52 | 1026.13 | 1026.48 | 1025.87 | 1028.37 | 1027.35 | 1029.04 | 1027.51 | 1027.31 | 1028.59 | 1026.51 | 1027.62 | 1025.99 | 1028.66 | 1028.43 | 1026.58 | 1025.83 | 1027.53 | 1026.79 | 1028.01 | 1027.69 | 1026.77 | 1027.50 | 1026.28 | 1028.98 | 1029.02 | 1029.21 | 1027.30 | 1027.99 | 1028.81 | 1027.42 | 1025.98 | 1026.61 | 1026.17 |
|        54 | 1024.54 | 1028.99 | 1031.09 | 1028.17 | 1027.13 | 1027.81 | 1025.67 | 1026.43 | 1026.44 | 1026.94 | 1029.38 | 1027.73 | 1029.55 | 1028.14 | 1027.58 | 1028.62 | 1026.67 | 1027.88 | 1026.56 | 1029.01 | 1029.05 | 1026.92 | 1026.13 | 1027.68 | 1026.88 | 1029.26 | 1027.57 | 1026.09 | 1028.38 | 1027.21 | 1029.40 | 1028.99 | 1030.01 | 1027.86 | 1028.48 | 1028.70 | 1028.41 | 1026.50 | 1027.04 | 1026.96 |
|        57 | 1025.10 | 1029.80 | 1031.89 | 1029.29 | 1028.18 | 1028.63 | 1026.78 | 1027.50 | 1027.16 | 1027.34 | 1030.20 | 1028.45 | 1030.40 | 1028.87 | 1028.55 | 1029.71 | 1027.43 | 1028.87 | 1027.79 | 1030.57 | 1029.86 | 1027.54 | 1027.13 | 1028.43 | 1027.76 | 1030.76 | 1028.08 | 1026.66 | 1029.41 | 1028.22 | 1030.05 | 1030.24 | 1030.73 | 1029.15 | 1028.97 | 1029.29 | 1029.58 | 1027.54 | 1028.06 | 1027.88 |
|        60 | 1024.51 | 1029.19 | 1031.09 | 1028.26 | 1027.88 | 1028.12 | 1025.80 | 1026.86 | 1025.99 | 1026.86 | 1029.80 | 1027.64 | 1029.60 | 1028.21 | 1027.71 | 1029.47 | 1026.85 | 1028.09 | 1027.76 | 1030.08 | 1028.95 | 1027.00 | 1025.89 | 1027.88 | 1027.16 | 1030.31 | 1027.16 | 1026.00 | 1029.16 | 1027.88 | 1029.30 | 1029.00 | 1029.91 | 1029.09 | 1028.05 | 1028.38 | 1029.25 | 1027.01 | 1027.55 | 1027.34 |
|        63 | 1024.84 | 1028.88 | 1030.64 | 1028.40 | 1028.06 | 1027.98 | 1026.42 | 1026.62 | 1025.77 | 1026.69 | 1029.62 | 1027.53 | 1029.29 | 1027.92 | 1027.59 | 1029.09 | 1027.15 | 1028.08 | 1028.29 | 1030.46 | 1028.60 | 1027.06 | 1025.62 | 1028.25 | 1027.01 | 1029.91 | 1026.76 | 1026.16 | 1029.20 | 1028.15 | 1029.10 | 1029.10 | 1029.54 | 1029.36 | 1028.28 | 1028.28 | 1029.35 | 1027.11 | 1027.37 | 1027.36 |
|        66 | 1025.69 | 1029.38 | 1031.21 | 1028.73 | 1028.97 | 1028.88 | 1026.64 | 1027.17 | 1026.14 | 1027.43 | 1030.32 | 1028.14 | 1030.08 | 1028.97 | 1028.17 | 1030.12 | 1027.62 | 1028.43 | 1029.48 | 1031.03 | 1029.15 | 1027.61 | 1026.47 | 1028.82 | 1028.11 | 1031.09 | 1027.87 | 1026.99 | 1030.24 | 1029.25 | 1030.20 | 1029.86 | 1029.86 | 1030.63 | 1029.13 | 1028.84 | 1030.08 | 1027.68 | 1028.33 | 1027.92 |
|        69 | 1026.45 | 1029.69 | 1031.26 | 1028.69 | 1029.33 | 1029.14 | 1027.43 | 1027.00 | 1025.87 | 1027.82 | 1030.25 | 1028.70 | 1029.74 | 1028.76 | 1028.55 | 1030.48 | 1027.94 | 1028.09 | 1030.45 | 1031.34 | 1029.53 | 1027.71 | 1027.19 | 1029.21 | 1029.28 | 1031.26 | 1028.21 | 1026.94 | 1030.80 | 1030.11 | 1030.14 | 1030.10 | 1030.09 | 1031.58 | 1029.31 | 1029.52 | 1030.43 | 1027.60 | 1029.01 | 1028.29 |
|        72 | 1026.89 | 1029.65 | 1031.50 | 1029.03 | 1029.44 | 1029.28 | 1027.32 | 1027.02 | 1025.77 | 1027.87 | 1030.35 | 1028.91 | 1030.02 | 1029.13 | 1028.21 | 1030.95 | 1028.10 | 1027.76 | 1031.07 | 1031.53 | 1029.80 | 1027.04 | 1027.42 | 1029.69 | 1030.25 | 1031.82 | 1028.37 | 1027.23 | 1031.46 | 1030.30 | 1030.12 | 1029.91 | 1030.21 | 1031.76 | 1029.31 | 1030.12 | 1030.19 | 1027.55 | 1029.77 | 1028.83 |
|        78 | 1029.08 | 1030.66 | 1032.18 | 1030.49 | 1029.83 | 1029.44 | 1027.93 | 1028.34 | 1026.23 | 1029.19 | 1030.54 | 1030.83 | 1029.96 | 1030.35 | 1028.44 | 1031.35 | 1029.15 | 1028.18 | 1032.10 | 1031.89 | 1031.10 | 1026.38 | 1028.65 | 1031.17 | 1032.02 | 1033.33 | 1029.09 | 1028.02 | 1031.96 | 1031.67 | 1030.17 | 1031.39 | 1031.38 | 1032.52 | 1030.59 | 1030.54 | 1030.43 | 1028.59 | 1031.69 | 1030.82 |
|        84 | 1032.51 | 1032.45 | 1033.43 | 1032.90 | 1030.66 | 1031.26 | 1029.57 | 1031.43 | 1027.70 | 1032.53 | 1031.71 | 1031.77 | 1031.24 | 1032.65 | 1029.22 | 1031.90 | 1032.48 | 1030.04 | 1033.88 | 1032.69 | 1034.07 | 1027.18 | 1032.19 | 1033.20 | 1033.92 | 1035.67 | 1030.84 | 1031.09 | 1032.82 | 1033.42 | 1031.07 | 1033.55 | 1032.91 | 1033.75 | 1033.25 | 1030.81 | 1030.99 | 1031.39 | 1033.34 | 1034.14 |
|        90 | 1034.31 | 1034.53 | 1035.51 | 1034.96 | 1033.87 | 1033.62 | 1031.14 | 1033.20 | 1028.30 | 1034.31 | 1033.47 | 1032.72 | 1033.98 | 1033.10 | 1028.78 | 1033.80 | 1034.94 | 1033.31 | 1036.33 | 1033.58 | 1035.76 | 1028.37 | 1034.93 | 1035.57 | 1035.95 | 1038.14 | 1031.76 | 1032.91 | 1035.28 | 1036.01 | 1030.48 | 1033.83 | 1033.64 | 1036.10 | 1034.99 | 1031.33 | 1033.81 | 1032.62 | 1035.03 | 1036.51 |
|        96 | 1035.71 | 1035.89 | 1037.91 | 1036.60 | 1035.27 | 1034.38 | 1031.55 | 1035.30 | 1028.67 | 1034.44 | 1034.89 | 1032.21 | 1036.01 | 1032.97 | 1027.04 | 1035.70 | 1035.65 | 1034.58 | 1037.78 | 1035.95 | 1037.59 | 1027.28 | 1037.10 | 1036.35 | 1037.18 | 1040.13 | 1031.72 | 1034.39 | 1037.09 | 1038.71 | 1029.06 | 1033.14 | 1033.43 | 1038.60 | 1036.13 | 1032.76 | 1034.78 | 1033.31 | 1036.49 | 1037.60 |
|       102 | 1036.48 | 1037.06 | 1039.78 | 1037.06 | 1036.11 | 1034.37 | 1032.19 | 1037.19 | 1030.10 | 1034.38 | 1035.72 | 1032.11 | 1036.51 | 1033.18 | 1026.41 | 1038.22 | 1034.99 | 1035.03 | 1038.57 | 1035.81 | 1038.04 | 1026.40 | 1036.48 | 1037.01 | 1038.26 | 1041.11 | 1031.88 | 1035.60 | 1038.93 | 1041.16 | 1028.99 | 1032.06 | 1033.21 | 1040.64 | 1035.86 | 1034.78 | 1035.49 | 1034.51 | 1036.38 | 1038.01 |
|       108 | 1037.99 | 1036.55 | 1041.36 | 1037.50 | 1035.90 | 1035.30 | 1031.95 | 1037.27 | 1031.91 | 1033.72 | 1034.60 | 1033.53 | 1037.11 | 1034.90 | 1026.24 | 1040.17 | 1034.92 | 1033.82 | 1040.00 | 1035.63 | 1039.25 | 1025.38 | 1036.08 | 1038.15 | 1037.98 | 1041.24 | 1031.79 | 1037.13 | 1039.98 | 1040.97 | 1030.43 | 1034.19 | 1034.03 | 1041.14 | 1034.36 | 1035.34 | 1037.16 | 1036.79 | 1035.98 | 1037.84 |
|       114 | 1038.14 | 1036.32 | 1041.35 | 1038.64 | 1035.93 | 1036.94 | 1033.56 | 1037.06 | 1033.67 | 1034.04 | 1033.62 | 1036.20 | 1038.79 | 1035.44 | 1025.78 | 1041.82 | 1035.46 | 1034.26 | 1041.24 | 1035.08 | 1039.46 | 1025.29 | 1035.50 | 1038.18 | 1039.33 | 1039.38 | 1032.29 | 1038.24 | 1040.59 | 1039.77 | 1032.12 | 1036.46 | 1035.12 | 1041.21 | 1034.65 | 1034.23 | 1038.32 | 1037.82 | 1036.31 | 1037.13 |
|       120 | 1037.51 | 1034.50 | 1040.83 | 1038.52 | 1035.68 | 1040.14 | 1035.08 | 1037.17 | 1034.89 | 1034.27 | 1033.49 | 1037.52 | 1040.02 | 1036.02 | 1025.72 | 1042.07 | 1036.17 | 1034.39 | 1041.19 | 1035.35 | 1039.30 | 1025.31 | 1034.16 | 1037.29 | 1038.47 | 1037.17 | 1032.92 | 1039.11 | 1040.34 | 1038.29 | 1035.78 | 1037.49 | 1035.73 | 1041.07 | 1033.32 | 1033.83 | 1038.46 | 1038.28 | 1034.12 | 1036.49 |
