# variable: Mean Sea Level Pressure
# units: hPa
# 
| fcst_hour |       1 |       2 |       3 |       4 |       5 |       6 |       7 |       8 |       9 |      10 |      11 |      12 |      13 |      14 |      15 |      16 |      17 |      18 |      19 |      20 |      21 |      22 |      23 |      24 |      25 |      26 |      27 |      28 |      29 |      30 |      31 |      32 |      33 |      34 |      35 |      36 |      37 |      38 |      39 |      40 |
|         0 | 1013.74 | 1013.65 | 1015.16 | 1015.08 | 1014.46 | 1015.88 | 1014.59 | 1013.89 | 1014.44 | 1014.06 | 1014.42 | 1014.68 | 1014.65 | 1014.47 | 1014.70 | 1014.66 | 1014.56 | 1015.35 | 1013.66 | 1014.88 | 1014.63 | 1015.46 | 1014.78 | 1015.03 | 1014.42 | 1014.35 | 1013.92 | 1014.24 | 1014.31 | 1013.84 | 1014.31 | 1015.28 | 1013.84 | 1014.94 | 1015.75 | 1014.69 | 1014.34 | 1014.07 | 1014.71 | 1015.03 |
|         1 | 1014.65 | 1014.39 | 1016.02 | 1015.73 | 1015.14 | 1016.60 | 1015.15 | 1014.56 | 1015.02 | 1014.99 | 1014.95 | 1015.46 | 1015.84 | 1015.35 | 1015.20 | 1015.61 | 1015.37 | 1016.08 | 1014.08 | 1015.87 | 1015.30 | 1015.99 | 1015.49 | 1015.77 | 1015.11 | 1015.34 | 1014.62 | 1014.92 | 1014.95 | 1014.48 | 1015.11 | 1015.79 | 1014.43 | 1015.90 | 1016.39 | 1015.22 | 1014.81 | 1015.05 | 1015.38 | 1015.80 |
|         2 | 1015.36 | 1014.97 | 1016.62 | 1016.35 | 1015.61 | 1017.26 | 1015.45 | 1014.99 | 1015.36 | 1015.32 | 1015.46 | 1015.76 | 1016.49 | 1015.55 | 1015.59 | 1016.15 | 1015.98 | 1016.60 | 1014.42 | 1016.56 | 1015.89 | 1016.45 | 1015.99 | 1016.40 | 1015.54 | 1016.14 | 1014.97 | 1015.55 | 1015.54 | 1014.96 | 1015.60 | 1016.30 | 1014.60 | 1016.57 | 1016.78 | 1015.97 | 1015.51 | 1015.41 | 1016.01 | 1016.48 |
|         3 | 1016.24 | 1015.76 | 1017.37 | 1016.96 | 1016.17 | 1017.70 | 1015.95 | 1015.58 | 1015.98 | 1015.67 | 1015.82 | 1016.06 | 1016.90 | 1015.94 | 1016.35 | 1017.16 | 1016.46 | 1017.20 | 1014.86 | 1017.43 | 1016.41 | 1016.74 | 1016.72 | 1017.19 | 1016.23 | 1016.64 | 1015.69 | 1016.22 | 1016.08 | 1015.58 | 1016.25 | 1016.88 | 1015.10 | 1017.17 | 1017.13 | 1016.56 | 1016.28 | 1015.91 | 1016.83 | 1016.91 |
|         4 | 1017.44 | 1016.68 | 1018.32 | 1017.88 | 1017.12 | 1018.44 | 1016.87 | 1016.64 | 1017.11 | 1016.53 | 1016.82 | 1016.94 | 1017.72 | 1016.72 | 1017.35 | 1018.16 | 1017.27 | 1018.23 | 1015.98 | 1018.49 | 1017.05 | 1017.45 | 1017.81 | 1017.88 | 1017.17 | 1017.41 | 1016.44 | 1017.07 | 1016.72 | 1016.51 | 1017.35 | 1017.70 | 1016.24 | 1018.20 | 1018.10 | 1017.77 | 1017.43 | 1017.03 | 1017.92 | 1017.83 |
|         5 | 1018.48 | 1017.91 | 1019.28 | 1019.06 | 1018.12 | 1019.45 | 1018.03 | 1017.54 | 1018.26 | 1017.33 | 1018.24 | 1018.15 | 1018.70 | 1017.55 | 1018.30 | 1019.13 | 1018.53 | 1019.43 | 1016.90 | 1019.50 | 1018.18 | 1018.29 | 1018.86 | 1018.75 | 1017.99 | 1018.67 | 1017.29 | 1018.14 | 1017.54 | 1017.63 | 1018.56 | 1018.87 | 1017.59 | 1019.23 | 1019.19 | 1018.97 | 1018.37 | 1018.21 | 1019.05 | 1018.57 |
|         6 | 1019.46 | 1019.32 | 1020.26 | 1020.05 | 1018.97 | 1020.48 | 1019.24 | 1018.67 | 1019.06 | 1018.42 | 1019.67 | 1019.21 | 1019.94 | 1018.40 | 1019.25 | 1019.95 | 1019.53 | 1020.61 | 1017.94 | 1020.44 | 1019.31 | 1019.28 | 1019.62 | 1019.56 | 1018.95 | 1019.87 | 1018.47 | 1019.42 | 1018.60 | 1018.81 | 1019.66 | 1019.81 | 1018.81 | 1020.29 | 1020.47 | 1020.29 | 1019.46 | 1019.19 | 1020.16 | 1019.49 |
|         7 | 1020.37 | 1020.49 | 1020.93 | 1020.82 | 1019.75 | 1021.51 | 1020.12 | 1019.69 | 1019.85 | 1019.41 | 1020.71 | 1020.28 | 1020.97 | 1019.54 | 1020.03 | 1020.89 | 1020.26 | 1021.34 | 1018.87 | 1021.08 | 1020.28 | 1020.27 | 1020.47 | 1020.39 | 1020.00 | 1020.79 | 1019.50 | 1020.32 | 1019.82 | 1019.82 | 1020.34 | 1020.81 | 1019.83 | 1021.29 | 1021.34 | 1021.00 | 1020.38 | 1019.91 | 1021.16 | 1020.53 |
|         8 | 1020.92 | 1021.25 | 1021.35 | 1021.38 | 1020.09 | 1022.05 | 1020.56 | 1020.20 | 1020.54 | 1020.14 | 1021.00 | 1020.88 | 1021.46 | 1020.45 | 1020.46 | 1021.53 | 1020.73 | 1021.74 | 1019.47 | 1021.68 | 1020.67 | 1020.86 | 1020.86 | 1020.98 | 1020.80 | 1021.37 | 1020.14 | 1020.76 | 1020.39 | 1020.47 | 1020.79 | 1021.48 | 1020.34 | 1021.83 | 1021.79 | 1021.33 | 1020.89 | 1020.59 | 1021.79 | 1021.38 |
|         9 | 1021.85 | 1021.97 | 1022.37 | 1022.34 | 1020.80 | 1022.94 | 1021.31 | 1021.04 | 1021.54 | 1020.83 | 1021.73 | 1021.67 | 1022.21 | 1021.33 | 1021.36 | 1022.35 | 1021.70 | 1022.64 | 1020.39 | 1022.49 | 1021.46 | 1021.64 | 1021.55 | 1021.99 | 1021.76 | 1022.26 | 1020.83 | 1021.58 | 1021.23 | 1021.33 | 1021.52 | 1022.42 | 1021.02 | 1022.72 | 1022.68 | 1021.85 | 1021.61 | 1021.54 | 1022.59 | 1022.46 |
|        10 | 1022.56 | 1022.75 | 1023.09 | 1023.05 | 1021.54 | 1023.66 | 1022.12 | 1021.52 | 1022.21 | 1021.44 | 1022.60 | 1022.21 | 1022.87 | 1021.96 | 1021.83 | 1022.95 | 1022.38 | 1023.21 | 1021.20 | 1023.01 | 1022.18 | 1022.17 | 1022.16 | 1022.78 | 1022.23 | 1022.77 | 1021.42 | 1022.02 | 1021.83 | 1022.17 | 1022.31 | 1023.41 | 1021.68 | 1023.43 | 1023.19 | 1022.50 | 1022.41 | 1022.05 | 1023.07 | 1022.92 |
|        11 | 1022.84 | 1023.05 | 1023.42 | 1023.49 | 1021.87 | 1024.01 | 1022.79 | 1021.97 | 1022.53 | 1021.94 | 1023.22 | 1022.55 | 1023.37 | 1022.39 | 1022.15 | 1023.47 | 1022.85 | 1023.58 | 1021.71 | 1023.24 | 1022.63 | 1022.47 | 1022.79 | 1023.23 | 1022.41 | 1023.00 | 1021.86 | 1022.48 | 1022.34 | 1022.68 | 1022.53 | 1023.97 | 1022.06 | 1023.81 | 1023.46 | 1023.07 | 1023.06 | 1022.29 | 1023.28 | 1023.19 |
|        12 | 1023.01 | 1023.40 | 1023.44 | 1023.74 | 1021.99 | 1023.97 | 1023.16 | 1022.24 | 1022.78 | 1022.26 | 1023.35 | 1022.78 | 1023.63 | 1022.70 | 1022.26 | 1023.77 | 1023.04 | 1023.86 | 1021.74 | 1023.51 | 1022.87 | 1022.43 | 1023.02 | 1023.36 | 1022.52 | 1023.12 | 1022.17 | 1022.70 | 1022.59 | 1022.86 | 1022.72 | 1024.15 | 1022.32 | 1023.96 | 1023.37 | 1023.20 | 1023.26 | 1022.47 | 1023.29 | 1023.43 |
|        13 | 1023.22 | 1023.88 | 1023.70 | 1024.22 | 1022.35 | 1024.21 | 1023.28 | 1022.58 | 1023.33 | 1022.73 | 1023.41 | 1023.06 | 1023.90 | 1023.16 | 1022.43 | 1024.30 | 1023.30 | 1024.23 | 1022.08 | 1023.87 | 1023.25 | 1022.70 | 1023.27 | 1023.71 | 1022.92 | 1023.44 | 1022.68 | 1023.02 | 1022.80 | 1023.36 | 1023.08 | 1024.22 | 1022.54 | 1024.12 | 1023.52 | 1023.32 | 1023.64 | 1022.82 | 1023.52 | 1023.90 |
|        14 | 1023.68 | 1024.60 | 1024.10 | 1024.60 | 1022.73 | 1024.73 | 1023.51 | 1022.85 | 1023.95 | 1023.16 | 1023.54 | 1023.43 | 1024.44 | 1023.69 | 1022.80 | 1024.74 | 1023.70 | 1024.67 | 1022.74 | 1024.18 | 1023.84 | 1023.09 | 1023.83 | 1024.06 | 1023.45 | 1023.69 | 1023.30 | 1023.38 | 1023.12 | 1024.05 | 1023.61 | 1024.61 | 1023.10 | 1024.41 | 1023.81 | 1023.48 | 1024.00 | 1023.13 | 1023.95 | 1024.31 |
|        15 | 1024.07 | 1025.36 | 1024.58 | 1024.99 | 1023.20 | 1025.36 | 1023.90 | 1023.45 | 1024.67 | 1023.58 | 1023.95 | 1023.77 | 1025.14 | 1024.41 | 1023.29 | 1025.18 | 1024.25 | 1025.19 | 1023.55 | 1024.49 | 1024.62 | 1023.71 | 1024.48 | 1024.64 | 1024.15 | 1023.88 | 1023.95 | 1023.79 | 1023.65 | 1024.63 | 1024.14 | 1025.21 | 1023.76 | 1025.05 | 1024.08 | 1023.75 | 1024.43 | 1023.70 | 1024.52 | 1024.76 |
|        16 | 1024.40 | 1025.84 | 1024.85 | 1024.91 | 1023.35 | 1025.62 | 1024.25 | 1023.87 | 1025.01 | 1023.85 | 1024.14 | 1024.16 | 1025.61 | 1024.94 | 1023.64 | 1025.36 | 1024.50 | 1025.42 | 1024.01 | 1024.54 | 1024.99 | 1024.22 | 1024.95 | 1024.88 | 1024.62 | 1024.09 | 1024.33 | 1024.11 | 1024.11 | 1024.99 | 1024.34 | 1025.65 | 1024.03 | 1025.56 | 1024.41 | 1023.85 | 1024.84 | 1023.98 | 1024.90 | 1025.09 |
|        17 | 1024.96 | 1026.09 | 1024.87 | 1024.88 | 1023.63 | 1026.07 | 1024.51 | 1023.99 | 1025.15 | 1024.24 | 1024.35 | 1024.46 | 1025.93 | 1025.34 | 1023.74 | 1025.86 | 1024.56 | 1025.72 | 1024.38 | 1024.76 | 1025.21 | 1024.70 | 1025.29 | 1025.28 | 1025.13 | 1024.56 | 1024.83 | 1024.50 | 1024.61 | 1025.55 | 1024.53 | 1025.98 | 1024.47 | 1025.93 | 1024.86 | 1024.04 | 1025.22 | 1024.28 | 1025.40 | 1025.45 |
|        18 | 1025.67 | 1026.46 | 1025.01 | 1025.28 | 1024.02 | 1026.72 | 1024.78 | 1024.15 | 1025.72 | 1024.98 | 1024.71 | 1024.76 | 1026.39 | 1026.00 | 1024.26 | 1026.57 | 1024.86 | 1026.44 | 1024.96 | 1025.19 | 1025.81 | 1025.18 | 1025.65 | 1026.04 | 1025.44 | 1024.96 | 1025.69 | 1024.89 | 1025.05 | 1026.39 | 1025.00 | 1026.41 | 1025.13 | 1026.52 | 1025.41 | 1024.45 | 1025.65 | 1024.72 | 1025.95 | 1026.00 |
|        19 | 1026.14 | 1026.71 | 1025.38 | 1025.58 | 1024.22 | 1027.17 | 1024.92 | 1024.38 | 1026.17 | 1025.69 | 1024.95 | 1024.92 | 1026.88 | 1026.23 | 1024.67 | 1026.95 | 1025.24 | 1026.98 | 1025.33 | 1025.62 | 1026.54 | 1025.42 | 1025.92 | 1026.82 | 1025.74 | 1024.96 | 1026.24 | 1024.96 | 1025.26 | 1027.02 | 1025.52 | 1026.79 | 1025.52 | 1027.02 | 1025.90 | 1024.40 | 1026.04 | 1025.07 | 1026.22 | 1026.36 |
|        20 | 1026.50 | 1026.97 | 1025.82 | 1025.71 | 1024.46 | 1027.60 | 1025.04 | 1024.57 | 1026.76 | 1026.27 | 1025.13 | 1025.29 | 1027.30 | 1026.36 | 1024.81 | 1027.14 | 1025.58 | 1027.10 | 1025.55 | 1025.69 | 1026.93 | 1025.61 | 1026.18 | 1027.43 | 1026.02 | 1024.83 | 1026.32 | 1025.05 | 1025.43 | 1027.42 | 1025.57 | 1027.03 | 1025.74 | 1027.04 | 1025.98 | 1024.34 | 1026.23 | 1025.24 | 1026.55 | 1026.54 |
|        21 | 1026.48 | 1027.06 | 1026.03 | 1025.66 | 1024.48 | 1027.84 | 1024.89 | 1024.54 | 1027.10 | 1026.48 | 1025.11 | 1025.40 | 1027.31 | 1026.44 | 1024.80 | 1027.04 | 1025.64 | 1026.99 | 1025.58 | 1025.52 | 1026.86 | 1025.54 | 1026.40 | 1027.64 | 1026.17 | 1024.65 | 1026.08 | 1025.01 | 1025.50 | 1027.35 | 1025.29 | 1027.20 | 1025.82 | 1026.94 | 1025.87 | 1024.11 | 1026.34 | 1025.17 | 1026.55 | 1026.73 |
|        22 | 1026.46 | 1026.90 | 1026.02 | 1025.52 | 1024.44 | 1027.99 | 1024.93 | 1024.55 | 1027.22 | 1026.51 | 1025.14 | 1025.54 | 1027.35 | 1026.52 | 1025.10 | 1027.19 | 1025.41 | 1027.10 | 1025.59 | 1025.12 | 1026.91 | 1025.48 | 1026.47 | 1027.82 | 1026.66 | 1024.29 | 1026.13 | 1024.69 | 1025.91 | 1027.75 | 1025.02 | 1027.33 | 1025.83 | 1026.90 | 1025.94 | 1023.98 | 1026.36 | 1025.10 | 1026.46 | 1026.82 |
|        23 | 1026.23 | 1026.78 | 1025.80 | 1025.52 | 1024.54 | 1027.76 | 1024.92 | 1024.39 | 1027.05 | 1026.60 | 1025.22 | 1025.33 | 1027.58 | 1026.37 | 1025.35 | 1027.32 | 1025.41 | 1027.49 | 1025.56 | 1024.67 | 1026.99 | 1025.56 | 1026.22 | 1028.32 | 1026.44 | 1023.94 | 1026.21 | 1024.64 | 1026.05 | 1027.93 | 1025.13 | 1027.17 | 1025.63 | 1027.07 | 1026.08 | 1023.55 | 1026.31 | 1025.30 | 1026.44 | 1026.71 |
|        24 | 1026.21 | 1026.64 | 1025.77 | 1025.06 | 1024.52 | 1027.70 | 1024.88 | 1024.29 | 1026.96 | 1026.83 | 1024.76 | 1025.05 | 1027.57 | 1026.11 | 1025.29 | 1027.19 | 1025.54 | 1027.46 | 1025.62 | 1024.74 | 1027.10 | 1025.80 | 1026.14 | 1028.55 | 1026.41 | 1023.68 | 1026.56 | 1024.66 | 1025.42 | 1027.89 | 1025.31 | 1027.03 | 1025.38 | 1027.10 | 1026.19 | 1023.23 | 1026.45 | 1025.29 | 1026.36 | 1026.51 |
|        25 | 1026.36 | 1026.39 | 1025.92 | 1024.65 | 1024.76 | 1027.81 | 1024.86 | 1024.38 | 1027.21 | 1026.99 | 1024.62 | 1025.06 | 1027.44 | 1026.36 | 1025.41 | 1027.29 | 1025.04 | 1026.87 | 1025.76 | 1024.73 | 1027.18 | 1025.87 | 1026.41 | 1028.84 | 1026.61 | 1023.54 | 1026.69 | 1024.62 | 1025.32 | 1028.27 | 1024.92 | 1027.02 | 1025.51 | 1027.37 | 1025.89 | 1023.02 | 1026.44 | 1025.35 | 1026.57 | 1026.38 |
|        26 | 1026.04 | 1025.70 | 1025.70 | 1024.57 | 1024.73 | 1027.75 | 1024.31 | 1023.81 | 1027.18 | 1026.85 | 1024.02 | 1024.80 | 1027.07 | 1025.99 | 1025.01 | 1027.18 | 1024.34 | 1026.81 | 1025.27 | 1024.34 | 1026.88 | 1025.80 | 1026.16 | 1028.72 | 1026.48 | 1023.26 | 1026.25 | 1024.13 | 1024.94 | 1028.30 | 1024.74 | 1026.63 | 1025.45 | 1027.46 | 1025.12 | 1022.42 | 1026.06 | 1025.20 | 1026.59 | 1026.29 |
|        27 | 1025.46 | 1025.44 | 1025.42 | 1024.35 | 1024.34 | 1027.36 | 1023.47 | 1023.72 | 1027.02 | 1026.87 | 1023.99 | 1024.57 | 1026.85 | 1025.35 | 1024.51 | 1026.95 | 1023.95 | 1026.45 | 1024.92 | 1023.61 | 1026.75 | 1025.77 | 1025.86 | 1027.95 | 1026.34 | 1023.20 | 1025.88 | 1023.60 | 1024.43 | 1028.33 | 1024.36 | 1026.10 | 1025.16 | 1027.19 | 1024.63 | 1022.24 | 1025.58 | 1024.60 | 1026.17 | 1025.97 |
|        28 | 1024.86 | 1024.94 | 1025.07 | 1024.11 | 1023.87 | 1026.91 | 1023.25 | 1023.57 | 1026.52 | 1026.57 | 1023.71 | 1024.20 | 1026.53 | 1025.30 | 1024.14 | 1026.56 | 1023.79 | 1026.12 | 1024.71 | 1023.61 | 1026.26 | 1025.44 | 1024.99 | 1027.43 | 1025.99 | 1023.02 | 1025.22 | 1023.06 | 1024.16 | 1028.17 | 1023.80 | 1025.91 | 1024.65 | 1026.81 | 1024.08 | 1022.40 | 1024.97 | 1024.16 | 1025.59 | 1025.42 |
|        29 | 1024.55 | 1024.80 | 1024.78 | 1024.13 | 1023.25 | 1026.47 | 1023.31 | 1023.70 | 1026.14 | 1026.59 | 1023.53 | 1023.86 | 1026.31 | 1025.02 | 1024.26 | 1026.25 | 1023.67 | 1026.02 | 1024.45 | 1023.50 | 1025.51 | 1025.23 | 1024.66 | 1027.15 | 1025.52 | 1022.76 | 1024.99 | 1023.17 | 1024.02 | 1027.58 | 1023.56 | 1025.63 | 1024.39 | 1026.46 | 1023.97 | 1022.26 | 1024.48 | 1023.74 | 1025.25 | 1025.61 |
|        30 | 1024.65 | 1024.93 | 1024.82 | 1024.48 | 1023.23 | 1026.68 | 1023.59 | 1024.05 | 1026.04 | 1026.62 | 1023.52 | 1023.98 | 1026.18 | 1024.94 | 1024.50 | 1026.12 | 1023.72 | 1026.01 | 1024.45 | 1023.56 | 1025.14 | 1025.05 | 1024.52 | 1026.96 | 1025.31 | 1022.86 | 1024.90 | 1023.25 | 1023.91 | 1027.40 | 1023.50 | 1025.60 | 1024.27 | 1026.58 | 1024.13 | 1022.38 | 1024.33 | 1023.43 | 1025.18 | 1025.45 |
|        31 | 1025.02 | 1025.32 | 1025.26 | 1025.01 | 1023.76 | 1026.99 | 1024.23 | 1024.26 | 1026.42 | 1026.71 | 1024.11 | 1024.48 | 1026.48 | 1024.96 | 1024.94 | 1026.34 | 1024.20 | 1026.35 | 1024.79 | 1023.91 | 1025.31 | 1025.21 | 1024.71 | 1027.31 | 1025.41 | 1023.43 | 1025.28 | 1023.83 | 1024.04 | 1027.54 | 1023.90 | 1025.93 | 1024.58 | 1026.84 | 1024.44 | 1022.86 | 1024.75 | 1023.63 | 1025.59 | 1025.60 |
|        32 | 1025.29 | 1025.66 | 1025.66 | 1025.27 | 1024.35 | 1027.26 | 1024.57 | 1024.77 | 1026.72 | 1026.71 | 1024.57 | 1024.76 | 1026.70 | 1025.13 | 1025.15 | 1026.70 | 1024.54 | 1026.54 | 1024.83 | 1024.34 | 1025.60 | 1025.46 | 1024.98 | 1027.36 | 1025.70 | 1023.64 | 1025.42 | 1024.47 | 1024.42 | 1027.81 | 1024.45 | 1026.13 | 1025.01 | 1027.11 | 1024.83 | 1023.36 | 1025.13 | 1023.75 | 1025.83 | 1025.72 |
|        33 | 1025.68 | 1026.05 | 1026.01 | 1025.53 | 1024.76 | 1027.33 | 1024.85 | 1025.00 | 1026.88 | 1026.83 | 1024.83 | 1025.02 | 1026.96 | 1025.26 | 1025.31 | 1027.09 | 1024.70 | 1026.76 | 1025.12 | 1024.74 | 1025.96 | 1025.69 | 1025.36 | 1027.45 | 1026.02 | 1023.91 | 1025.58 | 1024.93 | 1024.61 | 1027.82 | 1025.07 | 1026.54 | 1025.48 | 1027.38 | 1025.19 | 1023.77 | 1025.58 | 1024.05 | 1026.06 | 1026.07 |
|        34 | 1025.92 | 1026.30 | 1026.06 | 1025.62 | 1025.06 | 1027.31 | 1025.03 | 1024.69 | 1026.78 | 1026.87 | 1024.90 | 1025.09 | 1026.95 | 1025.17 | 1025.38 | 1027.10 | 1024.68 | 1026.92 | 1025.14 | 1024.78 | 1025.81 | 1025.77 | 1025.55 | 1027.36 | 1025.97 | 1024.08 | 1025.59 | 1025.12 | 1024.65 | 1027.51 | 1025.24 | 1026.75 | 1025.45 | 1027.45 | 1025.17 | 1023.97 | 1025.75 | 1024.26 | 1026.04 | 1026.30 |
|        35 | 1025.68 | 1026.13 | 1025.59 | 1025.53 | 1024.63 | 1027.02 | 1024.85 | 1025.10 | 1026.19 | 1026.59 | 1024.69 | 1024.80 | 1026.45 | 1024.88 | 1025.26 | 1026.55 | 1024.45 | 1026.64 | 1024.86 | 1024.52 | 1025.33 | 1025.38 | 1025.13 | 1026.91 | 1025.67 | 1023.98 | 1025.29 | 1024.82 | 1024.45 | 1027.10 | 1024.83 | 1026.51 | 1025.16 | 1026.93 | 1024.78 | 1023.89 | 1025.47 | 1024.21 | 1025.73 | 1026.03 |
|        36 | 1025.47 | 1025.84 | 1025.33 | 1025.44 | 1024.45 | 1026.74 | 1024.66 | 1025.14 | 1025.95 | 1026.16 | 1024.56 | 1024.75 | 1026.00 | 1024.64 | 1025.07 | 1026.21 | 1024.37 | 1026.49 | 1024.91 | 1024.39 | 1025.09 | 1025.12 | 1024.77 | 1026.54 | 1025.42 | 1023.71 | 1025.18 | 1024.53 | 1024.42 | 1026.98 | 1024.43 | 1026.19 | 1024.98 | 1026.65 | 1024.69 | 1023.84 | 1025.04 | 1023.98 | 1025.24 | 1025.85 |
|        37 | 1025.14 | 1025.59 | 1025.25 | 1025.26 | 1024.43 | 1026.55 | 1024.55 | 1025.13 | 1025.71 | 1025.73 | 1024.54 | 1024.77 | 1025.76 | 1024.39 | 1024.67 | 1026.01 | 1024.29 | 1026.46 | 1024.99 | 1024.10 | 1025.17 | 1024.95 | 1024.51 | 1026.10 | 1025.29 | 1023.47 | 1025.16 | 1024.36 | 1024.52 | 1026.78 | 1024.33 | 1025.87 | 1024.88 | 1026.44 | 1024.51 | 1023.83 | 1024.64 | 1024.07 | 1024.83 | 1025.79 |
|        38 | 1025.24 | 1025.59 | 1025.28 | 1025.45 | 1024.51 | 1026.46 | 1024.68 | 1025.24 | 1025.60 | 1025.70 | 1024.66 | 1024.95 | 1025.84 | 1024.32 | 1024.52 | 1026.07 | 1024.51 | 1026.45 | 1024.97 | 1024.02 | 1025.16 | 1025.04 | 1024.30 | 1025.98 | 1025.29 | 1023.56 | 1025.16 | 1024.46 | 1024.63 | 1026.57 | 1024.37 | 1025.86 | 1024.82 | 1026.27 | 1024.69 | 1023.96 | 1024.52 | 1024.21 | 1024.92 | 1025.89 |
|        39 | 1025.47 | 1025.67 | 1025.33 | 1025.38 | 1024.58 | 1026.20 | 1024.71 | 1025.29 | 1025.66 | 1025.43 | 1024.63 | 1025.01 | 1025.78 | 1024.19 | 1024.44 | 1026.22 | 1024.41 | 1026.37 | 1024.85 | 1024.08 | 1024.89 | 1025.05 | 1024.27 | 1025.91 | 1025.29 | 1023.61 | 1025.21 | 1024.63 | 1024.64 | 1026.22 | 1024.42 | 1025.78 | 1024.68 | 1026.11 | 1024.61 | 1024.09 | 1024.51 | 1024.28 | 1024.87 | 1026.01 |
|        40 | 1025.77 | 1025.82 | 1025.43 | 1025.32 | 1024.72 | 1026.15 | 1024.71 | 1025.32 | 1025.91 | 1025.29 | 1024.78 | 1025.06 | 1025.89 | 1024.24 | 1024.54 | 1026.21 | 1024.38 | 1026.47 | 1024.91 | 1024.25 | 1024.89 | 1025.02 | 1024.38 | 1025.94 | 1025.42 | 1023.71 | 1025.37 | 1024.70 | 1024.70 | 1026.05 | 1024.60 | 1025.91 | 1024.91 | 1026.07 | 1024.73 | 1024.29 | 1024.69 | 1024.41 | 1025.03 | 1026.27 |
|        41 | 1026.06 | 1026.07 | 1025.52 | 1025.35 | 1024.91 | 1026.24 | 1024.76 | 1025.52 | 1026.05 | 1025.40 | 1025.06 | 1025.43 | 1025.97 | 1024.18 | 1024.55 | 1026.14 | 1024.52 | 1026.78 | 1025.14 | 1024.47 | 1024.84 | 1025.16 | 1024.55 | 1026.07 | 1025.40 | 1023.81 | 1025.54 | 1024.83 | 1024.78 | 1026.05 | 1024.71 | 1026.10 | 1025.12 | 1026.27 | 1025.03 | 1024.55 | 1024.83 | 1024.74 | 1025.07 | 1026.39 |
|        42 | 1026.17 | 1026.09 | 1025.79 | 1025.51 | 1025.13 | 1026.42 | 1024.86 | 1025.66 | 1026.09 | 1025.42 | 1025.42 | 1025.69 | 1026.07 | 1024.12 | 1024.70 | 1026.13 | 1024.70 | 1027.03 | 1025.36 | 1024.66 | 1025.03 | 1025.23 | 1024.68 | 1025.98 | 1025.53 | 1023.98 | 1025.77 | 1024.97 | 1024.81 | 1026.12 | 1024.67 | 1026.15 | 1025.33 | 1026.26 | 1025.18 | 1024.84 | 1024.90 | 1025.06 | 1025.09 | 1026.47 |
|        43 | 1026.26 | 1026.02 | 1025.85 | 1025.60 | 1025.21 | 1026.38 | 1024.77 | 1025.58 | 1025.84 | 1025.32 | 1025.58 | 1025.61 | 1026.08 | 1024.05 | 1024.90 | 1026.01 | 1024.65 | 1026.95 | 1025.46 | 1024.66 | 1025.15 | 1025.20 | 1024.63 | 1025.82 | 1025.39 | 1023.99 | 1025.84 | 1025.02 | 1024.86 | 1026.08 | 1024.59 | 1025.89 | 1025.23 | 1026.17 | 1025.06 | 1025.04 | 1024.95 | 1025.15 | 1025.14 | 1026.48 |
|        44 | 1026.15 | 1025.83 | 1025.72 | 1025.50 | 1024.98 | 1026.22 | 1024.53 | 1025.55 | 1025.40 | 1025.16 | 1025.48 | 1025.30 | 1025.97 | 1023.96 | 1024.63 | 1025.91 | 1024.36 | 1026.65 | 1025.52 | 1024.30 | 1025.16 | 1025.11 | 1024.41 | 1025.65 | 1025.16 | 1023.76 | 1025.69 | 1025.01 | 1024.78 | 1025.97 | 1024.37 | 1025.54 | 1025.04 | 1025.95 | 1024.86 | 1024.88 | 1024.83 | 1025.11 | 1025.00 | 1026.40 |
|        45 | 1026.02 | 1025.70 | 1025.49 | 1025.38 | 1024.88 | 1026.03 | 1024.29 | 1025.52 | 1025.23 | 1024.96 | 1025.32 | 1025.05 | 1025.68 | 1024.00 | 1024.20 | 1025.85 | 1024.17 | 1026.34 | 1025.49 | 1024.08 | 1024.94 | 1025.01 | 1024.14 | 1025.61 | 1025.14 | 1023.58 | 1025.53 | 1024.97 | 1024.82 | 1025.71 | 1024.32 | 1025.35 | 1025.00 | 1025.74 | 1024.71 | 1024.74 | 1024.56 | 1025.00 | 1024.91 | 1026.37 |
|        46 | 1026.03 | 1025.65 | 1025.49 | 1025.27 | 1024.93 | 1025.84 | 1024.05 | 1025.60 | 1025.30 | 1024.81 | 1025.30 | 1024.89 | 1025.64 | 1024.05 | 1024.26 | 1025.72 | 1024.06 | 1026.29 | 1025.46 | 1024.04 | 1024.94 | 1025.02 | 1024.09 | 1025.60 | 1025.21 | 1023.56 | 1025.42 | 1025.00 | 1024.91 | 1025.70 | 1024.31 | 1025.33 | 1025.10 | 1025.63 | 1024.71 | 1024.65 | 1024.43 | 1025.04 | 1024.93 | 1026.31 |
|        47 | 1026.02 | 1025.65 | 1025.44 | 1025.06 | 1024.96 | 1025.69 | 1023.85 | 1025.54 | 1025.22 | 1024.73 | 1025.49 | 1024.88 | 1025.63 | 1024.07 | 1024.39 | 1025.51 | 1024.14 | 1026.19 | 1025.44 | 1023.89 | 1024.88 | 1024.83 | 1024.08 | 1025.47 | 1025.23 | 1023.49 | 1025.41 | 1025.03 | 1024.87 | 1025.50 | 1024.32 | 1025.33 | 1025.19 | 1025.50 | 1024.81 | 1024.67 | 1024.39 | 1025.15 | 1024.88 | 1026.20 |
|        48 | 1025.90 | 1025.54 | 1025.24 | 1024.86 | 1024.83 | 1025.47 | 1023.84 | 1025.50 | 1025.06 | 1024.52 | 1025.36 | 1024.87 | 1025.53 | 1024.14 | 1024.39 | 1025.33 | 1024.14 | 1026.02 | 1025.27 | 1023.69 | 1024.80 | 1024.59 | 1023.86 | 1025.26 | 1025.23 | 1023.38 | 1025.51 | 1024.99 | 1024.73 | 1025.32 | 1024.10 | 1025.21 | 1025.18 | 1025.17 | 1024.86 | 1024.63 | 1024.32 | 1025.12 | 1024.72 | 1025.91 |
|        51 | 1024.88 | 1024.81 | 1024.48 | 1024.23 | 1024.07 | 1024.70 | 1023.32 | 1024.51 | 1024.36 | 1023.97 | 1024.34 | 1024.64 | 1024.71 | 1023.75 | 1023.57 | 1024.53 | 1023.66 | 1025.25 | 1024.17 | 1022.84 | 1024.16 | 1023.76 | 1022.89 | 1024.53 | 1024.87 | 1022.55 | 1024.70 | 1024.32 | 1024.21 | 1024.42 | 1022.93 | 1024.26 | 1025.00 | 1024.12 | 1024.50 | 1023.60 | 1023.46 | 1024.19 | 1023.72 | 1025.35 |
|        54 | 1023.53 | 1024.19 | 1023.99 | 1023.32 | 1023.65 | 1023.72 | 1022.60 | 1023.42 | 1023.64 | 1022.52 | 1023.55 | 1024.07 | 1023.65 | 1023.52 | 1022.78 | 1023.66 | 1022.79 | 1024.11 | 1023.57 | 1022.37 | 1023.15 | 1023.15 | 1022.46 | 1023.79 | 1024.28 | 1021.92 | 1023.92 | 1023.60 | 1023.47 | 1023.69 | 1021.90 | 1023.61 | 1024.33 | 1023.59 | 1024.21 | 1022.79 | 1022.72 | 1023.19 | 1022.88 | 1024.56 |
|        57 | 1023.30 | 1024.33 | 1023.91 | 1023.09 | 1022.93 | 1023.71 | 1022.56 | 1023.33 | 1023.61 | 1022.75 | 1023.15 | 1024.00 | 1023.29 | 1023.64 | 1023.06 | 1023.69 | 1022.91 | 1023.72 | 1023.75 | 1022.58 | 1022.76 | 1022.99 | 1022.50 | 1024.23 | 1024.37 | 1021.64 | 1023.98 | 1023.81 | 1023.09 | 1023.85 | 1021.95 | 1023.54 | 1024.35 | 1023.60 | 1024.68 | 1022.37 | 1022.42 | 1023.30 | 1022.61 | 1024.69 |
|        60 | 1021.01 | 1022.74 | 1022.12 | 1021.50 | 1021.53 | 1021.78 | 1020.98 | 1021.31 | 1021.81 | 1021.04 | 1021.85 | 1022.49 | 1021.15 | 1022.51 | 1021.53 | 1021.66 | 1021.15 | 1021.46 | 1022.71 | 1020.69 | 1020.97 | 1021.07 | 1020.99 | 1022.79 | 1022.62 | 1019.73 | 1022.67 | 1021.99 | 1021.53 | 1022.67 | 1019.75 | 1021.73 | 1022.26 | 1021.66 | 1023.32 | 1020.85 | 1020.52 | 1021.48 | 1020.67 | 1023.14 |
|        63 | 1018.60 | 1021.11 | 1020.49 | 1019.66 | 1020.10 | 1020.25 | 1018.89 | 1019.42 | 1020.48 | 1019.25 | 1020.28 | 1021.20 | 1019.02 | 1021.08 | 1019.87 | 1020.20 | 1019.38 | 1019.10 | 1021.45 | 1018.98 | 1019.48 | 1019.48 | 1019.70 | 1021.93 | 1020.79 | 1018.31 | 1021.13 | 1020.11 | 1019.87 | 1021.40 | 1018.23 | 1019.93 | 1020.74 | 1019.96 | 1022.27 | 1019.38 | 1018.52 | 1019.54 | 1018.74 | 1021.09 |
|        66 | 1016.48 | 1020.21 | 1018.94 | 1018.08 | 1018.15 | 1018.79 | 1017.42 | 1017.86 | 1018.98 | 1017.53 | 1019.22 | 1020.06 | 1017.17 | 1019.78 | 1018.40 | 1018.29 | 1017.84 | 1017.06 | 1020.52 | 1017.38 | 1018.08 | 1017.83 | 1018.53 | 1021.13 | 1019.24 | 1016.94 | 1019.63 | 1018.63 | 1018.80 | 1020.24 | 1016.47 | 1018.50 | 1018.89 | 1018.36 | 1021.12 | 1017.88 | 1017.06 | 1018.17 | 1016.67 | 1019.63 |
|        69 | 1014.04 | 1018.73 | 1017.12 | 1016.52 | 1016.58 | 1017.06 | 1015.97 | 1016.20 | 1017.70 | 1016.03 | 1017.86 | 1018.87 | 1014.96 | 1018.38 | 1016.73 | 1016.66 | 1016.06 | 1014.64 | 1019.60 | 1016.05 | 1016.83 | 1016.12 | 1017.82 | 1020.02 | 1017.54 | 1015.81 | 1018.40 | 1016.91 | 1017.22 | 1019.24 | 1014.72 | 1016.49 | 1017.29 | 1016.78 | 1020.26 | 1016.10 | 1015.62 | 1016.29 | 1015.29 | 1017.81 |
|        72 | 1011.66 | 1016.80 | 1015.36 | 1014.58 | 1014.60 | 1014.86 | 1014.08 | 1014.11 | 1016.22 | 1014.50 | 1016.22 | 1017.34 | 1012.85 | 1017.56 | 1014.92 | 1014.53 | 1014.48 | 1012.41 | 1018.36 | 1014.31 | 1015.18 | 1014.26 | 1016.64 | 1018.38 | 1015.66 | 1014.09 | 1016.79 | 1014.42 | 1015.38 | 1017.78 | 1013.03 | 1014.47 | 1015.60 | 1014.85 | 1018.91 | 1014.57 | 1013.76 | 1014.58 | 1013.35 | 1016.09 |
|        78 | 1007.35 | 1013.36 | 1011.69 | 1010.72 | 1010.58 | 1010.99 | 1010.77 | 1011.26 | 1012.53 | 1010.43 | 1013.39 | 1015.00 | 1009.23 | 1012.86 | 1010.69 | 1011.30 | 1010.88 | 1008.12 | 1015.80 | 1011.34 | 1012.02 | 1010.50 | 1014.16 | 1015.56 | 1012.21 | 1010.85 | 1014.19 | 1010.41 | 1011.89 | 1014.30 | 1009.89 | 1010.93 | 1012.23 | 1011.61 | 1016.00 | 1011.19 | 1010.13 | 1012.44 | 1010.50 | 1012.06 |
|        84 | 1005.61 | 1010.32 | 1009.49 | 1007.83 | 1008.36 | 1008.31 | 1008.21 | 1009.21 | 1009.27 | 1007.33 | 1011.04 | 1011.97 | 1007.73 | 1009.68 | 1007.40 | 1009.97 | 1009.63 | 1006.61 | 1012.86 | 1009.67 | 1009.33 | 1008.38 | 1011.81 | 1012.30 | 1009.68 | 1009.25 | 1013.17 | 1008.24 | 1008.19 | 1010.37 | 1008.28 | 1008.67 | 1009.14 | 1009.31 | 1013.48 | 1008.19 | 1007.82 | 1011.34 | 1009.38 | 1009.74 |
|        90 | 1005.02 | 1009.47 | 1008.78 | 1006.79 | 1008.45 | 1007.27 | 1006.99 | 1008.04 | 1006.53 | 1006.23 | 1009.48 | 1010.54 | 1006.37 | 1006.94 | 1006.30 | 1010.67 | 1009.81 | 1005.97 | 1010.43 | 1008.70 | 1007.04 | 1008.14 | 1009.17 | 1009.71 | 1008.86 | 1008.87 | 1013.86 | 1006.99 | 1006.32 | 1007.99 | 1007.97 | 1009.29 | 1008.08 | 1009.01 | 1011.87 | 1006.69 | 1006.74 | 1010.77 | 1008.95 | 1010.10 |
|        96 | 1003.96 | 1008.55 | 1008.42 | 1005.67 | 1007.22 | 1006.76 | 1006.88 | 1006.58 | 1004.74 | 1004.99 | 1008.38 | 1010.43 | 1004.70 | 1005.82 | 1006.74 | 1011.07 | 1009.69 | 1005.43 | 1008.75 | 1008.99 | 1004.54 | 1008.38 | 1006.37 | 1008.04 | 1007.97 | 1009.04 | 1013.24 | 1005.62 | 1004.39 | 1006.65 | 1006.81 | 1009.03 | 1007.53 | 1007.27 | 1009.92 | 1004.24 | 1005.94 | 1010.03 | 1008.19 | 1009.64 |
|       102 | 1002.29 | 1007.18 | 1007.08 | 1005.75 | 1005.57 | 1005.48 | 1006.26 | 1004.91 | 1002.40 | 1003.14 | 1007.73 | 1009.97 | 1002.71 | 1004.15 | 1005.71 | 1010.35 | 1008.63 | 1004.29 | 1007.15 | 1007.78 | 1002.23 | 1008.46 | 1002.89 | 1007.26 | 1006.10 | 1007.46 | 1010.37 | 1003.23 | 1003.11 | 1005.11 | 1004.74 | 1008.70 | 1005.07 | 1005.66 | 1008.25 | 1002.46 | 1004.01 | 1007.92 | 1006.25 | 1008.01 |
|       108 | 1000.16 | 1005.99 | 1006.43 | 1005.96 | 1004.52 | 1003.99 | 1005.60 | 1002.50 | 1001.13 | 1002.84 | 1005.87 | 1008.67 | 1001.60 | 1003.11 | 1003.35 | 1009.15 | 1006.29 | 1004.63 | 1005.08 | 1006.17 |  999.90 | 1007.54 |  999.97 | 1006.03 | 1006.08 | 1005.17 | 1006.42 | 1001.39 | 1003.13 | 1004.35 | 1003.12 | 1009.55 | 1003.92 | 1004.82 | 1005.44 | 1001.64 | 1002.64 | 1004.72 | 1002.89 | 1005.84 |
|       114 |  999.04 | 1004.45 | 1005.43 | 1005.04 | 1003.47 | 1003.59 | 1004.19 |  998.93 | 1001.60 | 1002.19 | 1003.00 | 1006.37 | 1002.49 | 1001.85 | 1000.40 | 1007.79 | 1000.84 | 1005.97 | 1002.49 | 1003.26 |  997.70 | 1004.16 |  997.79 | 1004.04 | 1006.00 | 1001.68 | 1000.36 | 1000.38 | 1003.60 | 1003.97 | 1001.16 | 1010.75 | 1002.03 | 1003.67 | 1002.41 |  999.95 | 1002.19 | 1000.93 |  997.87 | 1001.79 |
|       120 |  999.34 | 1002.03 | 1005.12 | 1003.53 | 1002.64 | 1002.69 | 1002.46 |  996.06 | 1002.84 | 1001.39 |  999.50 | 1004.09 | 1002.57 | 1000.45 |  997.39 | 1007.35 |  994.49 | 1008.78 | 1000.14 | 1000.33 |  996.95 |  999.68 |  996.77 | 1000.47 | 1006.43 |  997.71 |  995.73 | 1000.42 | 1002.22 | 1004.20 |  999.87 | 1010.70 |  999.85 | 1003.58 |  999.66 |  998.07 | 1003.27 |  999.28 |  993.23 |  998.48 |
