# variable: Temperature at 2m
# units: degree celsius
# 
| fcst_hour |    1 |     2 |    3 |    4 |    5 |    6 |    7 |    8 |    9 |   10 |    11 |   12 |   13 |   14 |   15 |   16 |   17 |   18 |   19 |   20 |   21 |   22 |   23 |   24 |   25 |   26 |   27 |   28 |   29 |   30 |   31 |   32 |   33 |   34 |   35 |   36 |   37 |   38 |   39 |   40 |
|         0 | 2.98 |  2.64 | 2.69 | 2.96 | 3.15 | 2.77 | 2.90 | 2.83 | 2.28 | 2.69 |  2.86 | 3.10 | 2.44 | 2.96 | 2.54 | 3.24 | 3.44 | 2.95 | 3.05 | 3.08 | 2.37 | 3.02 | 2.68 | 2.82 | 2.33 | 2.80 | 3.12 | 2.68 | 2.84 | 2.57 | 2.58 | 2.47 | 2.93 | 2.44 | 2.46 | 2.90 | 2.37 | 3.15 | 3.18 | 3.28 |
|         1 | 2.69 |  2.68 | 2.49 | 2.94 | 3.02 | 2.75 | 3.01 | 2.65 | 1.91 | 2.66 |  2.69 | 2.99 | 2.51 | 2.84 | 2.50 | 3.00 | 3.28 | 2.93 | 2.90 | 2.74 | 2.28 | 3.23 | 2.69 | 2.73 | 2.15 | 2.65 | 3.04 | 2.61 | 2.70 | 2.33 | 2.53 | 2.27 | 2.74 | 2.31 | 2.43 | 2.77 | 2.25 | 2.99 | 3.10 | 3.45 |
|         2 | 2.56 |  2.66 | 2.48 | 2.85 | 2.84 | 2.62 | 3.09 | 2.66 | 1.85 | 2.74 |  2.46 | 2.84 | 2.28 | 2.68 | 2.33 | 2.79 | 3.22 | 3.08 | 2.69 | 2.57 | 2.19 | 3.19 | 2.70 | 2.67 | 2.11 | 2.56 | 2.93 | 2.50 | 2.57 | 2.13 | 2.57 | 2.26 | 2.75 | 2.30 | 2.49 | 2.65 | 2.30 | 2.84 | 2.92 | 3.38 |
|         3 | 2.51 |  2.71 | 2.53 | 2.90 | 2.99 | 2.75 | 3.26 | 2.71 | 2.10 | 3.01 |  2.31 | 2.94 | 2.36 | 2.72 | 2.39 | 2.66 | 3.30 | 3.26 | 2.57 | 2.65 | 2.26 | 3.27 | 2.67 | 2.88 | 2.19 | 2.60 | 3.05 | 2.63 | 2.60 | 2.11 | 2.76 | 2.56 | 2.80 | 2.33 | 2.55 | 2.78 | 2.42 | 2.71 | 2.90 | 3.49 |
|         4 | 2.71 |  2.97 | 2.67 | 3.11 | 3.27 | 3.05 | 3.51 | 2.81 | 2.28 | 3.16 |  2.48 | 3.23 | 2.56 | 3.01 | 2.63 | 2.75 | 3.50 | 3.55 | 2.73 | 2.90 | 2.41 | 3.44 | 2.81 | 3.27 | 2.42 | 2.87 | 3.30 | 2.84 | 2.68 | 2.36 | 3.00 | 2.94 | 3.00 | 2.53 | 2.71 | 3.08 | 2.71 | 2.80 | 3.02 | 3.59 |
|         5 | 2.86 |  3.18 | 2.71 | 3.24 | 3.45 | 3.17 | 3.70 | 2.84 | 2.34 | 3.25 |  2.73 | 3.50 | 2.72 | 3.28 | 2.83 | 2.88 | 3.69 | 3.68 | 2.98 | 3.08 | 2.51 | 3.58 | 2.79 | 3.58 | 2.53 | 2.91 | 3.50 | 2.98 | 2.69 | 2.60 | 3.21 | 2.98 | 3.14 | 2.79 | 2.79 | 3.27 | 2.94 | 2.86 | 2.88 | 3.68 |
|         6 | 3.08 |  3.38 | 2.91 | 3.42 | 3.65 | 3.37 | 3.90 | 2.96 | 2.49 | 3.39 |  3.02 | 3.72 | 2.96 | 3.52 | 3.12 | 3.06 | 3.79 | 3.81 | 3.31 | 3.34 | 2.65 | 3.83 | 2.95 | 3.92 | 2.69 | 3.05 | 3.76 | 3.20 | 2.86 | 2.87 | 3.40 | 3.08 | 3.35 | 3.07 | 2.86 | 3.54 | 3.25 | 3.11 | 2.84 | 3.74 |
|         7 | 3.25 |  3.52 | 3.09 | 3.53 | 3.80 | 3.49 | 4.06 | 3.09 | 2.72 | 3.53 |  3.17 | 3.85 | 3.18 | 3.65 | 3.29 | 3.13 | 3.72 | 3.94 | 3.54 | 3.48 | 2.82 | 4.04 | 3.07 | 4.17 | 2.82 | 3.14 | 3.91 | 3.33 | 3.07 | 3.03 | 3.50 | 3.09 | 3.48 | 3.17 | 2.97 | 3.76 | 3.50 | 3.25 | 2.85 | 3.84 |
|         8 | 3.84 |  4.06 | 3.69 | 4.03 | 4.24 | 4.08 | 4.51 | 3.66 | 3.31 | 4.01 |  3.66 | 4.32 | 3.85 | 4.11 | 3.78 | 3.57 | 4.22 | 4.48 | 4.13 | 3.96 | 3.38 | 4.65 | 3.63 | 4.73 | 3.52 | 3.57 | 4.34 | 3.89 | 3.70 | 3.58 | 3.90 | 3.63 | 3.94 | 3.60 | 3.54 | 4.23 | 4.05 | 3.66 | 3.50 | 4.32 |
|         9 | 4.53 |  4.97 | 4.48 | 4.87 | 4.86 | 4.86 | 5.26 | 4.39 | 4.13 | 4.69 |  4.47 | 4.97 | 4.80 | 4.86 | 4.49 | 4.53 | 5.22 | 5.17 | 4.75 | 4.75 | 4.14 | 5.60 | 4.30 | 5.56 | 4.69 | 4.36 | 4.88 | 4.55 | 4.52 | 4.39 | 4.58 | 4.45 | 4.60 | 4.41 | 4.29 | 4.72 | 4.93 | 4.35 | 4.35 | 5.13 |
|        10 | 5.37 |  6.20 | 5.53 | 5.86 | 5.85 | 5.94 | 6.33 | 5.29 | 5.15 | 5.90 |  5.55 | 5.80 | 6.10 | 5.83 | 5.46 | 5.80 | 6.30 | 5.98 | 5.63 | 5.66 | 5.17 | 6.82 | 5.44 | 6.64 | 6.09 | 5.41 | 5.61 | 5.43 | 5.76 | 5.51 | 5.50 | 5.59 | 5.62 | 5.50 | 5.33 | 5.41 | 6.19 | 5.29 | 5.52 | 6.29 |
|        11 | 6.14 |  7.41 | 6.48 | 6.80 | 6.87 | 6.72 | 7.32 | 6.00 | 6.33 | 6.81 |  6.43 | 6.78 | 7.34 | 6.82 | 6.30 | 6.84 | 7.49 | 6.95 | 6.51 | 6.61 | 6.13 | 7.85 | 6.34 | 7.64 | 7.34 | 6.30 | 6.30 | 6.27 | 6.94 | 6.52 | 6.48 | 6.61 | 6.64 | 6.47 | 6.18 | 6.04 | 7.26 | 6.09 | 6.36 | 7.40 |
|        12 | 6.74 |  8.20 | 7.19 | 7.43 | 7.56 | 7.39 | 8.17 | 6.62 | 7.22 | 7.59 |  7.10 | 7.67 | 8.17 | 7.58 | 6.96 | 7.62 | 8.29 | 7.71 | 7.49 | 7.41 | 6.94 | 8.67 | 7.02 | 8.45 | 8.32 | 6.99 | 6.93 | 7.04 | 7.79 | 7.31 | 7.35 | 7.56 | 7.41 | 7.32 | 6.85 | 6.52 | 8.02 | 6.75 | 6.97 | 8.36 |
|        13 | 7.14 |  8.89 | 7.68 | 7.79 | 7.98 | 7.67 | 8.70 | 7.05 | 7.86 | 8.06 |  7.58 | 8.21 | 8.65 | 8.18 | 7.38 | 8.25 | 8.74 | 8.17 | 8.13 | 7.94 | 7.61 | 9.13 | 7.55 | 9.02 | 8.92 | 7.55 | 7.36 | 7.54 | 8.26 | 7.87 | 7.92 | 8.24 | 7.91 | 7.95 | 7.34 | 6.84 | 8.44 | 7.30 | 7.46 | 8.96 |
|        14 | 7.22 |  9.16 | 7.82 | 7.86 | 8.09 | 7.55 | 8.74 | 7.17 | 7.94 | 8.15 |  7.70 | 8.40 | 8.67 | 8.40 | 7.48 | 8.46 | 8.74 | 8.24 | 8.28 | 8.02 | 7.78 | 9.16 | 7.67 | 9.18 | 9.08 | 7.73 | 7.49 | 7.66 | 8.39 | 8.04 | 7.98 | 8.57 | 8.11 | 8.23 | 7.54 | 6.95 | 8.47 | 7.50 | 7.63 | 9.07 |
|        15 | 6.76 |  8.76 | 7.45 | 7.39 | 7.87 | 7.09 | 8.04 | 6.86 | 7.25 | 7.48 |  7.28 | 8.17 | 8.17 | 8.19 | 7.27 | 8.27 | 8.12 | 7.75 | 7.98 | 7.47 | 7.37 | 8.77 | 7.10 | 8.78 | 8.57 | 7.45 | 7.20 | 7.29 | 7.92 | 7.76 | 7.41 | 8.35 | 7.86 | 8.16 | 7.05 | 6.66 | 8.05 | 7.06 | 7.33 | 8.57 |
|        16 | 6.22 |  8.12 | 6.39 | 6.43 | 7.11 | 6.63 | 7.08 | 6.29 | 6.39 | 6.33 |  6.43 | 7.66 | 7.30 | 7.69 | 6.65 | 7.49 | 7.18 | 7.02 | 7.07 | 6.54 | 6.81 | 8.26 | 6.18 | 8.06 | 7.56 | 6.70 | 6.58 | 6.52 | 6.98 | 7.14 | 6.63 | 7.76 | 7.35 | 7.53 | 6.06 | 6.09 | 7.44 | 6.00 | 6.60 | 7.85 |
|        17 | 5.93 |  7.68 | 5.62 | 5.92 | 6.48 | 6.31 | 6.55 | 5.82 | 5.86 | 5.47 |  5.80 | 7.54 | 6.54 | 7.30 | 6.00 | 6.68 | 6.74 | 6.59 | 6.38 | 6.24 | 6.59 | 8.05 | 5.62 | 7.71 | 6.85 | 6.16 | 6.12 | 6.13 | 6.23 | 6.61 | 6.34 | 7.47 | 6.90 | 6.78 | 5.36 | 5.76 | 7.08 | 5.13 | 6.18 | 7.55 |
|        18 | 5.94 |  7.55 | 4.94 | 5.19 | 6.12 | 6.16 | 6.28 | 5.49 | 5.56 | 4.75 |  5.26 | 7.66 | 6.03 | 7.09 | 5.47 | 6.20 | 6.41 | 6.22 | 5.98 | 6.16 | 6.44 | 8.08 | 4.93 | 7.57 | 6.35 | 5.94 | 5.86 | 5.99 | 5.65 | 6.37 | 6.28 | 7.39 | 6.69 | 6.32 | 4.93 | 5.63 | 6.70 | 4.67 | 5.92 | 7.33 |
|        19 | 5.90 |  7.40 | 4.36 | 4.24 | 5.85 | 5.92 | 6.26 | 5.14 | 5.24 | 4.09 |  4.74 | 7.64 | 5.64 | 7.00 | 4.94 | 5.80 | 5.97 | 5.98 | 5.71 | 5.83 | 6.31 | 7.94 | 4.03 | 7.54 | 6.01 | 5.83 | 5.42 | 5.62 | 5.03 | 6.24 | 6.28 | 7.30 | 6.71 | 6.12 | 4.61 | 5.51 | 6.18 | 4.37 | 5.68 | 7.03 |
|        20 | 5.84 |  7.33 | 4.11 | 3.53 | 5.41 | 5.72 | 5.99 | 4.63 | 4.90 | 3.61 |  4.31 | 7.74 | 5.29 | 6.74 | 4.79 | 5.73 | 5.49 | 5.78 | 5.59 | 5.33 | 6.17 | 7.72 | 3.53 | 7.44 | 5.62 | 5.43 | 4.73 | 3.83 | 4.41 | 6.04 | 6.25 | 7.06 | 6.74 | 6.06 | 4.32 | 5.30 | 5.62 | 4.10 | 5.40 | 6.82 |
|        21 | 5.79 |  7.29 | 4.14 | 3.50 | 5.12 | 5.00 | 5.89 | 3.97 | 4.62 | 3.63 |  3.95 | 7.56 | 4.90 | 6.33 | 4.73 | 5.66 | 5.11 | 5.80 | 5.48 | 5.21 | 5.85 | 7.37 | 3.16 | 7.32 | 5.25 | 4.79 | 3.70 | 2.79 | 4.03 | 5.77 | 6.25 | 6.90 | 6.70 | 6.06 | 4.26 | 5.18 | 5.36 | 3.93 | 5.21 | 6.54 |
|        22 | 5.70 |  7.23 | 4.12 | 3.91 | 5.16 | 4.03 | 5.57 | 3.65 | 4.18 | 3.41 |  3.44 | 7.29 | 4.58 | 6.05 | 4.69 | 5.67 | 4.77 | 5.89 | 4.38 | 5.29 | 5.45 | 7.15 | 2.86 | 7.18 | 4.84 | 4.50 | 3.61 | 2.81 | 3.87 | 5.70 | 6.25 | 6.79 | 6.71 | 6.14 | 3.50 | 5.03 | 4.86 | 3.94 | 5.07 | 6.19 |
|        23 | 5.61 |  7.14 | 4.02 | 4.04 | 5.21 | 4.03 | 4.70 | 3.33 | 3.92 | 3.34 |  3.25 | 6.21 | 4.29 | 5.76 | 4.59 | 5.75 | 4.32 | 5.92 | 3.09 | 4.78 | 4.54 | 7.07 | 2.62 | 6.96 | 4.73 | 4.27 | 3.14 | 2.95 | 3.74 | 5.68 | 6.23 | 6.76 | 6.69 | 6.27 | 3.33 | 4.99 | 4.00 | 2.96 | 4.75 | 5.68 |
|        24 | 5.47 |  6.82 | 3.73 | 3.68 | 5.20 | 4.40 | 3.67 | 3.13 | 3.83 | 3.30 |  3.43 | 5.54 | 3.89 | 5.35 | 4.48 | 5.75 | 3.89 | 5.88 | 2.46 | 4.13 | 3.57 | 7.03 | 2.52 | 6.84 | 4.77 | 4.13 | 3.02 | 2.74 | 3.48 | 5.75 | 5.91 | 6.82 | 6.54 | 6.09 | 2.95 | 5.05 | 3.35 | 2.79 | 4.70 | 5.23 |
|        25 | 5.33 |  6.38 | 3.70 | 3.12 | 5.10 | 4.88 | 3.22 | 2.88 | 3.71 | 3.17 |  3.57 | 5.06 | 3.56 | 4.97 | 4.42 | 5.63 | 3.87 | 5.83 | 1.76 | 3.99 | 2.93 | 6.93 | 2.39 | 6.73 | 4.35 | 4.18 | 3.36 | 3.04 | 3.39 | 5.85 | 5.67 | 6.71 | 6.31 | 6.04 | 1.85 | 5.11 | 3.61 | 2.77 | 4.62 | 4.91 |
|        26 | 5.09 |  6.13 | 3.77 | 2.69 | 4.98 | 5.10 | 2.71 | 2.51 | 3.51 | 3.39 |  3.61 | 4.77 | 3.21 | 4.63 | 4.29 | 5.41 | 3.84 | 5.57 | 2.15 | 4.16 | 2.50 | 6.77 | 2.59 | 6.53 | 3.95 | 3.46 | 3.47 | 3.42 | 3.39 | 5.72 | 5.44 | 6.15 | 6.03 | 6.14 | 0.60 | 4.99 | 3.75 | 2.73 | 4.48 | 4.45 |
|        27 | 4.87 |  5.94 | 3.70 | 2.28 | 4.79 | 5.36 | 2.25 | 2.62 | 3.33 | 3.13 |  3.61 | 4.29 | 2.89 | 4.23 | 4.05 | 5.26 | 3.70 | 5.38 | 1.84 | 4.01 | 2.15 | 6.56 | 2.79 | 6.29 | 3.83 | 3.06 | 3.76 | 3.25 | 2.77 | 5.72 | 5.26 | 5.83 | 5.47 | 6.17 | 0.33 | 4.67 | 3.90 | 2.62 | 4.43 | 3.98 |
|        28 | 4.58 |  5.70 | 3.61 | 2.03 | 4.69 | 5.16 | 2.90 | 2.75 | 2.96 | 2.94 |  3.57 | 3.13 | 2.63 | 3.71 | 3.87 | 5.07 | 3.65 | 5.10 | 1.85 | 3.56 | 2.51 | 6.42 | 2.43 | 6.07 | 3.34 | 2.63 | 3.74 | 3.22 | 2.01 | 5.52 | 4.97 | 5.89 | 4.90 | 6.16 | 0.67 | 4.14 | 3.77 | 2.31 | 4.14 | 3.47 |
|        29 | 4.26 |  5.57 | 3.52 | 2.06 | 4.46 | 5.12 | 3.72 | 2.67 | 3.09 | 2.90 |  3.54 | 2.57 | 2.48 | 3.20 | 3.78 | 4.90 | 3.52 | 4.96 | 2.04 | 3.68 | 2.56 | 6.17 | 2.42 | 5.81 | 3.06 | 2.23 | 4.04 | 3.39 | 1.89 | 5.46 | 4.80 | 5.66 | 4.55 | 6.14 | 1.18 | 3.63 | 3.71 | 2.10 | 4.03 | 3.29 |
|        30 | 3.85 |  5.22 | 3.60 | 2.28 | 4.09 | 4.86 | 3.91 | 2.57 | 3.13 | 2.85 |  3.53 | 2.42 | 2.25 | 2.88 | 3.54 | 4.75 | 3.58 | 4.69 | 1.63 | 3.75 | 2.58 | 5.88 | 2.29 | 5.59 | 2.94 | 2.47 | 4.07 | 3.53 | 1.70 | 5.36 | 4.71 | 5.39 | 4.16 | 6.04 | 0.64 | 3.27 | 3.45 | 2.20 | 3.81 | 3.10 |
|        31 | 3.73 |  4.95 | 3.69 | 2.54 | 3.72 | 4.72 | 4.07 | 2.52 | 3.10 | 2.77 |  3.69 | 2.09 | 2.38 | 3.04 | 3.27 | 4.53 | 3.81 | 4.46 | 1.61 | 3.53 | 2.82 | 5.70 | 2.36 | 5.43 | 2.82 | 2.58 | 4.04 | 3.66 | 1.77 | 5.15 | 4.62 | 4.82 | 3.94 | 5.96 | 0.31 | 3.14 | 3.07 | 2.41 | 3.51 | 2.83 |
|        32 | 4.11 |  5.37 | 3.83 | 2.85 | 3.92 | 5.04 | 4.53 | 3.02 | 3.31 | 3.04 |  4.22 | 2.25 | 2.99 | 3.34 | 3.79 | 4.94 | 4.16 | 4.67 | 2.08 | 3.78 | 3.18 | 6.07 | 2.85 | 5.90 | 2.98 | 2.78 | 4.38 | 3.81 | 2.34 | 5.39 | 4.59 | 4.70 | 4.05 | 6.18 | 0.57 | 3.58 | 3.14 | 3.14 | 4.01 | 2.94 |
|        33 | 5.18 |  6.57 | 4.22 | 3.70 | 4.92 | 5.78 | 5.46 | 3.99 | 3.53 | 4.10 |  4.76 | 2.89 | 4.12 | 3.94 | 5.23 | 5.86 | 4.81 | 5.59 | 3.17 | 4.51 | 3.68 | 6.98 | 3.70 | 6.88 | 3.11 | 3.09 | 5.27 | 4.10 | 3.41 | 6.43 | 5.16 | 5.24 | 4.65 | 6.85 | 1.48 | 4.49 | 3.80 | 4.14 | 5.25 | 4.00 |
|        34 | 6.57 |  8.08 | 5.28 | 4.48 | 6.55 | 6.87 | 6.89 | 5.54 | 3.55 | 4.53 |  5.30 | 4.30 | 5.33 | 5.31 | 7.09 | 6.94 | 5.87 | 6.74 | 4.38 | 5.22 | 4.52 | 7.99 | 4.39 | 8.05 | 3.69 | 3.54 | 6.14 | 5.35 | 5.01 | 7.48 | 5.78 | 5.81 | 5.68 | 7.61 | 2.77 | 5.24 | 4.95 | 5.56 | 6.49 | 5.75 |
|        35 | 7.64 |  9.23 | 6.76 | 5.96 | 7.57 | 7.77 | 7.95 | 6.42 | 3.77 | 4.88 |  6.50 | 6.21 | 6.52 | 6.49 | 8.46 | 7.72 | 6.86 | 7.79 | 6.45 | 5.95 | 5.81 | 8.79 | 6.09 | 9.09 | 4.67 | 3.76 | 7.04 | 6.19 | 6.39 | 8.18 | 6.53 | 6.80 | 6.27 | 8.14 | 3.89 | 5.99 | 5.75 | 6.75 | 7.42 | 7.23 |
|        36 | 8.45 |  9.89 | 7.57 | 7.18 | 8.29 | 8.10 | 8.48 | 7.43 | 4.78 | 5.80 |  7.50 | 7.11 | 7.28 | 7.46 | 9.18 | 8.26 | 7.48 | 8.27 | 7.94 | 6.82 | 7.01 | 9.35 | 6.84 | 9.75 | 5.07 | 5.18 | 7.78 | 6.82 | 7.53 | 8.84 | 7.37 | 7.29 | 6.68 | 8.64 | 5.40 | 6.75 | 6.94 | 7.65 | 7.92 | 8.13 |
|        37 | 8.48 | 10.01 | 8.00 | 7.97 | 8.78 | 7.71 | 8.61 | 8.06 | 5.24 | 6.75 |  7.95 | 7.66 | 7.36 | 8.09 | 9.39 | 8.47 | 7.55 | 8.31 | 8.20 | 7.26 | 7.39 | 9.46 | 7.38 | 9.92 | 5.81 | 6.15 | 8.13 | 7.08 | 7.92 | 9.01 | 7.49 | 7.46 | 7.00 | 8.76 | 6.50 | 7.05 | 7.38 | 8.23 | 7.79 | 8.59 |
|        38 | 8.08 |  9.52 | 8.06 | 7.92 | 8.69 | 7.27 | 8.37 | 8.10 | 5.54 | 7.14 |  7.98 | 7.67 | 6.99 | 8.17 | 8.86 | 8.18 | 7.31 | 8.10 | 8.31 | 7.26 | 7.26 | 8.82 | 7.41 | 9.59 | 5.80 | 6.87 | 8.20 | 7.37 | 8.02 | 8.66 | 6.98 | 7.28 | 6.82 | 8.60 | 6.63 | 7.20 | 7.15 | 8.40 | 6.85 | 8.27 |
|        39 | 7.30 |  8.48 | 7.49 | 7.35 | 8.07 | 6.81 | 7.59 | 7.48 | 5.45 | 6.74 |  7.55 | 6.95 | 6.39 | 7.60 | 7.96 | 7.49 | 6.97 | 7.79 | 7.76 | 6.90 | 6.62 | 7.25 | 6.99 | 8.66 | 5.40 | 6.83 | 7.68 | 6.99 | 7.58 | 7.77 | 6.22 | 6.60 | 6.41 | 7.85 | 5.70 | 6.97 | 6.86 | 7.83 | 5.96 | 7.36 |
|        40 | 6.64 |  7.17 | 6.59 | 6.86 | 7.40 | 6.55 | 6.86 | 6.68 | 5.14 | 5.67 |  7.04 | 6.12 | 5.80 | 6.69 | 7.19 | 6.64 | 6.36 | 7.34 | 6.85 | 6.45 | 5.82 | 5.91 | 6.06 | 7.39 | 5.04 | 6.39 | 6.91 | 6.71 | 6.65 | 6.92 | 5.57 | 5.63 | 6.14 | 6.81 | 4.65 | 6.61 | 6.69 | 7.09 | 5.72 | 6.18 |
|        41 | 6.44 |  6.16 | 6.10 | 6.39 | 6.92 | 6.18 | 6.54 | 5.93 | 5.10 | 4.80 |  6.77 | 5.66 | 5.49 | 6.21 | 6.71 | 5.88 | 6.18 | 6.88 | 6.40 | 6.32 | 5.25 | 5.63 | 5.62 | 6.64 | 5.18 | 6.29 | 6.21 | 6.52 | 5.82 | 6.32 | 5.33 | 4.92 | 6.04 | 6.06 | 4.64 | 6.48 | 6.55 | 6.75 | 5.84 | 5.46 |
|        42 | 6.12 |  5.35 | 5.75 | 5.95 | 6.55 | 5.86 | 6.46 | 5.14 | 5.03 | 4.47 |  6.31 | 5.32 | 5.05 | 6.19 | 6.47 | 5.36 | 6.20 | 6.42 | 6.01 | 6.20 | 4.87 | 5.77 | 5.60 | 6.22 | 5.48 | 6.31 | 5.71 | 6.31 | 5.59 | 5.88 | 5.45 | 4.57 | 5.95 | 5.49 | 4.77 | 6.39 | 6.43 | 6.63 | 5.77 | 5.09 |
|        43 | 5.56 |  4.70 | 5.29 | 5.66 | 6.16 | 5.66 | 6.53 | 4.69 | 5.04 | 4.66 |  5.76 | 5.14 | 4.77 | 6.29 | 6.48 | 5.00 | 6.22 | 6.17 | 5.64 | 6.13 | 4.82 | 5.82 | 5.43 | 5.88 | 5.48 | 6.35 | 5.28 | 6.12 | 5.60 | 5.64 | 5.69 | 4.26 | 5.97 | 4.97 | 4.59 | 6.36 | 6.12 | 6.50 | 5.46 | 4.96 |
|        44 | 5.29 |  4.26 | 4.74 | 5.44 | 6.02 | 5.67 | 6.57 | 4.63 | 5.29 | 4.80 |  5.17 | 5.28 | 5.06 | 6.36 | 6.19 | 4.52 | 6.16 | 6.18 | 5.32 | 6.03 | 4.96 | 5.70 | 4.96 | 5.57 | 5.24 | 6.30 | 5.01 | 5.93 | 5.55 | 5.56 | 5.74 | 4.20 | 6.01 | 4.46 | 4.31 | 6.33 | 5.85 | 6.34 | 5.37 | 4.99 |
|        45 | 5.35 |  3.99 | 4.44 | 5.62 | 5.95 | 5.68 | 6.51 | 4.52 | 5.44 | 4.80 |  4.73 | 5.53 | 5.37 | 6.38 | 5.67 | 3.94 | 6.05 | 6.23 | 5.09 | 5.82 | 5.04 | 5.69 | 4.67 | 5.40 | 5.21 | 6.16 | 4.93 | 5.86 | 5.53 | 5.43 | 5.54 | 4.24 | 5.91 | 4.58 | 4.53 | 6.24 | 5.78 | 6.24 | 5.51 | 5.13 |
|        46 | 5.33 |  3.74 | 4.51 | 5.82 | 5.95 | 5.54 | 6.42 | 4.50 | 5.58 | 4.74 |  4.38 | 5.64 | 5.45 | 6.38 | 5.33 | 3.58 | 5.90 | 6.21 | 4.88 | 5.61 | 4.93 | 5.86 | 4.66 | 5.47 | 5.37 | 5.92 | 5.11 | 5.81 | 5.49 | 5.19 | 5.31 | 4.40 | 5.71 | 4.90 | 4.52 | 6.06 | 5.78 | 6.14 | 5.56 | 5.25 |
|        47 | 4.87 |  3.53 | 4.65 | 6.02 | 6.02 | 5.43 | 6.29 | 4.56 | 5.50 | 4.82 |  4.18 | 5.54 | 5.21 | 6.26 | 5.02 | 3.37 | 5.62 | 6.11 | 4.66 | 5.45 | 4.77 | 5.77 | 4.76 | 5.50 | 5.18 | 5.63 | 5.26 | 5.67 | 5.11 | 4.97 | 5.12 | 4.36 | 5.55 | 4.95 | 4.30 | 5.85 | 5.76 | 5.99 | 5.57 | 5.25 |
|        48 | 4.35 |  3.34 | 4.72 | 5.78 | 6.08 | 5.32 | 6.09 | 4.65 | 5.21 | 4.99 |  4.06 | 5.22 | 4.95 | 5.98 | 4.77 | 3.79 | 5.32 | 5.95 | 4.53 | 5.35 | 4.74 | 5.58 | 4.94 | 5.41 | 4.82 | 5.36 | 5.21 | 5.50 | 4.81 | 4.88 | 5.33 | 4.40 | 5.42 | 4.88 | 4.29 | 5.79 | 5.73 | 5.85 | 5.56 | 5.15 |
|        51 | 4.21 |  3.15 | 4.77 | 5.25 | 5.97 | 4.98 | 5.60 | 4.23 | 4.37 | 5.19 |  4.49 | 4.38 | 4.55 | 5.24 | 4.66 | 4.49 | 5.28 | 5.81 | 4.08 | 4.98 | 4.89 | 5.30 | 4.93 | 4.74 | 4.20 | 5.26 | 4.67 | 5.12 | 3.88 | 5.29 | 5.48 | 4.22 | 5.01 | 4.43 | 4.44 | 5.41 | 5.31 | 5.60 | 5.43 | 4.26 |
|        54 | 3.77 |  3.33 | 4.50 | 5.23 | 5.70 | 4.86 | 4.61 | 4.14 | 4.29 | 5.00 |  3.83 | 3.84 | 4.51 | 4.97 | 4.03 | 4.55 | 5.16 | 5.72 | 3.64 | 4.89 | 4.46 | 5.12 | 4.93 | 4.84 | 3.22 | 4.56 | 4.79 | 4.93 | 3.60 | 5.54 | 5.26 | 4.47 | 4.89 | 4.83 | 4.39 | 4.67 | 5.16 | 5.42 | 4.74 | 4.09 |
|        57 | 4.68 |  4.64 | 5.67 | 5.63 | 5.92 | 5.97 | 4.62 | 5.64 | 5.21 | 5.60 |  5.04 | 5.11 | 5.73 | 5.28 | 5.04 | 5.50 | 6.18 | 5.78 | 4.73 | 5.26 | 5.79 | 5.06 | 5.59 | 5.58 | 4.87 | 4.81 | 5.93 | 5.34 | 5.05 | 5.62 | 5.88 | 5.40 | 5.18 | 5.75 | 5.03 | 5.36 | 5.46 | 5.70 | 5.47 | 5.19 |
|        60 | 6.72 |  7.19 | 7.70 | 7.68 | 6.62 | 7.38 | 5.52 | 8.14 | 6.55 | 7.40 |  7.32 | 6.29 | 6.58 | 7.25 | 8.02 | 8.03 | 7.77 | 6.04 | 6.88 | 6.42 | 7.34 | 5.87 | 7.17 | 7.96 | 7.26 | 6.30 | 7.99 | 6.36 | 6.90 | 7.12 | 7.28 | 7.35 | 6.74 | 7.51 | 7.53 | 6.01 | 6.53 | 6.56 | 7.54 | 6.95 |
|        63 | 6.14 |  6.80 | 7.25 | 7.08 | 6.45 | 7.27 | 6.30 | 7.64 | 5.45 | 7.16 |  6.87 | 6.54 | 6.33 | 7.35 | 7.41 | 7.26 | 7.40 | 6.12 | 7.03 | 6.54 | 7.03 | 6.43 | 6.77 | 7.86 | 6.78 | 6.75 | 7.71 | 6.79 | 6.71 | 6.65 | 6.65 | 6.86 | 6.51 | 6.84 | 7.31 | 6.43 | 6.21 | 6.57 | 7.24 | 6.84 |
|        66 | 5.48 |  5.87 | 6.50 | 5.28 | 6.13 | 6.50 | 5.86 | 5.31 | 5.38 | 6.10 |  5.06 | 5.87 | 5.68 | 6.57 | 6.50 | 5.85 | 6.06 | 5.58 | 5.93 | 5.50 | 5.50 | 5.95 | 5.94 | 5.83 | 5.84 | 6.05 | 7.09 | 5.11 | 5.24 | 5.81 | 6.20 | 6.27 | 5.43 | 6.05 | 4.83 | 6.07 | 5.64 | 5.88 | 6.34 | 5.32 |
|        69 | 5.25 |  5.19 | 5.97 | 3.97 | 5.77 | 5.10 | 5.62 | 4.32 | 4.53 | 5.94 |  4.04 | 5.53 | 4.78 | 4.84 | 5.13 | 5.30 | 5.44 | 5.74 | 5.44 | 4.29 | 5.03 | 5.69 | 5.29 | 4.75 | 5.03 | 5.66 | 6.51 | 3.65 | 4.53 | 5.04 | 5.87 | 5.04 | 5.09 | 5.61 | 3.00 | 5.94 | 5.16 | 5.53 | 5.05 | 4.86 |
|        72 | 5.04 |  4.06 | 5.17 | 3.15 | 5.09 | 3.55 | 3.91 | 4.04 | 3.19 | 5.62 |  3.26 | 5.28 | 3.31 | 4.35 | 4.36 | 4.42 | 3.86 | 5.85 | 4.77 | 3.06 | 4.41 | 5.12 | 4.07 | 3.90 | 3.54 | 5.06 | 5.53 | 2.92 | 4.38 | 4.82 | 5.39 | 3.54 | 4.98 | 5.18 | 2.10 | 5.49 | 4.81 | 5.63 | 3.48 | 4.23 |
|        78 | 4.30 |  3.08 | 3.30 | 2.53 | 4.15 | 2.80 | 2.39 | 2.97 | 3.07 | 4.14 |  2.88 | 4.09 | 2.81 | 3.78 | 3.53 | 3.05 | 2.55 | 4.69 | 4.27 | 2.29 | 1.60 | 3.34 | 3.47 | 2.72 | 2.53 | 2.55 | 3.06 | 3.38 | 3.14 | 3.79 | 4.57 | 2.39 | 3.63 | 3.92 | 2.74 | 3.85 | 4.07 | 4.64 | 2.35 | 2.85 |
|        84 | 7.80 |  6.84 | 6.46 | 9.03 | 6.75 | 8.30 | 9.37 | 9.18 | 6.34 | 7.54 | 10.10 | 7.11 | 7.44 | 9.30 | 9.92 | 5.77 | 7.50 | 6.39 | 6.51 | 7.21 | 4.18 | 6.83 | 6.50 | 7.61 | 7.33 | 7.30 | 8.14 | 4.70 | 7.51 | 7.34 | 7.31 | 6.56 | 6.34 | 6.86 | 3.97 | 7.97 | 6.25 | 6.61 | 7.20 | 7.77 |
|        90 | 5.75 |  5.49 | 4.32 | 4.94 | 6.54 | 6.44 | 5.28 | 6.74 | 5.31 | 6.43 |  6.66 | 6.87 | 4.51 | 6.36 | 7.35 | 5.36 | 5.19 | 6.35 | 5.70 | 5.88 | 3.64 | 6.89 | 6.36 | 6.17 | 5.48 | 6.16 | 6.48 | 5.35 | 5.69 | 6.49 | 5.13 | 5.32 | 6.31 | 5.97 | 4.03 | 6.45 | 6.34 | 6.75 | 6.28 | 5.28 |
|        96 | 6.36 |  5.22 | 3.51 | 5.15 | 5.77 | 5.89 | 5.13 | 5.75 | 5.11 | 5.60 |  3.30 | 6.38 | 3.55 | 3.63 | 4.09 | 5.27 | 4.98 | 5.80 | 5.11 | 3.62 | 2.86 | 5.84 | 5.70 | 5.45 | 3.76 | 5.70 | 5.58 | 5.33 | 5.31 | 5.33 | 4.39 | 4.04 | 5.64 | 4.67 | 4.34 | 5.45 | 5.67 | 5.94 | 6.43 | 4.58 |
|       102 | 6.05 |  4.96 | 3.86 | 5.88 | 5.60 | 5.70 | 5.51 | 5.20 | 4.30 | 4.94 |  4.12 | 5.61 | 4.55 | 4.74 | 5.40 | 5.72 | 4.52 | 5.66 | 4.35 | 4.54 | 3.37 | 5.50 | 5.50 | 5.13 | 4.50 | 5.06 | 5.63 | 5.27 | 5.49 | 5.08 | 4.02 | 5.11 | 5.56 | 5.08 | 4.56 | 5.20 | 4.75 | 5.68 | 6.02 | 5.29 |
|       108 | 7.12 |  6.64 | 6.79 | 7.77 | 7.57 | 7.17 | 9.81 | 7.27 | 6.38 | 7.27 |  4.80 | 7.27 | 6.54 | 6.09 | 7.94 | 7.84 | 6.99 | 6.31 | 7.25 | 8.50 | 6.30 | 7.43 | 6.87 | 7.74 | 6.02 | 7.56 | 7.97 | 6.76 | 7.62 | 6.90 | 5.95 | 7.16 | 7.32 | 6.76 | 6.31 | 7.62 | 6.92 | 7.00 | 7.86 | 7.13 |
|       114 | 6.33 |  7.01 | 6.15 | 4.93 | 6.64 | 7.06 | 8.34 | 6.10 | 5.08 | 7.00 |  5.90 | 6.08 | 6.09 | 5.98 | 8.42 | 7.86 | 6.23 | 5.74 | 7.63 | 7.16 | 5.71 | 7.48 | 5.19 | 6.75 | 5.35 | 6.45 | 6.91 | 6.18 | 7.74 | 7.29 | 6.18 | 5.88 | 6.89 | 6.04 | 6.37 | 7.50 | 6.71 | 7.24 | 6.97 | 6.22 |
|       120 | 6.15 |  7.27 | 5.15 | 5.41 | 6.57 | 7.25 | 5.98 | 6.00 | 6.59 | 7.81 |  4.45 | 7.52 | 6.50 | 5.65 | 8.46 | 7.51 | 6.21 | 6.53 | 7.10 | 6.12 | 3.46 | 8.36 | 4.02 | 6.32 | 5.28 | 5.83 | 6.71 | 6.85 | 5.71 | 7.83 | 5.60 | 5.47 | 7.19 | 6.34 | 6.16 | 6.90 | 6.68 | 7.20 | 7.74 | 6.51 |
