# variable: Temperature at 2m
# units: degree celsius
# 
| fcst_hour |     1 |     2 |     3 |     4 |     5 |     6 |     7 |     8 |     9 |    10 |    11 |    12 |    13 |    14 |    15 |    16 |    17 |    18 |    19 |    20 |    21 |    22 |    23 |    24 |    25 |    26 |    27 |    28 |    29 |    30 |    31 |    32 |    33 |    34 |    35 |    36 |    37 |    38 |    39 |    40 |
|         0 | -0.39 |  0.41 | -0.10 |  0.53 |  0.07 |  0.67 | -0.37 | -0.06 |  0.51 | -0.87 | -0.08 | -0.42 |  0.34 |  1.62 | -0.48 |  0.50 |  0.28 |  0.03 | -1.11 |  0.35 |  0.08 | -0.16 |  0.41 |  0.23 |  0.33 |  0.84 | -0.27 |  0.22 |  0.02 | -1.71 |  0.15 | -0.09 | -0.01 | -0.08 | -0.41 | -0.62 | -0.52 | -1.21 | -0.67 | -0.84 |
|         1 | -0.22 |  0.19 | -0.15 |  0.36 | -0.09 |  0.63 | -0.68 | -0.09 |  0.45 | -0.95 |  0.03 | -1.35 | -0.05 |  1.41 | -0.21 |     0 |     0 | -0.33 | -1.51 |  0.18 |  0.04 | -0.36 |  0.41 |  0.16 |  0.43 |  0.83 | -0.40 |  0.11 |  0.06 | -2.01 | -0.08 | -0.12 | -0.36 | -0.25 | -0.71 | -0.90 | -0.58 | -1.58 | -0.67 | -1.04 |
|         2 | -0.06 |  0.22 | -0.12 |  0.28 | -0.10 |  0.45 | -0.59 | -0.02 |  0.36 | -0.92 |  0.31 | -2.01 | -0.11 |  1.13 |  0.04 | -0.10 | -0.11 | -0.29 | -1.23 |  0.14 |  0.10 | -0.40 |  0.36 |  0.21 |  0.31 |  0.86 | -0.24 |  0.16 |  0.12 | -1.49 |  0.02 |  0.18 | -0.49 | -0.22 | -0.76 | -1.07 | -0.54 | -1.72 | -0.40 | -1.33 |
|         3 | -0.02 |  0.18 | -0.07 |  0.17 | -0.13 |  0.21 | -0.54 |  0.05 |  0.23 | -1.11 |  0.51 | -2.04 | -0.01 |  0.72 |  0.14 | -0.06 | -0.07 | -0.08 | -0.76 |  0.17 |  0.12 | -0.36 |  0.28 |  0.25 |  0.23 |  0.84 | -0.10 |  0.12 |  0.19 | -1.31 |  0.11 |  0.32 | -0.39 | -0.18 | -0.57 | -1.40 | -0.45 | -1.52 | -0.24 | -1.54 |
|         4 |     0 |  0.24 |    -0 |  0.19 | -0.08 |  0.06 | -0.62 |  0.22 |  0.02 | -1.15 |  0.49 | -1.82 |  0.07 |  0.31 |  0.21 | -0.04 |  0.03 |  0.15 | -0.58 |  0.21 |  0.14 | -0.25 |  0.30 |  0.24 |  0.15 |  0.89 | -0.01 |  0.06 |  0.29 | -1.09 |  0.14 |  0.25 | -0.10 | -0.12 | -0.35 | -1.48 | -0.37 | -1.77 | -0.11 | -1.74 |
|         5 | -0.06 |  0.16 |  0.04 |  0.29 |  0.02 |  0.23 | -0.64 |  0.33 | -0.08 | -0.93 |  0.47 | -1.77 |  0.14 | -0.04 |  0.24 |     0 |  0.23 |  0.25 | -0.47 |  0.29 |  0.18 | -0.08 |  0.25 |  0.33 |  0.17 |  0.90 |  0.05 | -0.03 |  0.20 | -0.91 |  0.17 |  0.20 |  0.16 | -0.19 | -0.25 | -1.33 | -0.26 | -1.56 | -0.04 | -1.73 |
|         6 | -0.28 |  0.14 |  0.10 |  0.32 |  0.01 |  0.27 | -0.80 |  0.29 | -0.09 | -0.77 |  0.37 | -1.58 |  0.17 | -0.38 |  0.16 |  0.21 |  0.53 |  0.18 | -0.42 |  0.34 |  0.06 |  0.05 |  0.18 |  0.37 |  0.12 |  0.90 |  0.08 | -0.09 |  0.16 | -0.84 |  0.20 |  0.21 |  0.26 | -0.29 | -0.29 | -1.37 | -0.14 | -1.54 | -0.29 | -1.62 |
|         7 | -0.32 |  0.05 |  0.15 |  0.17 |  0.07 |  0.07 | -1.05 |  0.10 | -0.11 | -0.88 |  0.22 | -1.26 |  0.14 | -0.57 |  0.07 |  0.27 |  0.61 | -0.02 | -0.40 |  0.39 | -0.23 |     0 |  0.07 |  0.30 |  0.08 |  0.86 |  0.04 | -0.10 |  0.15 | -0.79 |  0.17 |  0.20 |  0.23 | -0.31 | -0.50 | -1.37 | -0.02 | -1.37 | -0.40 | -1.68 |
|         8 | -0.30 | -0.18 |  0.10 | -0.15 |  0.08 | -0.16 | -1.27 | -0.11 | -0.09 | -0.99 |  0.03 | -0.92 |  0.09 | -0.65 | -0.09 |  0.27 |  0.48 | -0.14 | -0.49 |  0.38 | -0.32 | -0.13 |  0.16 |  0.31 | -0.06 |  0.73 |  0.05 |  0.05 |  0.18 | -0.75 |    -0 |  0.35 |  0.24 | -0.23 | -0.58 | -1.01 |  0.09 | -1.24 | -0.43 | -1.79 |
|         9 | -0.13 | -0.18 |  0.17 | -0.29 |  0.25 | -0.04 | -1.14 | -0.16 |    -0 | -0.86 |  0.11 | -0.48 |  0.19 | -0.32 |  0.03 |  0.41 |  0.45 | -0.01 | -0.42 |  0.64 | -0.17 | -0.20 |  0.34 |  0.50 | -0.15 |  0.79 |  0.39 |  0.37 |  0.40 | -0.59 |  0.02 |  0.65 |  0.29 |  0.04 | -0.49 | -0.62 |  0.34 | -1.02 | -0.32 | -1.77 |
|        10 |  0.08 |     0 |  0.43 | -0.25 |  0.50 |  0.17 | -0.86 |  0.03 |  0.07 | -0.16 |  0.33 |  0.02 |  0.20 |  0.27 |  0.46 |  0.71 |  0.57 |  0.39 | -0.12 |  1.05 |  0.08 | -0.11 |  1.13 |  0.72 | -0.13 |  1.05 |  0.74 |  1.01 |  0.69 | -0.37 |  0.28 |  1.02 |  0.21 |  0.17 | -0.43 | -0.32 |  0.66 | -1.04 | -0.10 | -1.42 |
|        11 |  0.38 |  0.29 |  0.71 |  0.14 |  0.85 |  0.17 | -0.18 |  0.70 |  0.20 | -0.03 |  0.73 |  0.54 |  0.22 |  0.85 |  1.12 |  1.07 |  0.73 |  0.64 |  0.35 |  1.38 |  0.49 |  0.46 |  1.58 |  0.92 |  0.01 |  1.32 |  0.80 |  1.43 |  0.99 |  0.04 |  0.65 |  1.31 |  0.29 |  0.26 | -0.09 | -0.15 |  0.89 | -0.88 |  0.27 | -1.08 |
|        12 |  0.70 |  0.67 |  1.05 |  0.54 |  1.28 |  0.29 |  0.20 |  1.01 |  0.71 |  0.13 |  0.95 |  0.69 |  0.26 |  1.48 |  1.34 |  1.17 |  1.34 |  0.91 |  0.60 |  1.60 |  0.98 |  0.94 |  1.75 |  1.33 |  0.21 |  1.60 |  0.84 |  1.61 |  1.33 |  0.11 |  0.88 |  1.41 |  0.41 |  0.43 |  0.57 |    -0 |  1.16 | -0.62 |  0.64 | -0.63 |
|        13 |  0.90 |  0.92 |  1.30 |  1.19 |  1.58 |  0.62 |  0.59 |  1.06 |  1.07 |  0.14 |  1.05 |  0.80 |  0.55 |  1.85 |  1.60 |  1.31 |  1.80 |  1.03 |  0.71 |  1.71 |  1.24 |  1.20 |  1.96 |  1.62 |  0.33 |  1.79 |  0.94 |  1.82 |  1.53 |  0.41 |  0.98 |  1.53 |  0.74 |  0.40 |  0.66 |  0.12 |  1.39 | -0.11 |  1.07 | -0.45 |
|        14 |  0.91 |  0.73 |  0.95 |  1.07 |  1.49 |  0.74 |  0.44 |  0.96 |  1.16 | -0.13 |  0.99 |  0.61 |  1.25 |  1.83 |  1.45 |  1.20 |  1.73 |  0.85 |  0.61 |  1.54 |  1.08 |  1.15 |  1.86 |  1.52 |  0.27 |  1.57 |  0.82 |  1.66 |  1.42 |  0.83 |  0.72 |  1.31 |  0.77 |  0.34 |  0.53 |  0.14 |  1.23 |  0.05 |  1.10 | -0.44 |
|        15 |  0.36 |  0.28 |  0.22 |  0.39 |  0.78 |  0.49 |  0.06 |  0.60 |  0.88 | -0.39 |  0.73 |  0.33 |  1.23 |  1.26 |  0.85 |  0.83 |  1.30 |  0.35 |  0.38 |  1.09 |  0.48 |  0.69 |  1.17 |  1.01 |  0.03 |  0.98 |  0.41 |  0.90 |  0.82 |  0.72 |  0.34 |  0.76 |  0.28 | -0.01 |  0.45 |  0.09 |  0.73 |     0 |  0.58 | -0.37 |
|        16 | -0.11 |  0.08 | -0.36 | -0.02 |  0.41 |     0 | -0.17 |  0.13 |  0.51 | -0.60 |  0.23 |  0.13 |  0.93 |  0.56 |  0.40 |  0.44 |  0.71 | -0.10 |  0.27 |  0.63 |  0.03 |  0.38 |  0.53 |  0.63 | -0.15 |  0.44 | -0.02 |  0.15 |  0.26 |  0.43 |  0.02 |  0.41 |  0.02 | -0.29 |  0.21 |  0.06 |  0.25 | -0.04 |  0.09 | -0.10 |
|        17 | -0.36 | -0.08 | -0.80 | -0.33 |  0.26 | -0.56 | -0.27 | -0.37 |  0.27 | -0.88 | -0.24 | -0.07 |  0.37 |  0.08 |  0.21 |  0.29 |  0.19 | -0.42 |  0.08 |  0.26 | -0.20 |  0.34 |  0.14 |  0.36 | -0.23 |  0.15 | -0.31 | -0.33 |     0 | -0.08 | -0.17 |  0.34 | -0.07 | -0.51 |  0.02 | -0.05 | -0.01 | -0.09 | -0.25 | -0.07 |
|        18 | -0.57 | -0.25 | -1.13 | -0.49 |  0.13 | -1.08 | -0.41 | -0.65 |  0.03 | -1.26 | -0.62 | -0.28 |  0.07 | -0.28 |  0.07 |  0.19 | -0.33 | -0.65 | -0.17 | -0.04 | -0.30 |  0.22 | -0.05 |  0.20 | -0.29 |  0.05 | -0.51 | -0.68 | -0.02 | -0.28 | -0.27 |  0.24 | -0.24 | -0.67 | -0.14 | -0.26 | -0.19 | -0.18 | -0.41 | -0.06 |
|        19 | -0.82 | -0.35 | -1.37 | -0.59 |  0.04 | -1.69 | -0.50 | -0.88 | -0.35 | -1.70 | -0.94 | -0.69 | -0.25 | -0.87 | -0.10 | -0.01 | -0.71 | -0.97 | -0.45 | -0.23 | -0.40 |  0.11 | -0.19 |  0.07 | -0.40 | -0.09 | -0.63 | -1.12 | -0.05 | -0.60 | -0.38 |  0.09 | -0.57 | -0.81 | -0.26 | -0.44 | -0.42 | -0.39 | -0.76 | -0.12 |
|        20 | -1.10 | -0.38 | -1.66 | -0.91 | -0.02 | -2.03 | -0.54 | -1.03 | -0.69 | -1.96 | -1.20 | -1.08 | -0.63 | -1.39 | -0.26 | -0.21 | -1.08 | -1.41 | -0.70 | -0.36 | -0.67 | -0.08 | -0.45 | -0.07 | -0.60 | -0.39 | -0.90 | -1.18 | -0.07 | -0.92 | -0.54 | -0.22 | -0.81 | -0.91 | -0.42 | -0.55 | -0.75 | -0.77 | -1.21 | -0.30 |
|        21 | -1.39 | -0.36 | -1.83 | -1.34 |  0.02 | -2.36 | -0.67 | -1.15 | -0.94 | -2.37 | -1.51 | -1.17 | -0.85 | -1.57 | -0.41 | -0.41 | -1.46 | -1.67 | -0.72 | -0.44 | -0.89 | -0.21 | -0.58 | -0.24 | -0.81 | -0.81 | -1.16 | -1.52 | -0.08 | -0.95 | -0.60 | -0.42 | -0.92 | -1.08 | -0.57 | -0.70 | -0.90 | -1.06 | -1.78 | -0.54 |
|        22 | -1.58 | -0.23 | -1.96 | -1.80 |  0.02 | -2.73 | -0.73 | -1.09 | -1.11 | -2.68 | -1.73 | -1.18 | -0.99 | -1.74 | -0.53 | -0.52 | -1.94 | -1.72 | -0.70 | -0.53 | -1.03 | -0.46 | -0.75 | -0.64 | -1.03 | -1.21 | -1.30 | -1.92 | -0.13 | -0.85 | -0.57 | -0.64 | -1.20 | -1.25 | -0.71 | -0.97 | -1.12 | -1.17 | -2.25 | -0.71 |
|        23 | -1.70 | -0.29 | -2.18 | -2.02 |  0.08 | -3.03 | -0.79 | -1.06 | -1.06 | -3.18 | -1.86 | -1.27 | -1.10 | -1.94 | -0.61 | -0.69 | -2.14 | -1.84 | -0.67 | -0.70 | -1.07 | -0.86 | -1.01 | -1.01 | -1.21 | -1.41 | -1.45 | -2.03 | -0.28 | -0.82 | -0.63 | -1.05 | -1.54 | -1.47 | -0.82 | -1.22 | -1.23 | -1.38 | -2.44 | -0.84 |
|        24 | -1.85 | -0.51 | -2.30 | -2.25 |    -0 | -3.32 | -0.80 | -1.17 | -1.43 | -3.20 | -1.90 | -1.45 | -1.40 | -2.14 | -0.76 | -1.13 | -2.19 | -1.84 | -0.70 | -0.90 | -1.05 | -1.32 | -1.11 | -1.29 | -1.32 | -1.51 | -1.88 | -2.04 | -0.51 | -0.74 | -0.72 | -1.29 | -1.99 | -1.70 | -0.77 | -1.45 | -1.35 | -1.50 | -2.31 | -1.07 |
|        25 | -2.06 | -0.71 | -2.43 | -2.53 | -0.11 | -3.55 | -0.81 | -1.31 | -1.87 | -2.83 | -1.97 | -1.65 | -1.67 | -2.32 | -0.97 | -1.62 | -2.30 | -1.90 | -0.77 | -1.07 | -1.05 | -1.89 | -1.40 | -1.48 | -1.50 | -1.54 | -2.29 | -2.26 | -1.01 | -0.58 | -0.87 | -1.62 | -2.75 | -1.82 | -0.68 | -1.66 | -1.53 | -1.68 | -2.44 | -1.37 |
|        26 | -2.30 | -0.85 | -2.48 | -2.71 | -0.18 | -3.61 | -0.80 | -1.45 | -2.05 | -2.57 | -2.06 | -1.79 | -1.81 | -2.52 | -1.12 | -1.89 | -2.39 | -2.13 | -0.85 | -1.26 | -1.05 | -2.18 | -1.44 | -1.64 | -1.63 | -1.50 | -2.89 | -2.64 | -1.42 | -0.75 | -1.09 | -1.92 | -3.10 | -1.89 | -0.64 | -1.95 | -1.53 | -1.85 | -2.42 | -1.61 |
|        27 | -2.66 | -0.98 | -2.32 | -2.84 | -0.31 | -3.44 | -0.91 | -1.57 | -2.08 | -2.51 | -2.18 | -1.90 | -1.91 | -2.69 | -1.26 | -1.92 | -2.64 | -2.49 | -1.07 | -1.42 | -1.13 | -2.18 | -1.70 | -1.85 | -1.65 | -1.60 | -3.42 | -3.02 | -1.79 | -1.08 | -1.42 | -2.16 | -3.19 | -2.19 | -0.71 | -2.36 | -1.51 | -1.98 | -2.35 | -1.81 |
|        28 | -2.94 | -1.08 | -2.09 | -3.02 | -0.53 | -3.45 | -1.15 | -1.76 | -2.42 | -2.44 | -2.03 | -1.99 | -2.05 | -2.69 | -1.44 | -2.15 | -2.86 | -2.81 | -1.40 | -1.55 | -1.15 | -2.11 | -1.95 | -2.09 | -1.60 | -1.76 | -3.58 | -3.21 | -2.08 | -1.56 | -1.80 | -2.25 | -3.13 | -2.48 | -0.80 | -2.68 | -1.59 | -2.15 | -2.30 | -2.03 |
|        29 | -3.16 | -1.10 | -2.08 | -3.21 | -0.76 | -3.76 | -1.54 | -1.94 | -2.76 | -2.41 | -1.81 | -2.06 | -2.12 | -2.72 | -1.46 | -2.03 | -3.12 | -3.12 | -1.57 | -1.60 | -1.15 | -2.03 | -2.04 | -2.32 | -1.60 | -1.89 | -3.46 | -3.33 | -2.37 | -1.99 | -2.15 | -2.51 | -3.06 | -2.71 | -0.90 | -2.87 | -1.67 | -2.39 | -2.29 | -2.40 |
|        30 | -3.25 | -1.13 | -2.17 | -3.41 | -0.90 | -4.00 | -2.12 | -2.10 | -2.95 | -2.50 | -1.81 | -2.10 | -2.07 | -2.92 | -1.47 | -1.76 | -3.33 | -3.26 | -1.71 | -1.61 | -1.24 | -1.96 | -2.15 | -2.46 | -1.55 | -2.04 | -3.47 | -3.66 | -2.59 | -2.14 | -2.37 | -2.69 | -3.03 | -2.61 | -1.08 | -3.05 | -1.76 | -2.53 | -2.29 | -2.80 |
|        31 | -3.22 | -1.10 | -2.19 | -3.64 | -0.95 | -4.18 | -2.61 | -2.31 | -3.12 | -2.68 | -1.98 | -2.31 | -2.00 | -2.96 | -1.61 | -1.92 | -3.51 | -3.12 | -1.84 | -1.71 | -1.36 | -1.98 | -2.16 | -2.58 | -1.44 | -2.18 | -3.53 | -3.85 | -2.77 | -2.15 | -2.44 | -3.02 | -2.81 | -2.49 | -1.33 | -3.18 | -1.78 | -2.54 | -2.32 | -3.08 |
|        32 | -3.16 | -1.02 | -2.21 | -3.79 | -0.99 | -4.30 | -3.02 | -2.56 | -3.26 | -2.68 | -2.08 | -2.71 | -1.98 | -3.06 | -1.83 | -1.97 | -3.61 | -2.84 | -1.96 | -1.92 | -1.63 | -2.19 | -2.05 | -2.66 | -1.24 | -2.25 | -3.46 | -3.68 | -2.92 | -2.00 | -2.38 | -3.22 | -2.59 | -2.53 | -1.58 | -3.25 | -1.81 | -2.48 | -2.32 | -3.24 |
|        33 | -2.77 | -0.85 | -1.97 | -3.88 | -1.02 | -4.24 | -3.20 | -2.58 | -3.37 | -2.41 | -1.88 | -3.03 | -1.73 | -3.09 | -1.71 | -1.73 | -3.49 | -2.38 | -1.83 | -2.03 | -1.73 | -2.20 | -1.99 | -2.32 | -0.96 | -2.11 | -3.09 | -3.24 | -2.92 | -1.90 | -2.18 | -3.05 | -2.10 | -2.15 | -1.71 | -3.07 | -1.76 | -2.25 | -2.09 | -3.23 |
|        34 | -2.15 | -0.57 | -1.51 | -3.78 | -0.88 | -3.86 | -2.35 | -2.31 | -3.31 | -2.02 | -1.49 | -2.95 | -1.38 | -3.00 | -1.25 | -1.22 | -3.43 | -1.93 | -1.45 | -1.85 | -1.48 | -1.99 | -1.63 | -1.69 | -0.84 | -1.87 | -2.44 | -2.49 | -2.66 | -1.74 | -1.90 | -2.48 | -1.61 | -1.71 | -1.54 | -2.57 | -1.80 | -1.85 | -1.60 | -2.77 |
|        35 | -1.39 | -0.18 | -0.97 | -3.54 | -0.64 | -3.42 | -1.98 | -1.81 | -2.95 | -1.52 | -0.99 | -2.50 | -1.11 | -2.81 | -0.76 | -0.73 | -3.19 | -1.52 | -1.02 | -1.55 | -1.08 | -1.81 | -1.18 | -1.05 | -0.37 | -1.57 | -1.73 | -1.65 | -1.67 | -1.18 | -1.56 | -1.81 | -1.24 | -1.27 | -0.91 | -1.97 | -1.84 | -1.36 | -1.12 | -1.89 |
|        36 | -0.72 |  0.20 | -0.36 | -3.32 | -0.56 | -2.96 | -1.61 | -1.20 | -2.43 | -1.09 | -0.53 | -1.95 | -0.69 | -2.65 | -0.26 | -0.48 | -2.43 | -1.19 | -0.54 | -1.11 | -0.69 | -1.24 | -0.88 | -0.41 |     0 | -1.39 | -1.04 | -0.90 | -1.05 | -0.68 | -1.18 | -1.25 | -0.90 | -0.77 | -0.28 | -1.48 | -1.90 | -0.89 | -0.55 | -1.15 |
|        37 | -0.31 |  0.34 |     0 | -3.15 | -0.53 | -2.38 | -1.30 | -0.48 | -1.60 | -0.84 | -0.23 | -1.51 | -0.35 | -2.51 | -0.06 | -0.36 | -2.05 | -0.95 | -0.26 | -0.85 | -0.33 | -0.77 | -0.63 | -0.05 |  0.37 | -1.29 | -0.56 | -0.42 | -0.71 | -0.43 | -0.89 | -0.82 | -0.71 | -0.37 | -0.10 | -1.09 | -1.99 | -0.63 | -0.17 | -0.63 |
|        38 | -0.21 |  0.25 |  0.04 | -3.06 | -0.47 | -2.01 | -1.21 | -0.28 | -1.29 | -0.69 | -0.15 | -1.26 | -0.21 | -2.43 | -0.14 | -0.37 | -1.60 | -0.83 | -0.19 | -0.79 | -0.22 | -0.64 | -0.56 |    -0 |  0.38 | -1.33 | -0.36 | -0.29 | -0.67 | -0.39 | -0.78 | -0.63 | -0.62 | -0.21 | -0.17 | -0.99 | -2.11 | -0.60 | -0.08 | -0.37 |
|        39 | -0.45 |  0.10 | -0.19 | -2.99 | -0.47 | -1.89 | -1.39 | -0.48 | -1.33 | -0.75 | -0.25 | -1.34 | -0.15 | -2.55 | -0.29 | -0.68 | -1.59 | -0.82 | -0.30 | -1.06 | -0.23 | -0.77 | -0.78 | -0.15 |  0.36 | -1.44 | -0.50 | -0.47 | -1.07 | -0.59 | -1.01 | -0.82 | -0.75 | -0.38 | -0.36 | -1.40 | -2.24 | -0.85 | -0.27 | -0.58 |
|        40 | -0.92 |     0 | -0.61 | -3.05 | -0.54 | -1.88 | -1.73 | -0.98 | -1.63 | -1.08 | -0.46 | -1.66 | -0.28 | -2.78 | -0.64 | -1.20 | -1.92 | -1.00 | -0.65 | -1.53 | -0.43 | -1.09 | -1.14 | -0.48 |  0.15 | -1.70 | -0.88 | -0.87 | -1.67 | -0.91 | -1.40 | -1.12 | -1.08 | -0.89 | -0.74 | -1.77 | -2.24 | -1.34 | -0.52 | -1.07 |
|        41 | -1.37 | -0.17 | -1.00 | -3.14 | -0.62 | -2.02 | -2.14 | -1.51 | -2.02 | -1.44 | -0.73 | -1.87 | -0.49 | -2.79 | -0.87 | -1.65 | -2.38 | -1.17 | -1.00 | -1.98 | -0.73 | -1.36 | -1.42 | -0.82 | -0.14 | -2.02 | -1.22 | -1.23 | -2.10 | -1.08 | -1.72 | -1.37 | -1.38 | -1.32 | -1.21 | -1.97 | -2.21 | -1.78 | -0.80 | -1.52 |
|        42 | -1.77 | -0.31 | -1.37 | -3.23 | -0.67 | -2.19 | -2.57 | -2.07 | -2.49 | -1.75 | -1.06 | -1.95 | -0.72 | -2.66 | -1.17 | -2.06 | -2.63 | -1.26 | -1.43 | -2.31 | -0.98 | -1.62 | -1.73 | -1.20 | -0.10 | -2.44 | -1.51 | -1.60 | -2.49 | -1.22 | -1.95 | -1.65 | -1.67 | -1.71 | -1.52 | -2.15 | -2.23 | -2.23 | -1.07 | -1.95 |
|        43 | -2.09 | -0.41 | -1.71 | -3.26 | -0.66 | -2.39 | -2.99 | -2.52 | -2.87 | -1.89 | -1.39 | -2.06 | -0.96 | -2.46 | -1.58 | -2.34 | -2.69 | -1.25 | -1.77 | -2.56 | -1.25 | -1.93 | -2.02 | -1.53 |  0.13 | -2.74 | -1.73 | -1.93 | -2.77 | -1.45 | -2.12 | -1.83 | -1.98 | -2.20 | -1.88 | -2.33 | -2.48 | -2.52 | -1.37 | -2.32 |
|        44 | -2.28 | -0.58 | -2.00 | -3.17 | -0.65 | -2.64 | -3.36 | -2.84 | -3.28 | -2.06 | -1.70 | -2.36 | -1.26 | -2.40 | -1.96 | -2.45 | -2.98 | -1.24 | -2.04 | -2.77 | -1.49 | -2.12 | -2.21 | -1.82 |  0.29 | -3.26 | -1.87 | -2.19 | -2.82 | -1.74 | -2.13 | -2.05 | -2.27 | -2.37 | -2.35 | -2.46 | -2.72 | -2.81 | -1.64 | -2.58 |
|        45 | -2.34 | -0.80 | -2.21 | -2.93 | -0.64 | -2.83 | -3.49 | -3.10 | -3.34 | -2.12 | -1.98 | -2.51 | -1.54 | -2.26 | -2.27 | -2.55 | -3.22 | -1.21 | -2.34 | -2.91 | -1.64 | -2.29 | -2.42 | -2.04 |  0.28 | -3.89 | -1.97 | -2.37 | -2.90 | -1.91 | -2.06 | -2.21 | -2.47 | -2.50 | -2.74 | -2.55 | -2.83 | -2.88 | -1.77 | -2.71 |
|        46 | -2.38 | -1.01 | -2.39 | -2.91 | -0.64 | -2.92 | -3.40 | -3.26 | -3.22 | -2.27 | -2.18 | -2.61 | -1.77 | -2.13 | -2.44 | -2.56 | -3.28 | -1.17 | -2.41 | -2.90 | -1.74 | -2.35 | -2.54 | -2.20 |  0.21 | -4.29 | -2.05 | -2.44 | -2.94 | -1.97 | -1.89 | -2.35 | -2.55 | -2.54 | -3.04 | -2.57 | -2.88 | -3.01 | -1.81 | -2.78 |
|        47 | -2.41 | -1.17 | -2.54 | -3.01 | -0.69 | -2.88 | -3.33 | -3.41 | -3.06 | -2.40 | -2.36 | -2.65 | -1.93 | -2.11 | -2.50 | -2.63 | -3.21 | -1.29 | -2.39 | -2.85 | -1.84 | -2.54 | -2.65 | -2.21 |  0.13 | -4.61 | -2.15 | -2.52 | -3.01 | -2.12 | -1.80 | -2.52 | -2.65 | -2.59 | -3.29 | -2.60 | -3.01 | -3.09 | -1.93 | -2.73 |
|        48 | -2.35 | -1.21 | -2.65 | -3.03 | -0.75 | -2.71 | -3.27 | -3.50 | -3.07 | -2.51 | -2.46 | -2.46 | -2.04 | -2.06 | -2.48 | -2.74 | -3.10 | -1.41 | -2.33 | -2.69 | -1.95 | -2.69 | -2.70 | -2.14 | -0.01 | -4.87 | -2.22 | -2.41 | -3.07 | -2.12 | -1.70 | -2.41 | -2.81 | -2.50 | -3.40 | -2.64 | -3.04 | -3.15 | -2.12 | -2.73 |
|        51 | -2.14 | -1.10 | -2.59 | -2.64 | -1.28 | -1.88 | -3.33 | -3.63 | -3.26 | -2.77 | -2.33 | -2.03 | -1.80 | -1.74 | -2.35 | -2.52 | -2.22 | -1.96 | -2.01 | -2.36 | -2.04 | -3.06 | -2.46 | -1.64 | -0.81 | -5.03 | -2.49 | -1.94 | -2.68 | -1.98 | -1.84 | -2.34 | -3.17 | -2.32 | -3.78 | -2.41 | -2.58 | -2.73 | -2.28 | -3.12 |
|        54 | -1.88 | -1.16 | -2.36 | -2.42 | -1.91 | -1.63 | -2.97 | -3.47 | -3.21 | -2.69 | -2.09 | -1.77 | -1.66 | -1.76 | -2.10 | -2.51 | -1.57 | -1.75 | -1.87 | -2.26 | -2.02 | -2.74 | -2.10 | -1.62 | -1.35 | -4.17 | -2.53 | -1.56 | -2.11 | -1.85 | -1.80 | -2.21 | -3.06 | -2.15 | -3.44 | -2.35 | -2.28 | -2.20 | -1.95 | -3.23 |
|        57 | -1.37 | -0.59 | -1.69 | -2.19 | -1.40 | -1.13 | -2.25 | -2.49 | -2.61 | -1.91 | -1.66 | -1.41 | -1.32 | -1.35 | -1.25 | -1.72 | -1.07 | -1.07 | -1.40 | -1.95 | -1.57 | -2.07 | -1.18 | -0.96 | -1.15 | -2.51 | -1.85 | -1.09 | -1.38 | -1.22 | -1.38 | -1.77 | -2.26 | -1.14 | -2.60 | -1.86 | -1.74 | -1.77 | -1.56 | -2.64 |
|        60 | -0.31 |  0.18 | -0.58 | -0.92 |  0.06 |  0.07 | -0.32 | -0.85 | -0.81 | -0.37 | -0.54 | -0.51 | -0.06 | -0.32 |  0.16 | -0.57 | -0.27 | -0.40 | -0.34 | -1.04 | -0.35 | -0.66 |  0.18 |  0.57 | -0.33 | -0.38 | -0.20 |  0.08 |  0.04 |     0 | -0.40 | -0.49 | -0.43 |  0.05 | -0.86 | -0.56 | -0.63 | -0.81 |  0.27 | -1.05 |
|        63 | -0.12 |  0.35 | -0.30 | -0.55 |  0.10 |  0.41 | -0.03 | -0.58 | -0.52 | -0.40 | -0.41 | -0.43 | -0.06 | -0.06 |  0.59 | -0.69 | -0.72 | -0.14 | -0.11 | -0.65 |  0.21 | -0.47 |  0.22 |  0.72 |  0.16 |  0.07 |  0.07 |  0.50 |  0.39 |  0.46 | -0.27 | -0.06 | -0.06 | -0.42 | -0.41 | -0.61 | -0.30 | -0.72 |  0.51 | -0.80 |
|        66 | -0.44 | -0.10 | -0.73 | -0.90 | -0.37 |  0.44 | -0.68 | -0.78 | -1.05 | -1.16 | -0.64 | -0.60 | -0.13 | -0.28 |  0.40 | -1.64 | -0.25 | -0.19 | -0.50 | -1.15 | -0.06 | -0.68 |  0.21 |  0.22 | -0.31 | -0.65 | -0.36 |  0.63 |  1.09 |  0.72 | -0.34 | -0.40 | -0.20 |  0.60 | -1.05 | -1.01 | -0.25 | -1.02 |  0.08 | -1.23 |
|        69 | -0.56 | -0.45 | -0.86 | -1.26 | -0.27 |  1.34 |  0.22 | -0.62 | -1.39 | -1.55 | -0.84 | -0.75 | -0.09 | -0.51 |  0.82 | -1.54 | -0.60 | -0.37 | -0.50 | -1.09 | -0.31 | -0.50 |  0.97 |  0.73 | -0.22 | -0.84 | -0.66 |  0.31 |  1.67 |  0.74 | -0.59 | -0.08 | -0.14 |  1.80 | -1.66 | -1.07 | -0.01 | -1.11 |  0.08 | -1.23 |
|        72 | -0.47 | -0.03 | -0.76 | -1.06 |  0.50 |  2.33 |  1.50 |    -0 | -0.90 | -2.08 | -0.86 | -0.76 | -0.08 | -0.58 |  2.10 | -1.02 | -0.05 | -0.80 | -0.31 | -1.02 |  0.15 | -0.34 |  1.53 |  2.11 | -0.45 | -0.54 |  0.34 | -0.09 |  2.85 |  1.73 | -0.26 |  0.60 |  0.97 |  1.96 | -1.86 |  0.02 |  0.88 | -1.17 |  0.78 | -0.57 |
|        78 |  1.86 |  1.79 | -0.58 | -0.61 |  2.04 |  6.10 |  3.63 |  1.57 |  1.01 |  0.82 | -0.64 | -0.69 | -0.84 |  0.24 |  4.10 | -0.22 |  1.09 | -0.30 |  0.80 | -0.83 |  2.12 |  0.41 |  5.53 |  5.01 |  0.89 |  2.57 |  2.41 |  0.10 |  3.32 |  3.67 |  2.91 |  2.04 |  2.63 |  7.04 | -0.12 |  1.56 |  2.98 | -1.44 |  2.02 |  1.00 |
|        84 |  1.75 |  2.27 |  0.94 |  2.62 |  6.38 |  7.10 |  7.37 |  4.43 |  1.98 |  2.80 | -0.48 | -0.36 |  0.90 |  2.13 |  7.84 |  1.73 |  2.30 |  0.28 |  2.63 |  0.25 |  7.72 |  4.83 |  6.80 |  8.97 |  2.25 |  6.05 |  7.16 |  0.20 |  8.46 |  8.24 |  7.32 |  0.23 |  6.45 |  4.56 |  0.61 |  5.01 |  7.21 | -0.89 |  4.48 |  5.74 |
|        90 | -0.30 |  0.70 |  2.33 |  4.29 |  6.85 |  6.03 |  8.22 |  4.04 |  1.41 |  0.40 | -0.53 | -0.50 |  3.88 | -0.18 |  7.19 | -0.48 |  0.22 | -0.16 |  0.50 |  2.53 |  2.04 |  5.58 |  1.51 |  7.80 |  6.73 |  6.02 |  6.60 |  0.20 |  8.02 |  7.82 |  0.96 | -0.32 |  0.73 |  1.55 |  0.45 |  5.98 |  7.32 | -1.42 |  1.55 |  6.75 |
|        96 | -2.79 |  0.09 |  1.24 |  2.40 | -0.81 |  3.85 |  2.88 |  5.25 | -0.29 |  0.28 | -0.42 | -1.02 |  4.77 | -0.55 |  4.89 | -0.27 | -0.49 | -0.36 |  0.37 |  3.65 |  0.99 |  4.36 |  0.02 |  1.30 |  2.35 |  5.27 |  0.92 | -4.54 |  6.25 |  2.16 |  0.78 | -4.44 | -0.75 |  0.13 | -3.40 |  5.91 |  0.47 | -2.07 |  0.86 |  2.71 |
|       102 | -4.33 | -0.87 | -0.67 | -0.40 | -1.59 |  5.35 |  0.56 |  4.33 | -3.08 | -0.84 | -3.11 | -2.00 |  4.18 | -2.07 |  6.89 | -0.56 | -2.25 | -0.43 | -1.49 |  2.70 |  0.45 |  0.62 | -2.41 | -0.17 |  0.49 |  4.30 |  0.22 | -6.94 |  4.72 | -0.11 | -0.13 | -5.82 | -2.00 |  0.30 | -5.28 |  4.40 |  0.46 | -3.90 | -1.21 |  1.30 |
|       108 | -3.49 | -1.67 | -0.38 | -0.79 | -1.28 |  9.56 | -0.09 |  1.88 | -1.42 | -1.05 | -2.44 | -1.70 |  5.50 | -1.50 |  9.92 |  0.76 | -2.38 |  0.15 | -1.22 |  3.56 |  0.90 |  1.30 | -1.03 | -0.64 |  0.42 |  2.16 |  1.16 | -3.85 |  8.46 | -0.74 |  0.50 | -3.78 | -1.91 |  2.41 | -2.95 |  4.29 | -0.06 | -2.24 | -1.69 |  4.35 |
|       114 | -3.50 | -2.92 | -0.78 | -1.73 | -3.45 |  7.88 | -1.62 | -0.11 | -3.36 | -2.24 | -4.73 | -4.80 |  6.07 | -3.11 |  8.29 |  1.68 | -4.73 |  0.20 | -3.53 |  0.49 | -1.07 | -0.45 | -3.02 | -1.31 | -0.77 | -0.37 |  0.69 | -6.97 |  6.93 | -1.27 | -0.78 | -6.50 | -2.50 | -0.47 | -5.04 |  3.55 | -1.75 | -1.85 | -3.79 |  1.39 |
|       120 |     0 | -3.35 | -2.17 | -3.91 | -4.28 |  6.70 | -3.08 | -1.36 | -4.97 | -3.38 | -6.27 | -6.06 |  6.42 | -2.61 |  9.26 |  3.73 | -6.51 |  0.82 | -4.98 | -0.22 | -2.91 | -2.48 | -3.52 | -2.29 | -2.14 | -1.38 |  0.57 | -8.79 |  1.51 | -2.29 | -2.17 | -7.75 | -2.82 | -1.87 | -5.92 |  1.43 | -3.63 | -1.34 | -4.76 | -0.31 |
