# variable: Temperature at 2m
# units: degree celsius
# 
| fcst_hour |    1 |    2 |     3 |    4 |    5 |    6 |    7 |     8 |     9 |    10 |   11 |   12 |   13 |    14 |   15 |    16 |   17 |   18 |   19 |   20 |    21 |   22 |    23 |    24 |    25 |   26 |   27 |    28 |   29 |   30 |   31 |   32 |   33 |    34 |   35 |    36 |   37 |   38 |    39 |   40 |
|         0 | 3.46 | 3.10 |  3.15 | 2.98 | 3.55 | 3.23 | 3.29 |  2.55 |  2.58 |  3.19 | 3.53 | 3.20 | 3.26 |  4.93 | 3.78 |  3.46 | 3.19 | 3.33 | 3.57 | 3.53 |  4.91 | 2.97 |  4.32 |  3.43 |  3.60 | 3.09 | 4.38 |  4.21 | 3.60 | 3.08 | 3.47 | 3.58 | 4.31 |  3.34 | 3.80 |  3.13 | 4.01 | 3.21 |  3.10 | 3.56 |
|         1 | 3.34 | 3.32 |  3.28 | 2.89 | 2.51 | 3.50 | 3.50 |  2.71 |  2.76 |  3.28 | 3.46 | 3.46 | 3.40 |  4.02 | 3.28 |  3.00 | 3.33 | 3.50 | 3.22 | 3.17 |  3.88 | 2.55 |  3.77 |  3.58 |  3.10 | 3.45 | 3.67 |  3.55 | 3.31 | 3.08 | 3.23 | 3.25 | 3.51 |  3.38 | 3.68 |  2.90 | 3.78 | 3.20 |  3.12 | 3.34 |
|         2 | 3.75 | 3.46 |  3.51 | 3.26 | 3.10 | 3.66 | 3.74 |  3.11 |  3.29 |  3.66 | 3.83 | 3.69 | 3.66 |  3.43 | 3.35 |  3.07 | 3.38 | 3.65 | 3.62 | 3.53 |  3.67 | 3.11 |  3.65 |  3.71 |  3.27 | 3.68 | 4.05 |  3.29 | 3.34 | 3.77 | 3.50 | 3.70 | 3.30 |  3.68 | 3.52 |  3.57 | 3.92 | 3.19 |  3.40 | 3.53 |
|         3 | 3.63 | 3.54 |  3.62 | 3.25 | 3.50 | 3.60 | 3.77 |  3.31 |  3.35 |  3.83 | 3.93 | 3.58 | 3.44 |  3.36 | 3.77 |  3.73 | 3.07 | 3.71 | 3.69 | 3.77 |  3.10 | 3.38 |  3.95 |  3.74 |  3.90 | 3.76 | 3.87 |  3.91 | 3.53 | 3.87 | 3.40 | 3.76 | 3.29 |  3.82 | 3.60 |  3.77 | 3.92 | 3.31 |  3.47 | 3.74 |
|         4 | 3.49 | 3.60 |  3.68 | 3.38 | 3.59 | 3.49 | 3.78 |  3.63 |  3.35 |  3.89 | 3.94 | 3.60 | 3.41 |  3.80 | 3.92 |  3.81 | 3.07 | 3.48 | 3.39 | 3.66 |  3.47 | 3.44 |  3.68 |  3.79 |  4.03 | 3.73 | 3.92 |  4.28 | 3.47 | 3.89 | 3.51 | 3.72 | 3.39 |  3.96 | 3.66 |  3.78 | 3.68 | 3.29 |  3.38 | 3.85 |
|         5 | 3.72 | 3.76 |  3.67 | 3.38 | 3.52 | 3.67 | 3.86 |  3.63 |  3.29 |  3.79 | 3.83 | 3.78 | 3.63 |  3.98 | 3.93 |  3.81 | 3.46 | 3.51 | 3.51 | 3.62 |  3.74 | 3.26 |  3.63 |  3.65 |  4.03 | 3.66 | 3.72 |  4.40 | 3.61 | 3.72 | 3.82 | 3.65 | 3.74 |  3.70 | 3.75 |  3.77 | 3.91 | 3.35 |  3.67 | 3.82 |
|         6 | 3.65 | 3.78 |  3.66 | 3.44 | 3.65 | 3.70 | 3.80 |  3.60 |  3.33 |  3.88 | 3.93 | 3.85 | 3.64 |  4.01 | 3.95 |  3.74 | 3.63 | 3.54 | 3.69 | 3.78 |  3.84 | 3.29 |  3.84 |  3.74 |  3.77 | 3.37 | 3.76 |  4.37 | 3.73 | 3.58 | 3.66 | 3.62 | 3.97 |  3.46 | 3.90 |  3.88 | 4.34 | 3.59 |  3.48 | 3.86 |
|         7 | 3.79 | 3.62 |  3.49 | 3.32 | 3.56 | 3.51 | 3.59 |  3.58 |  3.04 |  3.79 | 3.81 | 3.78 | 3.63 |  3.94 | 3.80 |  3.47 | 3.54 | 3.44 | 3.72 | 3.71 |  3.73 | 3.16 |  3.95 |  3.72 |  3.63 | 3.34 | 3.77 |  4.31 | 3.81 | 3.27 | 3.67 | 3.51 | 3.83 |  3.58 | 3.94 |  3.90 | 4.36 | 3.22 |  3.60 | 3.92 |
|         8 | 3.87 | 3.74 |  3.62 | 3.42 | 3.62 | 3.56 | 3.58 |  3.66 |  3.25 |  3.96 | 3.91 | 3.73 | 3.59 |  3.97 | 3.83 |  3.65 | 3.24 | 3.46 | 3.74 | 3.58 |  3.78 | 3.34 |  4.08 |  3.84 |  3.88 | 3.50 | 3.83 |  4.29 | 3.76 | 3.49 | 3.67 | 3.68 | 3.88 |  3.74 | 4.08 |  3.99 | 4.37 | 3.20 |  3.72 | 3.95 |
|         9 | 3.92 | 4.02 |  3.88 | 3.82 | 3.68 | 3.59 | 3.77 |  3.84 |  3.53 |  4.15 | 4.17 | 4.11 | 3.98 |  4.05 | 4.06 |  3.84 | 3.76 | 3.81 | 3.89 | 3.78 |  3.95 | 3.65 |  4.22 |  4.18 |  4.15 | 3.81 | 4.00 |  4.63 | 3.96 | 3.88 | 3.99 | 3.97 | 4.22 |  3.95 | 4.35 |  4.33 | 4.73 | 3.72 |  4.14 | 4.01 |
|        10 | 4.43 | 4.81 |  4.57 | 4.31 | 4.33 | 3.92 | 4.22 |  4.33 |  3.75 |  4.61 | 4.32 | 4.60 | 4.34 |  4.51 | 4.47 |  4.11 | 4.31 | 4.03 | 4.44 | 4.14 |  4.40 | 4.19 |  4.54 |  4.50 |  4.52 | 4.08 | 4.37 |  5.06 | 4.64 | 4.07 | 4.57 | 4.46 | 4.28 |  4.47 | 4.91 |  4.87 | 5.21 | 4.16 |  4.74 | 4.35 |
|        11 | 5.05 | 5.17 |  5.11 | 4.59 | 5.08 | 4.80 | 4.91 |  5.10 |  4.62 |  5.30 | 4.43 | 5.30 | 4.48 |  5.10 | 5.25 |  4.67 | 4.77 | 4.58 | 5.13 | 4.97 |  5.04 | 4.83 |  5.31 |  5.00 |  5.16 | 4.39 | 5.02 |  5.67 | 5.12 | 4.41 | 5.15 | 4.98 | 4.98 |  5.34 | 5.54 |  5.17 | 5.33 | 4.55 |  5.23 | 5.01 |
|        12 | 5.64 | 5.90 |  5.86 | 5.15 | 5.61 | 5.57 | 5.43 |  5.39 |  5.33 |  5.86 | 5.25 | 5.91 | 4.95 |  5.75 | 5.86 |  5.61 | 5.52 | 5.28 | 5.70 | 5.72 |  5.66 | 5.44 |  6.07 |  5.39 |  5.83 | 5.00 | 5.73 |  6.43 | 5.76 | 5.14 | 5.99 | 5.45 | 5.61 |  5.90 | 6.05 |  5.58 | 5.93 | 5.28 |  5.61 | 5.75 |
|        13 | 5.94 | 6.45 |  6.19 | 5.77 | 5.89 | 5.89 | 5.29 |  5.39 |  5.42 |  6.41 | 5.94 | 6.33 | 5.77 |  6.27 | 5.89 |  5.94 | 5.92 | 5.99 | 6.15 | 5.89 |  6.01 | 5.64 |  6.64 |  5.66 |  6.05 | 5.59 | 6.19 |  6.62 | 5.99 | 5.65 | 6.20 | 6.13 | 6.19 |  5.99 | 6.29 |  6.08 | 6.66 | 5.63 |  6.25 | 6.20 |
|        14 | 5.85 | 6.43 |  6.16 | 5.92 | 5.69 | 5.73 | 5.07 |  5.64 |  5.08 |  6.39 | 6.08 | 5.86 | 6.16 |  6.37 | 5.69 |  5.73 | 5.54 | 5.98 | 6.01 | 5.74 |  5.94 | 5.34 |  6.54 |  5.40 |  6.14 | 5.79 | 6.12 |  6.79 | 5.93 | 5.77 | 6.11 | 6.16 | 6.04 |  5.74 | 6.41 |  6.42 | 6.90 | 5.57 |  6.39 | 6.15 |
|        15 | 5.44 | 6.13 |  5.45 | 5.21 | 5.13 | 5.13 | 4.86 |  5.27 |  4.85 |  5.92 | 5.62 | 5.61 | 5.79 |  5.88 | 5.34 |  5.23 | 4.93 | 5.59 | 5.49 | 5.26 |  5.48 | 4.95 |  6.05 |  5.21 |  5.68 | 5.39 | 5.75 |  6.30 | 5.29 | 4.98 | 5.79 | 5.70 | 5.38 |  5.26 | 6.05 |  6.18 | 6.39 | 5.17 |  5.96 | 5.72 |
|        16 | 4.69 | 5.48 |  4.70 | 4.65 | 4.63 | 4.59 | 4.35 |  4.42 |  4.08 |  5.20 | 4.70 | 5.16 | 4.96 |  5.11 | 4.86 |  4.47 | 4.08 | 4.70 | 4.90 | 4.40 |  4.77 | 4.21 |  5.21 |  4.75 |  4.96 | 4.71 | 4.89 |  5.41 | 4.43 | 4.29 | 5.15 | 4.96 | 4.66 |  4.63 | 5.35 |  5.59 | 5.62 | 4.45 |  5.15 | 4.90 |
|        17 | 4.17 | 4.91 |  4.12 | 3.84 | 4.33 | 4.29 | 4.07 |  3.77 |  3.36 |  4.49 | 4.05 | 4.76 | 4.16 |  4.46 | 4.52 |  3.73 | 3.36 | 3.99 | 4.53 | 3.59 |  4.17 | 3.48 |  4.54 |  4.05 |  4.23 | 4.15 | 4.17 |  4.65 | 3.85 | 3.87 | 4.55 | 4.32 | 4.04 |  4.21 | 4.87 |  4.96 | 5.08 | 3.76 |  4.38 | 4.15 |
|        18 | 3.99 | 4.62 |  3.71 | 3.15 | 4.13 | 4.08 | 3.85 |  3.48 |  2.97 |  3.98 | 3.67 | 4.63 | 3.61 |  3.89 | 4.30 |  3.31 | 3.08 | 3.59 | 4.36 | 3.30 |  3.92 | 2.99 |  4.09 |  3.74 |  3.90 | 3.81 | 4.03 |  4.24 | 3.55 | 3.73 | 4.05 | 3.96 | 3.58 |  4.03 | 4.62 |  4.41 | 4.78 | 3.31 |  4.01 | 3.54 |
|        19 | 4.01 | 4.42 |  3.48 | 2.76 | 4.04 | 3.95 | 3.75 |  3.25 |  2.81 |  3.77 | 3.35 | 4.60 | 3.31 |  3.61 | 4.26 |  3.06 | 2.97 | 3.59 | 4.07 | 3.21 |  3.94 | 2.94 |  3.93 |  3.54 |  3.71 | 3.62 | 3.99 |  4.18 | 3.34 | 3.71 | 3.69 | 3.76 | 3.32 |  3.86 | 4.40 |  4.20 | 4.58 | 3.17 |  3.83 | 3.17 |
|        20 | 4.06 | 4.32 |  3.58 | 2.66 | 3.98 | 3.79 | 3.88 |  3.20 |  2.67 |  3.81 | 3.05 | 4.57 | 3.12 |  3.55 | 4.41 |  2.92 | 3.03 | 3.63 | 3.75 | 3.10 |  4.08 | 2.82 |  3.96 |  3.42 |  3.76 | 3.58 | 3.87 |  4.05 | 3.42 | 3.70 | 3.59 | 3.54 | 3.44 |  3.78 | 4.27 |  4.16 | 4.41 | 3.14 |  3.74 | 3.18 |
|        21 | 4.05 | 4.20 |  3.64 | 2.76 | 3.84 | 3.88 | 3.84 |  3.25 |  2.59 |  3.83 | 2.65 | 4.49 | 2.95 |  3.52 | 4.36 |  2.82 | 3.27 | 3.54 | 3.62 | 3.00 |  4.08 | 2.82 |  4.13 |  3.48 |  3.70 | 3.44 | 3.85 |  3.82 | 3.54 | 3.70 | 3.66 | 3.28 | 3.58 |  3.77 | 4.18 |  4.18 | 4.08 | 3.07 |  3.67 | 3.28 |
|        22 | 4.00 | 3.95 |  3.60 | 3.05 | 3.89 | 3.90 | 3.90 |  3.41 |  2.49 |  3.92 | 2.35 | 4.52 | 2.70 |  3.42 | 4.33 |  2.90 | 3.41 | 3.40 | 3.73 | 2.93 |  4.06 | 2.93 |  4.34 |  3.62 |  3.68 | 3.36 | 3.94 |  3.65 | 3.62 | 3.70 | 3.79 | 3.23 | 3.74 |  3.83 | 4.10 |  4.30 | 3.82 | 3.19 |  3.59 | 3.25 |
|        23 | 3.94 | 3.90 |  3.73 | 3.37 | 3.73 | 3.92 | 3.93 |  3.55 |  2.72 |  3.75 | 2.20 | 4.59 | 2.75 |  3.39 | 4.28 |  3.11 | 3.52 | 3.44 | 3.89 | 2.97 |  4.09 | 2.89 |  4.43 |  3.73 |  3.75 | 3.35 | 4.03 |  3.61 | 3.68 | 3.71 | 3.90 | 3.40 | 3.75 |  3.79 | 4.17 |  4.36 | 3.87 | 3.25 |  3.54 | 3.09 |
|        24 | 4.07 | 4.12 |  3.88 | 3.53 | 3.48 | 3.92 | 3.86 |  3.51 |  3.10 |  3.75 | 2.21 | 4.33 | 3.11 |  3.60 | 4.25 |  3.37 | 3.60 | 3.66 | 4.00 | 2.99 |  4.09 | 2.94 |  4.68 |  3.88 |  3.81 | 3.37 | 4.08 |  3.63 | 3.77 | 3.76 | 4.01 | 3.58 | 3.72 |  3.80 | 4.18 |  4.22 | 4.00 | 3.51 |  3.66 | 2.91 |
|        25 | 4.20 | 4.33 |  4.11 | 3.72 | 3.31 | 3.85 | 3.79 |  3.67 |  3.26 |  3.98 | 2.42 | 4.02 | 3.44 |  3.74 | 4.30 |  3.66 | 3.68 | 3.94 | 4.12 | 3.08 |  4.19 | 3.01 |  4.76 |  4.00 |  4.04 | 3.37 | 4.10 |  3.87 | 3.68 | 3.68 | 4.10 | 3.58 | 3.81 |  3.83 | 4.19 |  4.42 | 3.96 | 3.76 |  3.82 | 3.01 |
|        26 | 4.16 | 4.44 |  4.12 | 3.84 | 3.37 | 3.81 | 3.59 |  3.79 |  3.34 |  4.19 | 2.64 | 3.91 | 3.57 |  3.62 | 4.20 |  3.92 | 3.57 | 4.00 | 3.88 | 2.89 |  4.24 | 3.19 |  4.62 |  3.83 |  4.13 | 3.46 | 3.80 |  4.24 | 3.53 | 3.49 | 4.08 | 3.49 | 3.90 |  3.71 | 4.28 |  4.56 | 3.83 | 3.95 |  3.79 | 3.23 |
|        27 | 4.19 | 4.75 |  4.20 | 3.86 | 3.47 | 3.91 | 3.61 |  3.83 |  3.43 |  4.32 | 2.87 | 3.93 | 3.73 |  3.60 | 4.18 |  4.19 | 3.51 | 3.92 | 3.73 | 2.63 |  4.42 | 3.51 |  4.89 |  3.82 |  4.15 | 3.49 | 3.65 |  4.42 | 3.52 | 3.52 | 4.11 | 3.55 | 3.95 |  3.82 | 4.36 |  4.63 | 3.74 | 4.08 |  3.73 | 3.21 |
|        28 | 4.24 | 4.94 |  4.01 | 3.76 | 3.75 | 4.01 | 3.78 |  3.64 |  3.60 |  4.40 | 3.01 | 4.10 | 3.92 |  3.73 | 4.12 |  4.33 | 3.58 | 3.83 | 3.69 | 2.65 |  4.54 | 3.55 |  5.27 |  3.89 |  4.12 | 3.59 | 3.81 |  4.45 | 3.52 | 3.33 | 4.20 | 3.51 | 3.88 |  3.97 | 4.45 |  4.62 | 3.83 | 4.02 |  3.73 | 3.28 |
|        29 | 4.14 | 4.84 |  3.95 | 3.90 | 4.10 | 4.07 | 3.95 |  3.08 |  3.82 |  4.48 | 3.39 | 4.53 | 3.91 |  3.83 | 3.97 |  4.42 | 3.80 | 3.96 | 4.05 | 2.85 |  4.44 | 3.52 |  5.30 |  3.99 |  4.14 | 3.71 | 4.20 |  4.61 | 3.58 | 3.45 | 4.32 | 3.56 | 3.68 |  4.10 | 4.44 |  4.66 | 3.98 | 4.02 |  3.66 | 3.39 |
|        30 | 4.22 | 4.85 |  4.18 | 4.04 | 4.41 | 4.19 | 4.15 |  2.86 |  3.90 |  4.63 | 3.36 | 4.70 | 3.99 |  3.87 | 4.03 |  4.66 | 3.82 | 4.17 | 4.48 | 3.18 |  4.44 | 3.61 |  5.46 |  4.38 |  4.43 | 3.68 | 4.42 |  4.62 | 3.66 | 3.84 | 4.54 | 3.96 | 3.78 |  4.12 | 4.39 |  4.71 | 4.32 | 4.18 |  3.81 | 3.59 |
|        31 | 4.43 | 5.12 |  4.08 | 4.32 | 4.53 | 4.13 | 4.06 |  3.26 |  4.10 |  4.82 | 3.11 | 4.79 | 4.08 |  3.97 | 4.34 |  4.89 | 3.74 | 4.26 | 4.26 | 3.36 |  4.59 | 3.67 |  5.61 |  4.66 |  4.59 | 3.69 | 4.53 |  4.66 | 3.74 | 3.96 | 4.64 | 4.28 | 4.19 |  4.20 | 4.52 |  5.07 | 4.43 | 4.30 |  4.32 | 3.66 |
|        32 | 4.81 | 5.65 |  4.13 | 4.63 | 4.77 | 4.20 | 4.16 |  3.85 |  4.39 |  4.91 | 3.57 | 4.92 | 4.44 |  4.36 | 4.70 |  5.04 | 4.13 | 4.41 | 4.24 | 3.72 |  4.82 | 3.76 |  5.89 |  4.75 |  4.72 | 4.08 | 4.81 |  4.89 | 4.02 | 4.22 | 4.79 | 4.63 | 4.63 |  4.50 | 4.61 |  5.45 | 4.78 | 4.48 |  4.69 | 3.87 |
|        33 | 5.14 | 6.07 |  4.60 | 5.23 | 5.20 | 4.71 | 4.68 |  4.65 |  4.88 |  5.16 | 4.40 | 5.38 | 5.15 |  4.81 | 5.21 |  5.67 | 4.64 | 4.75 | 4.67 | 4.30 |  5.14 | 4.02 |  6.41 |  4.78 |  5.08 | 4.48 | 5.05 |  5.48 | 4.58 | 4.74 | 5.13 | 5.09 | 5.20 |  4.97 | 5.03 |  5.68 | 5.39 | 4.91 |  4.96 | 4.27 |
|        34 | 5.06 | 6.47 |  5.24 | 5.32 | 5.86 | 5.52 | 4.91 |  4.97 |  5.79 |  5.54 | 5.21 | 5.89 | 5.70 |  5.28 | 5.68 |  6.08 | 4.82 | 5.40 | 5.13 | 4.67 |  5.39 | 4.56 |  6.58 |  5.16 |  5.94 | 4.78 | 5.57 |  5.93 | 5.12 | 5.00 | 5.53 | 5.65 | 5.75 |  5.25 | 5.51 |  6.18 | 5.89 | 5.49 |  5.47 | 4.80 |
|        35 | 5.41 | 6.86 |  6.65 | 5.73 | 6.20 | 6.53 | 5.46 |  5.54 |  6.79 |  5.86 | 5.72 | 6.51 | 5.95 |  5.63 | 5.98 |  6.60 | 5.29 | 6.05 | 5.80 | 4.74 |  5.70 | 5.04 |  6.48 |  5.79 |  7.08 | 4.83 | 6.27 |  6.39 | 5.87 | 5.06 | 5.76 | 5.95 | 6.06 |  5.41 | 6.31 |  6.65 | 6.06 | 5.98 |  6.16 | 5.55 |
|        36 | 6.00 | 7.05 |  7.21 | 6.76 | 6.26 | 6.78 | 5.85 |  6.53 |  6.52 |  6.24 | 5.91 | 6.94 | 6.10 |  5.81 | 6.38 |  6.59 | 5.67 | 6.52 | 6.03 | 5.25 |  5.65 | 5.39 |  6.57 |  5.72 |  7.65 | 5.01 | 6.59 |  7.33 | 6.15 | 5.13 | 6.01 | 6.08 | 6.03 |  5.68 | 6.70 |  7.41 | 6.36 | 6.38 |  6.83 | 6.23 |
|        37 | 6.57 | 7.11 |  7.25 | 6.99 | 6.30 | 6.20 | 6.10 |  6.44 |  6.32 |  5.89 | 6.22 | 7.11 | 6.62 |  6.13 | 6.19 |  6.71 | 5.75 | 6.71 | 6.20 | 5.77 |  5.75 | 5.38 |  6.53 |  5.50 |  7.82 | 5.15 | 6.72 |  7.76 | 6.43 | 5.46 | 6.55 | 5.52 | 5.84 |  5.92 | 6.89 |  7.65 | 6.55 | 6.81 |  7.06 | 6.48 |
|        38 | 6.17 | 5.77 |  7.19 | 7.25 | 6.30 | 5.96 | 5.88 |  5.79 |  6.34 |  5.64 | 5.52 | 6.64 | 6.51 |  5.65 | 5.47 |  6.42 | 5.31 | 6.34 | 6.13 | 5.79 |  6.03 | 5.25 |  6.45 |  5.82 |  7.61 | 5.23 | 6.85 |  7.66 | 5.89 | 5.73 | 6.85 | 5.10 | 5.51 |  5.98 | 6.59 |  7.19 | 6.53 | 6.44 |  6.84 | 6.54 |
|        39 | 5.88 | 5.32 |  6.87 | 7.01 | 6.12 | 6.06 | 5.69 |  5.61 |  6.11 |  5.44 | 4.74 | 6.07 | 6.04 |  4.98 | 5.33 |  6.00 | 5.06 | 6.02 | 6.05 | 5.61 |  5.95 | 5.17 |  6.78 |  5.80 |  6.80 | 5.01 | 6.04 |  7.01 | 5.56 | 5.36 | 6.52 | 5.05 | 5.43 |  5.54 | 5.86 |  7.00 | 6.27 | 6.13 |  6.37 | 5.80 |
|        40 | 5.69 | 5.72 |  6.27 | 6.32 | 5.79 | 5.81 | 5.18 |  5.13 |  5.63 |  5.41 | 4.69 | 5.71 | 5.78 |  4.80 | 5.40 |  5.45 | 4.69 | 5.51 | 5.84 | 4.91 |  5.75 | 4.96 |  6.98 |  5.75 |  6.05 | 4.74 | 5.07 |  6.52 | 5.39 | 5.24 | 6.08 | 4.97 | 5.13 |  5.05 | 5.69 |  6.59 | 5.97 | 5.73 |  5.74 | 4.77 |
|        41 | 5.45 | 5.85 |  5.56 | 5.90 | 5.59 | 5.56 | 4.59 |  4.89 |  5.09 |  5.39 | 4.71 | 5.45 | 5.68 |  4.72 | 5.20 |  5.19 | 4.30 | 4.98 | 5.63 | 4.52 |  5.46 | 4.77 |  7.19 |  5.85 |  5.45 | 4.33 | 4.78 |  5.48 | 5.02 | 5.27 | 5.43 | 4.85 | 4.87 |  4.87 | 5.46 |  5.87 | 5.63 | 5.50 |  5.31 | 4.49 |
|        42 | 5.27 | 5.93 |  5.17 | 5.62 | 5.12 | 5.32 | 4.15 |  4.91 |  4.63 |  5.23 | 4.88 | 5.23 | 5.87 |  4.74 | 5.22 |  5.23 | 4.13 | 4.78 | 5.39 | 4.23 |  5.31 | 4.57 |  7.04 |  5.79 |  4.96 | 4.00 | 4.63 |  5.16 | 4.65 | 5.21 | 4.92 | 4.63 | 4.73 |  4.60 | 5.26 |  5.36 | 5.26 | 5.42 |  4.88 | 4.21 |
|        43 | 5.22 | 5.70 |  5.04 | 5.56 | 4.60 | 5.39 | 4.20 |  4.56 |  4.25 |  5.05 | 5.24 | 4.94 | 6.29 |  4.73 | 5.25 |  5.27 | 3.68 | 4.72 | 5.33 | 3.92 |  5.58 | 4.40 |  6.61 |  5.55 |  4.69 | 3.80 | 4.67 |  5.28 | 4.25 | 5.10 | 4.45 | 4.05 | 4.43 |  4.39 | 4.96 |  5.37 | 5.00 | 5.23 |  4.53 | 4.40 |
|        44 | 4.95 | 4.74 |  4.70 | 5.34 | 4.42 | 5.32 | 4.20 |  4.18 |  3.83 |  5.01 | 5.05 | 4.48 | 6.37 |  4.40 | 4.65 |  5.09 | 3.68 | 4.80 | 5.12 | 3.07 |  5.87 | 4.37 |  6.19 |  5.42 |  4.72 | 3.51 | 4.82 |  5.50 | 4.06 | 5.20 | 4.32 | 3.55 | 4.13 |  3.96 | 4.88 |  5.74 | 4.86 | 4.59 |  4.43 | 4.61 |
|        45 | 4.66 | 4.42 |  4.48 | 5.04 | 4.12 | 4.70 | 5.14 |  3.84 |  3.60 |  4.48 | 4.71 | 4.26 | 5.23 |  3.69 | 4.03 |  4.77 | 3.37 | 4.68 | 5.09 | 2.73 |  5.46 | 4.18 |  5.82 |  4.68 |  4.59 | 3.42 | 4.82 |  5.58 | 4.00 | 5.24 | 4.27 | 2.95 | 4.15 |  3.89 | 4.72 |  5.67 | 4.56 | 4.21 |  4.43 | 4.48 |
|        46 | 4.31 | 4.29 |  4.29 | 4.35 | 4.01 | 4.25 | 5.02 |  3.61 |  3.48 |  4.48 | 4.32 | 4.32 | 4.49 |  3.62 | 3.90 |  4.42 | 2.98 | 4.63 | 4.84 | 2.60 |  5.20 | 4.07 |  5.56 |  4.21 |  4.75 | 3.05 | 4.37 |  5.42 | 4.04 | 4.42 | 4.46 | 2.83 | 4.12 |  3.79 | 4.51 |  5.51 | 4.38 | 3.57 |  4.63 | 4.10 |
|        47 | 4.49 | 3.99 |  4.11 | 4.36 | 3.59 | 3.54 | 4.54 |  3.22 |  3.57 |  4.15 | 3.73 | 4.22 | 4.01 |  3.83 | 3.70 |  4.00 | 2.63 | 4.66 | 4.66 | 2.82 |  5.15 | 4.45 |  5.40 |  4.04 |  4.66 | 2.95 | 4.25 |  5.26 | 3.88 | 3.80 | 4.69 | 2.66 | 4.25 |  3.61 | 4.31 |  5.06 | 4.05 | 3.49 |  4.69 | 3.64 |
|        48 | 4.07 | 3.70 |  3.95 | 4.16 | 3.46 | 3.42 | 4.26 |  2.79 |  3.27 |  3.74 | 3.50 | 4.23 | 3.48 |  3.43 | 3.57 |  4.14 | 2.55 | 4.47 | 3.95 | 2.80 |  4.60 | 3.87 |  4.84 |  3.87 |  4.49 | 2.79 | 4.12 |  4.93 | 3.81 | 3.47 | 4.58 | 2.38 | 4.07 |  3.54 | 4.23 |  4.74 | 3.92 | 3.13 |  4.63 | 3.65 |
|        51 | 3.51 | 3.40 |  3.81 | 3.93 | 3.32 | 3.13 | 3.43 |  2.63 |  3.02 |  3.15 | 3.00 | 3.90 | 3.09 |  2.81 | 3.32 |  3.37 | 2.33 | 4.28 | 4.00 | 2.16 |  4.33 | 3.17 |  4.36 |  3.18 |  4.20 | 2.39 | 3.49 |  4.67 | 3.43 | 2.60 | 4.29 | 2.65 | 3.34 |  2.80 | 3.70 |  4.50 | 3.48 | 3.09 |  4.05 | 3.38 |
|        54 | 3.16 | 3.00 |  4.02 | 3.81 | 3.15 | 3.03 | 3.18 |  2.56 |  2.81 |  3.05 | 3.41 | 3.39 | 2.74 |  1.97 | 3.03 |  2.92 | 2.15 | 4.01 | 3.25 | 2.18 |  3.78 | 3.05 |  3.88 |  2.84 |  4.31 | 2.49 | 3.11 |  4.29 | 3.15 | 2.70 | 3.81 | 2.58 | 2.89 |  2.92 | 3.67 |  4.41 | 3.97 | 2.94 |  3.38 | 2.93 |
|        57 | 3.89 | 3.83 |  4.84 | 4.19 | 4.12 | 3.71 | 3.88 |  3.36 |  4.00 |  3.74 | 3.76 | 4.11 | 3.87 |  2.87 | 4.31 |  3.24 | 3.04 | 4.66 | 4.25 | 3.17 |  4.49 | 3.64 |  4.30 |  3.70 |  5.53 | 3.51 | 3.82 |  4.99 | 3.94 | 3.38 | 4.18 | 3.16 | 3.45 |  3.93 | 4.45 |  5.46 | 4.78 | 3.35 |  4.09 | 4.15 |
|        60 | 6.60 | 5.19 |  7.23 | 5.91 | 6.71 | 6.44 | 5.75 |  6.02 |  5.43 |  6.65 | 6.09 | 5.43 | 6.29 |  5.26 | 6.20 |  5.92 | 5.01 | 7.18 | 6.18 | 4.97 |  7.34 | 6.08 |  5.64 |  5.59 |  7.56 | 5.76 | 6.19 |  7.73 | 5.57 | 5.44 | 6.73 | 5.22 | 5.46 |  6.20 | 6.62 |  7.72 | 6.72 | 5.52 |  6.92 | 6.79 |
|        63 | 7.27 | 6.22 |  7.43 | 5.92 | 6.60 | 6.16 | 5.81 |  6.53 |  6.02 |  6.38 | 6.51 | 5.61 | 6.48 |  4.73 | 6.22 |  6.02 | 5.58 | 7.22 | 6.32 | 5.36 |  7.26 | 6.42 |  6.36 |  5.98 |  7.64 | 6.30 | 5.36 |  7.90 | 5.51 | 5.67 | 6.80 | 5.20 | 5.38 |  6.34 | 7.17 |  6.90 | 6.66 | 5.77 |  7.33 | 6.41 |
|        66 | 5.47 | 4.46 |  5.24 | 3.88 | 4.69 | 4.31 | 4.86 |  4.51 |  4.63 |  5.27 | 4.72 | 4.62 | 4.51 |  3.62 | 5.26 |  3.89 | 4.27 | 4.96 | 4.82 | 3.16 |  5.35 | 4.74 |  4.89 |  3.92 |  6.80 | 4.62 | 3.50 |  5.92 | 3.27 | 4.51 | 4.02 | 3.51 | 4.18 |  3.93 | 5.51 |  6.28 | 4.61 | 3.98 |  4.80 | 4.41 |
|        69 | 4.88 | 3.94 |  5.18 | 2.20 | 2.95 | 3.37 | 3.02 |  4.58 |  4.26 |  3.51 | 3.49 | 4.04 | 3.15 |  2.68 | 4.52 |  3.01 | 3.60 | 4.55 | 3.88 | 1.47 |  4.21 | 4.44 |  4.48 |  3.27 |  6.19 | 3.16 | 2.68 |  4.65 | 2.06 | 3.77 | 2.63 | 1.90 | 3.53 |  2.74 | 4.41 |  5.26 | 4.39 | 2.83 |  3.07 | 2.81 |
|        72 | 3.42 | 1.55 |  8.61 | 1.22 | 3.13 | 3.15 | 3.15 |  4.40 |  4.01 |  2.84 | 1.57 | 4.13 | 3.64 |  1.01 | 3.11 |  3.49 | 1.80 | 5.06 | 3.89 | 0.44 |  4.26 | 3.81 |  3.28 |  1.96 |  6.04 | 2.02 | 3.06 |  3.61 | 2.63 | 3.28 | 3.10 | 1.98 | 3.38 |  2.95 | 4.04 |  3.92 | 5.16 | 1.52 |  3.10 | 3.11 |
|        78 | 3.67 | 2.89 |  9.89 | 3.28 | 6.35 | 3.39 | 5.62 |  3.04 |  2.81 |  1.52 | 2.19 | 3.10 | 5.80 |  1.97 | 3.87 |  6.93 | 2.95 | 9.58 | 3.37 | 2.12 |  7.25 | 2.95 |  5.64 |  3.28 |  4.78 | 1.92 | 5.23 |  4.37 | 4.66 | 2.11 | 8.05 | 4.87 | 2.03 |  3.36 | 5.59 |  4.52 | 8.83 | 2.47 |  5.76 | 5.21 |
|        84 | 6.79 | 7.21 | 10.16 | 8.65 | 8.36 | 7.50 | 8.69 |  6.68 |  7.31 |  6.13 | 5.40 | 7.33 | 9.11 |  6.58 | 7.36 |  9.91 | 6.32 | 9.41 | 6.25 | 6.65 |  9.45 | 5.72 |  9.42 |  4.80 |  8.46 | 5.07 | 8.32 |  9.45 | 7.93 | 3.30 | 8.85 | 8.47 | 4.35 |  7.19 | 9.06 |  8.52 | 9.20 | 7.25 |  9.75 | 8.71 |
|        90 | 7.84 | 7.23 |  9.42 | 8.95 | 8.42 | 8.26 | 8.97 |  8.20 |  7.95 |  5.35 | 7.51 | 8.17 | 9.19 |  6.58 | 8.42 |  9.39 | 7.72 | 8.84 | 7.71 | 8.65 |  9.00 | 7.23 |  9.62 |  7.49 | 10.31 | 6.29 | 8.36 |  9.27 | 7.40 | 7.05 | 8.78 | 8.54 | 7.92 |  8.60 | 8.80 |  9.86 | 6.92 | 7.91 |  8.94 | 7.74 |
|        96 | 7.09 | 4.51 |  9.11 | 9.15 | 7.89 | 7.49 | 6.05 |  8.79 |  8.25 |  6.05 | 6.84 | 8.16 | 5.15 |  3.71 | 8.27 |  8.87 | 8.28 | 7.26 | 8.26 | 6.44 |  7.19 | 6.01 |  9.02 |  8.21 | 10.02 | 2.95 | 5.98 |  8.93 | 4.96 | 6.51 | 4.98 | 7.10 | 8.67 |  8.69 | 4.62 |  9.94 | 5.54 | 7.55 |  9.14 | 4.65 |
|       102 | 9.16 | 3.11 |  8.83 | 7.95 | 7.69 | 7.58 | 6.40 |  8.43 |  8.53 |  6.59 | 4.79 | 7.31 | 2.50 |  5.84 | 6.64 |  9.92 | 7.87 | 5.37 | 7.42 | 4.52 |  7.89 | 2.43 |  7.34 |  7.92 |  9.08 | 2.06 | 4.29 |  8.85 | 2.82 | 4.19 | 3.13 | 5.75 | 8.61 |  8.33 | 2.94 |  9.74 | 4.02 | 6.36 |  8.55 | 4.22 |
|       108 | 8.96 | 8.28 | 10.87 | 9.70 | 9.67 | 8.36 | 8.33 | 10.17 | 10.52 | 10.18 | 8.88 | 9.58 | 8.53 | 10.15 | 8.97 | 10.79 | 9.00 | 8.59 | 9.98 | 7.88 | 11.72 | 7.12 | 10.47 | 10.00 |  9.35 | 7.00 | 7.47 | 11.31 | 7.19 | 6.16 | 8.29 | 8.46 | 9.39 | 10.42 | 8.28 | 11.06 | 8.61 | 9.31 | 10.47 | 8.68 |
|       114 | 9.23 | 5.42 |  9.75 | 8.80 | 8.22 | 7.93 | 7.91 |  9.41 |  8.63 |  8.22 | 5.90 | 9.14 | 5.35 |  8.70 | 8.84 | 10.01 | 8.83 | 6.56 | 7.43 | 6.58 |  8.87 | 6.83 |  7.92 |  8.81 |  9.24 | 8.05 | 5.87 | 10.69 | 4.78 | 7.05 | 5.55 | 7.62 | 9.88 |  8.76 | 8.74 | 10.72 | 6.98 | 8.84 |  8.45 | 9.00 |
|       120 | 5.66 | 6.34 |  7.49 | 7.16 | 7.20 | 4.01 | 7.62 |  7.73 |  8.49 |  5.78 | 4.86 | 7.93 | 2.36 |  6.67 | 6.11 |  9.66 | 7.31 | 7.24 | 4.43 | 5.17 |  5.02 | 6.77 |  6.84 |  6.42 |  8.40 | 6.92 | 4.71 |  8.73 | 1.49 | 5.60 | 3.20 | 6.53 | 8.95 |  5.88 | 7.47 |  9.57 | 7.63 | 5.85 |  8.04 | 7.80 |
