# variable: Mean Sea Level Pressure
# units: hPa
# 
| fcst_hour |       1 |       2 |       3 |       4 |       5 |       6 |       7 |       8 |       9 |      10 |      11 |      12 |      13 |      14 |      15 |      16 |      17 |      18 |      19 |      20 |      21 |      22 |      23 |      24 |      25 |      26 |      27 |      28 |      29 |      30 |      31 |      32 |      33 |      34 |      35 |      36 |      37 |      38 |      39 |      40 |
|         0 | 1003.37 | 1003.47 | 1004.58 | 1003.50 | 1003.54 | 1003.48 | 1004.31 | 1003.90 | 1005.29 | 1004.16 | 1004.73 | 1004.43 | 1004.73 | 1004.82 | 1003.28 | 1003.38 | 1003.68 | 1004.02 | 1004.46 | 1003.06 | 1003.79 | 1004.82 | 1004.00 | 1003.53 | 1003.84 | 1003.07 | 1004.27 | 1004.61 | 1005.05 | 1004.27 | 1004.52 | 1005.45 | 1003.93 | 1004.60 | 1004.31 | 1004.13 | 1003.43 | 1004.13 | 1004.56 | 1004.52 |
|         1 | 1003.22 | 1003.40 | 1004.55 | 1003.30 | 1002.99 | 1003.15 | 1004.22 | 1003.59 | 1005.02 | 1004.09 | 1004.43 | 1004.30 | 1004.50 | 1004.82 | 1003.35 | 1003.35 | 1003.73 | 1003.84 | 1004.40 | 1002.95 | 1003.51 | 1004.35 | 1003.93 | 1003.36 | 1003.83 | 1002.87 | 1004.04 | 1004.62 | 1004.81 | 1003.92 | 1004.44 | 1005.22 | 1003.72 | 1004.25 | 1003.97 | 1003.82 | 1003.33 | 1004.11 | 1004.31 | 1004.37 |
|         2 | 1001.94 | 1002.74 | 1003.56 | 1002.27 | 1002.33 | 1002.54 | 1003.59 | 1003.10 | 1004.35 | 1003.39 | 1003.61 | 1003.55 | 1003.62 | 1004.06 | 1002.70 | 1002.73 | 1003.16 | 1002.92 | 1003.66 | 1002.23 | 1002.77 | 1003.57 | 1003.26 | 1002.70 | 1002.97 | 1001.87 | 1003.14 | 1004.16 | 1004.09 | 1003.17 | 1003.62 | 1004.83 | 1003.12 | 1003.29 | 1003.52 | 1003.21 | 1002.20 | 1003.67 | 1003.45 | 1003.65 |
|         3 | 1001.52 | 1002.02 | 1002.54 | 1001.45 | 1001.74 | 1001.97 | 1002.68 | 1002.29 | 1003.32 | 1002.84 | 1002.84 | 1002.40 | 1002.56 | 1003.21 | 1002.17 | 1002.01 | 1002.38 | 1002.09 | 1002.60 | 1001.41 | 1002.22 | 1002.69 | 1002.46 | 1002.02 | 1002.26 | 1000.68 | 1002.56 | 1003.29 | 1003.21 | 1002.40 | 1002.96 | 1004.15 | 1002.23 | 1002.01 | 1002.60 | 1002.26 | 1001.45 | 1003.32 | 1002.74 | 1002.98 |
|         4 | 1001.00 | 1001.31 | 1001.74 | 1000.71 | 1000.89 | 1001.29 | 1001.97 | 1001.44 | 1002.48 | 1002.01 | 1002.38 | 1001.53 | 1001.88 | 1002.35 | 1001.50 | 1001.26 | 1001.61 | 1001.07 | 1001.77 | 1000.66 | 1001.60 | 1001.75 | 1001.76 | 1001.34 | 1001.72 |  999.98 | 1002.06 | 1002.54 | 1002.30 | 1001.86 | 1002.27 | 1003.28 | 1001.06 | 1001.38 | 1001.46 | 1001.38 | 1000.87 | 1002.42 | 1001.69 | 1002.14 |
|         5 | 1000.63 | 1000.69 | 1001.54 | 1000.25 | 1000.28 | 1001.04 | 1001.41 | 1000.81 | 1002.18 | 1001.41 | 1001.92 | 1001.08 | 1001.55 | 1001.66 | 1000.93 | 1000.66 | 1001.09 | 1000.76 | 1001.04 | 1000.48 | 1000.94 | 1001.57 | 1001.18 | 1000.97 | 1001.63 |  999.55 | 1001.48 | 1001.83 | 1001.70 | 1001.46 | 1001.81 | 1002.72 | 1000.43 | 1000.96 | 1000.94 | 1000.75 | 1000.46 | 1001.77 | 1001.45 | 1001.51 |
|         6 | 1000.18 | 1000.42 | 1001.36 |  999.94 |  999.69 | 1000.65 | 1000.87 | 1000.50 | 1001.49 | 1001.18 | 1001.81 | 1001.08 | 1001.28 | 1001.35 | 1000.26 | 1000.20 | 1000.61 | 1000.27 | 1001.28 | 1000.52 | 1000.57 | 1000.94 | 1000.76 | 1000.63 | 1001.01 |  999.36 | 1000.76 | 1001.32 | 1001.49 | 1000.75 | 1001.25 | 1002.54 | 1000.28 | 1000.74 | 1000.56 | 1000.45 | 1000.17 | 1001.40 | 1001.15 | 1000.91 |
|         7 | 1000.07 | 1000.11 | 1001.13 |  999.65 |  999.56 | 1000.48 | 1000.42 | 1000.27 | 1001.05 | 1001.16 | 1001.70 | 1000.55 | 1001.18 | 1001.29 | 1000.01 |  999.90 |  999.98 | 1000.38 | 1001.20 | 1000.23 | 1000.35 | 1000.67 | 1000.82 | 1000.35 | 1000.66 |  999.06 | 1000.46 | 1000.84 | 1000.97 | 1000.18 | 1000.86 | 1002.38 | 1000.01 | 1000.75 | 1000.09 | 1000.16 | 1000.10 | 1001.20 | 1000.81 | 1000.56 |
|         8 | 1000.01 |  999.98 | 1000.75 |  999.37 |  999.29 | 1000.11 | 1000.19 | 1000.10 | 1000.49 | 1001.08 | 1001.45 |  999.81 | 1000.87 | 1000.96 |  999.75 |  999.63 |  999.61 | 1000.11 | 1000.68 |  999.81 | 1000.32 | 1000.21 | 1000.81 | 1000.10 | 1000.15 |  998.88 | 1000.41 | 1000.69 | 1000.73 |  999.73 | 1000.47 | 1001.96 |  999.90 | 1000.45 |  999.71 |  999.62 |  999.95 | 1001.14 | 1000.31 | 1000.05 |
|         9 |  999.87 |  999.69 | 1000.16 |  999.06 |  998.70 |  999.78 | 1000.13 |  999.80 | 1000.10 | 1000.85 | 1000.95 |  999.31 | 1000.35 | 1000.32 |  999.48 |  999.29 |  999.31 |  999.69 | 1000.17 |  999.54 | 1000.17 |  999.82 | 1000.66 |  999.82 |  999.74 |  998.52 | 1000.26 | 1000.27 | 1000.27 |  999.41 | 1000.26 | 1001.41 |  999.63 |  999.92 |  999.47 |  999.29 |  999.46 | 1000.99 | 1000.03 |  999.61 |
|        10 |  999.60 |  999.32 |  999.64 |  998.77 |  998.40 |  999.59 | 1000.19 |  999.59 |  999.76 | 1000.58 | 1000.73 |  999.29 |  999.96 | 1000.10 |  998.90 |  999.25 |  999.20 |  999.17 |  999.90 |  999.39 |  999.77 |  999.56 | 1000.50 |  999.63 |  999.44 |  998.01 | 1000.01 |  999.95 |  999.77 |  999.12 | 1000.12 | 1000.89 |  999.45 |  999.29 |  999.39 |  998.99 |  998.82 | 1000.77 |  999.85 |  999.00 |
|        11 |  999.05 |  998.46 |  999.08 |  998.29 |  997.92 |  999.09 |  999.66 |  999.23 |  998.93 | 1000.07 | 1000.07 |  998.83 |  999.54 |  999.79 |  998.13 |  998.79 |  998.57 |  998.60 |  999.19 |  998.80 |  999.06 |  998.87 |  999.89 |  999.13 |  998.91 |  997.21 |  999.40 |  999.44 |  999.07 |  998.55 |  999.49 |  999.92 |  998.73 |  998.35 |  998.64 |  998.23 |  998.23 | 1000.24 |  999.29 |  998.35 |
|        12 |  998.84 |  998.10 |  998.78 |  997.87 |  997.53 |  998.75 |  999.34 |  998.82 |  998.37 |  999.96 |  999.49 |  998.42 |  999.28 |  999.53 |  997.80 |  998.52 |  997.96 |  998.29 |  998.71 |  998.51 |  998.67 |  998.35 |  999.35 |  998.90 |  998.74 |  996.84 |  999.20 |  999.14 |  998.49 |  998.08 |  999.25 |  999.45 |  998.18 |  998.09 |  997.84 |  997.82 |  998.16 | 1000.15 |  998.69 |  997.86 |
|        13 |  998.75 |  997.93 |  998.87 |  997.87 |  997.18 |  998.70 |  999.40 |  998.76 |  998.25 | 1000.03 |  999.42 |  998.34 |  999.20 |  999.48 |  997.89 |  998.34 |  997.66 |  998.50 |  998.49 |  998.66 |  998.83 |  998.21 |  999.31 |  998.88 |  998.92 |  996.94 |  999.19 |  999.02 |  998.29 |  997.91 |  999.25 |  999.38 |  998.10 |  998.04 |  997.58 |  997.70 |  998.49 | 1000.15 |  998.49 |  997.60 |
|        14 |  998.88 |  997.96 |  998.95 |  998.09 |  997.20 |  998.93 |  999.67 |  998.96 |  998.44 | 1000.21 |  999.65 |  998.54 |  999.34 |  999.62 |  998.06 |  998.41 |  997.90 |  998.71 |  998.83 |  998.82 |  999.27 |  998.50 |  999.72 |  999.15 |  999.27 |  997.52 |  999.16 |  999.21 |  998.57 |  997.93 |  999.41 |  999.60 |  998.23 |  998.22 |  997.92 |  997.86 |  998.77 | 1000.16 |  998.81 |  997.80 |
|        15 |  999.14 |  998.43 |  999.18 |  998.57 |  997.30 |  999.44 | 1000.01 |  999.22 |  998.77 | 1000.51 | 1000.05 |  998.78 |  999.74 |  999.95 |  998.20 |  998.75 |  998.34 |  999.08 |  999.15 |  999.09 |  999.89 |  998.89 | 1000.14 |  999.60 |  999.82 |  998.06 |  999.53 |  999.66 |  998.96 |  998.23 |  999.68 |  999.83 |  998.60 |  998.44 |  998.43 |  998.02 |  999.01 | 1000.30 |  999.17 |  998.18 |
|        16 |  999.30 |  998.41 |  998.95 |  998.61 |  997.29 |  999.57 | 1000.07 |  999.06 |  998.79 | 1000.45 | 1000.13 |  998.72 |  999.72 |  999.73 |  997.90 |  998.70 |  998.21 |  998.93 |  999.07 |  999.05 |  999.97 |  998.71 | 1000.15 |  999.55 |  999.90 |  998.07 |  999.55 |  999.71 |  998.95 |  998.09 |  999.71 |  999.66 |  998.57 |  998.24 |  998.33 |  997.84 |  999.10 | 1000.38 |  999.06 |  998.07 |
|        17 |  999.90 |  998.71 |  999.02 |  998.94 |  997.66 |  999.95 | 1000.36 |  999.23 |  999.00 | 1000.70 | 1000.36 |  999.11 |  999.95 |  999.94 |  997.93 |  998.96 |  998.33 |  999.14 |  999.31 |  999.49 | 1000.28 |  998.97 | 1000.38 |  999.84 | 1000.21 |  998.41 |  999.84 | 1000.12 |  999.34 |  998.34 | 1000.11 |  999.72 |  999.00 |  998.47 |  998.50 |  998.14 |  999.49 | 1000.85 |  999.08 |  998.19 |
|        18 | 1000.50 |  998.98 |  999.37 |  999.47 |  998.13 | 1000.43 | 1000.98 |  999.85 |  999.45 | 1001.38 | 1000.89 |  999.70 | 1000.34 | 1000.48 |  998.43 |  999.43 |  998.84 |  999.60 |  999.76 | 1000.14 | 1000.73 |  999.54 | 1000.78 | 1000.26 | 1000.72 |  999.13 | 1000.34 | 1000.78 |  999.81 |  998.86 | 1000.69 | 1000.06 |  999.53 |  998.95 |  999.03 |  998.67 |  999.80 | 1001.34 |  999.58 |  998.55 |
|        19 | 1001.09 |  999.43 |  999.78 | 1000.05 |  998.68 | 1000.98 | 1001.54 | 1000.50 | 1000.02 | 1002.36 | 1001.56 | 1000.41 | 1000.75 | 1001.21 |  999.02 | 1000.17 |  999.45 | 1000.16 | 1000.29 | 1000.69 | 1001.32 | 1000.17 | 1001.40 | 1000.77 | 1001.14 |  999.78 | 1000.92 | 1001.33 | 1000.29 |  999.44 | 1001.23 | 1000.66 | 1000.09 |  999.50 |  999.61 |  999.23 | 1000.29 | 1001.74 | 1000.33 |  999.14 |
|        20 | 1001.63 |  999.84 | 1000.05 | 1000.43 |  999.23 | 1001.55 | 1002.09 | 1001.09 | 1000.37 | 1003.06 | 1002.06 | 1000.75 | 1001.18 | 1001.85 |  999.41 | 1000.56 |  999.76 | 1000.67 | 1000.93 | 1001.24 | 1001.98 | 1000.80 | 1001.91 | 1001.05 | 1001.48 | 1000.08 | 1001.57 | 1001.63 | 1000.66 |  999.82 | 1001.66 | 1001.10 | 1000.59 |  999.79 | 1000.00 |  999.65 | 1000.81 | 1002.05 | 1000.65 |  999.78 |
|        21 | 1002.00 | 1000.23 | 1000.35 | 1000.68 |  999.52 | 1002.03 | 1002.55 | 1001.54 | 1000.54 | 1003.49 | 1002.36 | 1001.04 | 1001.58 | 1002.30 |  999.85 | 1000.76 | 1000.05 | 1001.36 | 1001.50 | 1001.87 | 1002.75 | 1001.37 | 1002.43 | 1001.45 | 1001.89 | 1000.58 | 1002.26 | 1002.07 | 1000.98 | 1000.26 | 1002.15 | 1001.39 | 1001.05 | 1000.18 | 1000.36 | 1000.06 | 1001.35 | 1002.49 | 1000.84 | 1000.18 |
|        22 | 1002.76 | 1000.91 | 1001.05 | 1001.34 | 1000.25 | 1002.76 | 1003.10 | 1002.17 | 1001.09 | 1004.10 | 1003.08 | 1001.58 | 1002.35 | 1002.90 | 1000.51 | 1001.34 | 1000.57 | 1002.02 | 1002.13 | 1002.68 | 1003.73 | 1001.98 | 1003.23 | 1002.33 | 1002.67 | 1001.50 | 1003.06 | 1002.70 | 1001.56 | 1000.98 | 1002.85 | 1001.90 | 1001.75 | 1000.79 | 1001.02 | 1000.72 | 1002.05 | 1003.39 | 1001.37 | 1000.82 |
|        23 | 1003.44 | 1001.60 | 1001.82 | 1002.15 | 1001.16 | 1003.48 | 1003.84 | 1002.84 | 1001.80 | 1004.75 | 1003.82 | 1002.23 | 1003.09 | 1003.63 | 1001.29 | 1002.14 | 1001.23 | 1002.65 | 1002.73 | 1003.42 | 1004.61 | 1002.64 | 1003.93 | 1003.26 | 1003.52 | 1002.32 | 1003.73 | 1003.50 | 1002.18 | 1001.54 | 1003.53 | 1002.74 | 1002.66 | 1001.55 | 1001.77 | 1001.55 | 1002.70 | 1004.34 | 1002.08 | 1001.49 |
|        24 | 1004.04 | 1002.30 | 1002.26 | 1002.81 | 1001.87 | 1004.17 | 1004.50 | 1003.46 | 1002.43 | 1005.27 | 1004.44 | 1002.79 | 1003.55 | 1004.40 | 1002.06 | 1002.81 | 1001.93 | 1003.15 | 1003.24 | 1003.94 | 1005.15 | 1003.15 | 1004.49 | 1004.00 | 1004.12 | 1002.90 | 1004.41 | 1004.16 | 1002.76 | 1002.18 | 1004.23 | 1003.43 | 1003.42 | 1002.07 | 1002.29 | 1002.39 | 1003.40 | 1005.11 | 1002.89 | 1002.16 |
|        25 | 1004.83 | 1002.89 | 1002.76 | 1003.50 | 1002.53 | 1005.03 | 1005.13 | 1004.13 | 1003.16 | 1005.91 | 1005.29 | 1003.27 | 1004.02 | 1005.10 | 1002.73 | 1003.45 | 1002.68 | 1003.83 | 1004.00 | 1004.65 | 1005.88 | 1004.02 | 1005.21 | 1004.73 | 1004.70 | 1003.64 | 1005.17 | 1004.80 | 1003.43 | 1002.85 | 1004.94 | 1003.94 | 1004.09 | 1002.64 | 1003.01 | 1003.06 | 1004.21 | 1005.81 | 1003.72 | 1002.78 |
|        26 | 1005.73 | 1003.64 | 1003.26 | 1004.14 | 1003.33 | 1005.81 | 1005.61 | 1004.80 | 1003.77 | 1006.50 | 1006.08 | 1003.80 | 1004.57 | 1005.60 | 1003.30 | 1003.93 | 1003.35 | 1004.32 | 1004.78 | 1005.46 | 1006.79 | 1004.94 | 1006.00 | 1005.32 | 1005.25 | 1004.44 | 1005.83 | 1005.57 | 1004.07 | 1003.65 | 1005.56 | 1004.29 | 1004.47 | 1003.30 | 1003.82 | 1003.84 | 1004.88 | 1006.42 | 1004.55 | 1003.20 |
|        27 | 1006.65 | 1004.47 | 1004.01 | 1004.91 | 1004.17 | 1006.53 | 1006.46 | 1005.52 | 1004.50 | 1007.35 | 1006.84 | 1004.50 | 1005.38 | 1006.28 | 1003.99 | 1004.55 | 1004.04 | 1004.90 | 1005.75 | 1006.53 | 1007.72 | 1005.63 | 1006.90 | 1005.99 | 1006.08 | 1005.18 | 1006.62 | 1006.47 | 1004.65 | 1004.61 | 1006.22 | 1005.00 | 1005.12 | 1004.16 | 1004.71 | 1004.83 | 1005.56 | 1007.19 | 1005.42 | 1003.89 |
|        28 | 1007.40 | 1005.20 | 1004.88 | 1005.73 | 1004.90 | 1007.24 | 1007.39 | 1006.09 | 1005.19 | 1008.10 | 1007.43 | 1005.21 | 1006.20 | 1007.06 | 1004.78 | 1005.19 | 1004.74 | 1005.57 | 1006.48 | 1007.52 | 1008.38 | 1006.27 | 1007.66 | 1006.73 | 1006.83 | 1005.86 | 1007.41 | 1007.21 | 1005.05 | 1005.39 | 1007.09 | 1005.90 | 1005.78 | 1004.81 | 1005.45 | 1005.79 | 1006.26 | 1007.79 | 1006.06 | 1004.70 |
|        29 | 1008.39 | 1005.91 | 1005.69 | 1006.55 | 1005.78 | 1007.99 | 1008.24 | 1006.84 | 1005.97 | 1008.86 | 1008.26 | 1006.03 | 1006.95 | 1007.77 | 1005.72 | 1005.87 | 1005.65 | 1006.48 | 1007.26 | 1008.44 | 1009.28 | 1007.04 | 1008.37 | 1007.52 | 1007.47 | 1006.62 | 1008.37 | 1007.82 | 1005.65 | 1006.16 | 1008.01 | 1006.83 | 1006.69 | 1005.59 | 1006.20 | 1006.76 | 1006.97 | 1008.50 | 1006.68 | 1005.45 |
|        30 | 1009.22 | 1006.70 | 1006.52 | 1007.24 | 1006.86 | 1008.81 | 1008.96 | 1007.57 | 1006.77 | 1009.48 | 1008.96 | 1006.96 | 1007.64 | 1008.55 | 1006.66 | 1006.67 | 1006.67 | 1007.44 | 1007.98 | 1009.30 | 1010.30 | 1008.07 | 1009.27 | 1008.35 | 1008.23 | 1007.50 | 1009.34 | 1008.51 | 1006.24 | 1006.92 | 1009.01 | 1007.67 | 1007.62 | 1006.48 | 1007.00 | 1007.72 | 1007.73 | 1009.44 | 1007.56 | 1006.39 |
|        31 | 1010.20 | 1007.67 | 1007.55 | 1007.95 | 1008.13 | 1009.87 | 1009.71 | 1008.43 | 1007.72 | 1010.32 | 1010.22 | 1008.08 | 1008.76 | 1009.64 | 1007.75 | 1007.86 | 1007.93 | 1008.63 | 1009.00 | 1010.28 | 1011.41 | 1009.17 | 1010.41 | 1009.44 | 1009.26 | 1008.65 | 1010.38 | 1009.57 | 1007.19 | 1007.93 | 1009.96 | 1008.70 | 1008.59 | 1007.73 | 1008.16 | 1008.86 | 1008.79 | 1010.50 | 1008.59 | 1007.62 |
|        32 | 1011.36 | 1008.77 | 1008.68 | 1009.00 | 1009.61 | 1011.27 | 1010.89 | 1009.50 | 1008.98 | 1011.51 | 1011.50 | 1009.34 | 1009.94 | 1010.88 | 1009.05 | 1009.15 | 1009.14 | 1010.14 | 1010.19 | 1011.54 | 1012.46 | 1010.47 | 1011.69 | 1010.73 | 1010.33 | 1009.83 | 1011.74 | 1010.87 | 1008.35 | 1009.22 | 1010.97 | 1009.99 | 1009.85 | 1009.10 | 1009.51 | 1010.39 | 1009.86 | 1011.60 | 1009.67 | 1008.93 |
|        33 | 1012.38 | 1009.87 | 1009.68 | 1010.07 | 1010.88 | 1012.45 | 1012.19 | 1010.57 | 1010.10 | 1012.65 | 1012.48 | 1010.41 | 1010.99 | 1012.03 | 1010.36 | 1010.13 | 1010.22 | 1011.33 | 1011.44 | 1012.70 | 1013.50 | 1011.63 | 1012.91 | 1011.99 | 1011.35 | 1010.84 | 1012.92 | 1012.23 | 1009.45 | 1010.44 | 1012.17 | 1011.17 | 1011.09 | 1010.35 | 1010.62 | 1011.76 | 1010.86 | 1012.73 | 1010.90 | 1010.18 |
|        34 | 1013.24 | 1010.55 | 1010.47 | 1010.83 | 1011.75 | 1013.19 | 1012.84 | 1011.37 | 1010.74 | 1013.39 | 1013.40 | 1011.11 | 1011.70 | 1012.82 | 1011.37 | 1011.01 | 1011.10 | 1012.07 | 1012.41 | 1013.47 | 1014.37 | 1012.41 | 1013.97 | 1012.99 | 1012.08 | 1011.44 | 1013.73 | 1012.95 | 1010.17 | 1011.35 | 1013.13 | 1012.02 | 1011.74 | 1011.12 | 1011.44 | 1013.10 | 1011.51 | 1013.59 | 1011.88 | 1011.16 |
|        35 | 1013.93 | 1011.17 | 1011.02 | 1011.36 | 1012.32 | 1013.87 | 1013.52 | 1012.10 | 1011.09 | 1013.77 | 1013.65 | 1011.73 | 1012.11 | 1013.35 | 1011.90 | 1011.61 | 1011.92 | 1012.65 | 1012.63 | 1014.17 | 1014.94 | 1012.81 | 1014.62 | 1013.60 | 1012.45 | 1011.94 | 1014.42 | 1013.05 | 1010.53 | 1011.96 | 1013.68 | 1012.48 | 1012.12 | 1011.80 | 1012.09 | 1013.40 | 1012.22 | 1014.32 | 1012.60 | 1011.63 |
|        36 | 1014.43 | 1011.96 | 1011.86 | 1011.87 | 1013.36 | 1014.58 | 1014.24 | 1012.81 | 1011.45 | 1014.35 | 1014.26 | 1012.46 | 1012.86 | 1014.20 | 1012.60 | 1012.39 | 1012.82 | 1013.58 | 1013.16 | 1014.91 | 1015.65 | 1013.57 | 1014.65 | 1014.23 | 1013.19 | 1012.64 | 1015.05 | 1013.30 | 1011.09 | 1012.56 | 1014.42 | 1013.17 | 1012.79 | 1012.58 | 1012.76 | 1014.16 | 1013.11 | 1014.84 | 1013.40 | 1012.50 |
|        37 | 1015.45 | 1012.73 | 1012.26 | 1012.82 | 1014.41 | 1015.44 | 1015.02 | 1014.05 | 1012.10 | 1015.11 | 1015.13 | 1013.37 | 1013.72 | 1015.21 | 1013.61 | 1013.17 | 1013.75 | 1014.36 | 1014.26 | 1015.79 | 1016.44 | 1014.49 | 1015.61 | 1014.89 | 1014.02 | 1013.18 | 1016.04 | 1014.25 | 1011.65 | 1013.51 | 1015.10 | 1014.04 | 1013.57 | 1013.54 | 1013.40 | 1015.37 | 1013.94 | 1015.66 | 1014.24 | 1013.12 |
|        38 | 1016.35 | 1013.75 | 1013.09 | 1013.38 | 1015.36 | 1016.42 | 1015.93 | 1014.80 | 1012.88 | 1015.74 | 1016.02 | 1014.33 | 1014.69 | 1015.91 | 1014.83 | 1014.10 | 1014.91 | 1015.38 | 1015.12 | 1016.91 | 1017.13 | 1015.47 | 1016.34 | 1015.81 | 1014.44 | 1013.77 | 1016.40 | 1015.26 | 1011.98 | 1014.52 | 1015.88 | 1015.09 | 1013.97 | 1014.73 | 1014.27 | 1016.37 | 1014.75 | 1016.67 | 1015.20 | 1014.22 |
|        39 | 1017.12 | 1014.69 | 1014.44 | 1013.88 | 1016.32 | 1017.23 | 1016.60 | 1015.46 | 1013.48 | 1016.47 | 1016.94 | 1015.19 | 1015.69 | 1016.65 | 1015.95 | 1015.01 | 1015.74 | 1016.33 | 1015.97 | 1018.12 | 1017.84 | 1016.21 | 1017.44 | 1016.59 | 1014.72 | 1014.19 | 1017.61 | 1016.32 | 1012.25 | 1015.43 | 1016.59 | 1015.96 | 1015.00 | 1015.59 | 1015.32 | 1017.23 | 1015.33 | 1017.51 | 1016.01 | 1015.23 |
|        40 | 1017.81 | 1015.46 | 1015.23 | 1014.33 | 1017.21 | 1018.14 | 1017.28 | 1016.29 | 1013.70 | 1017.19 | 1017.67 | 1015.94 | 1016.48 | 1017.39 | 1016.71 | 1015.59 | 1016.56 | 1017.09 | 1016.75 | 1019.09 | 1018.40 | 1016.70 | 1018.36 | 1017.56 | 1015.13 | 1014.77 | 1018.41 | 1016.78 | 1012.53 | 1016.24 | 1017.38 | 1016.67 | 1016.03 | 1016.13 | 1016.16 | 1017.83 | 1015.80 | 1018.32 | 1016.97 | 1016.31 |
|        41 | 1018.59 | 1016.32 | 1016.17 | 1014.83 | 1018.22 | 1019.12 | 1018.20 | 1017.21 | 1014.29 | 1017.91 | 1018.43 | 1016.90 | 1017.15 | 1018.11 | 1017.38 | 1016.40 | 1017.51 | 1017.92 | 1017.53 | 1019.94 | 1019.07 | 1017.47 | 1019.10 | 1018.54 | 1015.88 | 1015.33 | 1019.36 | 1017.45 | 1013.22 | 1017.19 | 1018.16 | 1017.40 | 1016.85 | 1016.81 | 1017.08 | 1018.56 | 1016.45 | 1019.08 | 1017.93 | 1017.05 |
|        42 | 1019.43 | 1016.91 | 1016.79 | 1015.31 | 1019.27 | 1019.90 | 1019.02 | 1017.76 | 1014.82 | 1018.56 | 1019.22 | 1017.87 | 1017.72 | 1018.71 | 1017.96 | 1017.33 | 1018.47 | 1018.67 | 1017.92 | 1020.66 | 1019.59 | 1018.14 | 1019.80 | 1019.38 | 1016.53 | 1016.02 | 1020.10 | 1017.95 | 1013.87 | 1018.01 | 1018.84 | 1018.15 | 1017.40 | 1017.44 | 1017.78 | 1019.23 | 1016.93 | 1019.63 | 1018.66 | 1017.82 |
|        43 | 1020.14 | 1017.48 | 1017.83 | 1015.65 | 1020.06 | 1020.59 | 1019.62 | 1018.40 | 1015.12 | 1019.26 | 1019.70 | 1018.68 | 1018.14 | 1019.44 | 1018.51 | 1017.82 | 1019.15 | 1019.26 | 1018.21 | 1021.40 | 1020.02 | 1018.96 | 1020.41 | 1019.92 | 1017.00 | 1016.60 | 1020.54 | 1018.34 | 1014.43 | 1018.52 | 1019.36 | 1018.79 | 1017.89 | 1018.09 | 1018.47 | 1019.83 | 1017.38 | 1020.22 | 1019.15 | 1018.50 |
|        44 | 1020.73 | 1017.98 | 1018.31 | 1015.85 | 1020.64 | 1020.89 | 1020.13 | 1018.81 | 1015.34 | 1019.75 | 1019.86 | 1019.36 | 1018.46 | 1019.95 | 1018.94 | 1017.99 | 1019.56 | 1019.92 | 1018.59 | 1022.02 | 1020.37 | 1019.64 | 1020.82 | 1020.36 | 1017.43 | 1017.14 | 1021.05 | 1018.72 | 1015.02 | 1019.04 | 1019.54 | 1019.37 | 1018.14 | 1018.69 | 1019.00 | 1020.23 | 1017.86 | 1020.78 | 1019.29 | 1018.96 |
|        45 | 1021.15 | 1018.60 | 1018.71 | 1016.23 | 1021.46 | 1021.19 | 1020.59 | 1019.48 | 1015.66 | 1020.15 | 1020.10 | 1020.07 | 1018.77 | 1020.35 | 1019.47 | 1018.43 | 1020.05 | 1020.46 | 1018.92 | 1022.59 | 1020.64 | 1020.25 | 1021.15 | 1020.74 | 1017.78 | 1017.62 | 1021.60 | 1019.02 | 1015.28 | 1019.60 | 1020.04 | 1019.90 | 1018.39 | 1019.07 | 1019.58 | 1020.56 | 1018.13 | 1021.26 | 1019.56 | 1019.38 |
|        46 | 1021.64 | 1019.20 | 1019.08 | 1016.65 | 1022.11 | 1021.46 | 1021.01 | 1020.00 | 1016.10 | 1020.56 | 1020.43 | 1020.71 | 1019.39 | 1020.75 | 1020.06 | 1018.83 | 1020.62 | 1020.76 | 1019.32 | 1023.29 | 1020.94 | 1020.81 | 1021.44 | 1021.36 | 1018.36 | 1018.23 | 1022.30 | 1019.39 | 1015.83 | 1020.29 | 1020.33 | 1020.55 | 1018.63 | 1019.75 | 1020.23 | 1021.12 | 1018.64 | 1021.58 | 1019.87 | 1019.93 |
|        47 | 1022.04 | 1019.71 | 1019.36 | 1016.96 | 1022.58 | 1022.12 | 1021.42 | 1020.46 | 1016.57 | 1021.01 | 1020.70 | 1021.06 | 1019.75 | 1021.15 | 1020.51 | 1019.09 | 1021.29 | 1021.03 | 1019.62 | 1023.79 | 1021.12 | 1021.23 | 1021.67 | 1021.58 | 1018.72 | 1018.61 | 1022.69 | 1019.73 | 1016.23 | 1020.75 | 1020.41 | 1021.10 | 1018.81 | 1020.46 | 1020.60 | 1021.67 | 1019.02 | 1022.02 | 1020.36 | 1020.28 |
|        48 | 1022.48 | 1020.01 | 1019.62 | 1017.11 | 1022.79 | 1022.25 | 1021.40 | 1020.89 | 1016.84 | 1021.28 | 1020.77 | 1020.93 | 1019.92 | 1021.29 | 1020.77 | 1019.40 | 1021.56 | 1021.16 | 1019.75 | 1024.11 | 1021.29 | 1021.59 | 1021.94 | 1021.79 | 1018.85 | 1018.81 | 1022.79 | 1019.93 | 1016.48 | 1020.84 | 1020.36 | 1021.43 | 1019.09 | 1020.95 | 1020.70 | 1022.00 | 1019.46 | 1022.40 | 1020.81 | 1020.37 |
|        51 | 1023.20 | 1021.74 | 1020.31 | 1017.69 | 1023.45 | 1022.43 | 1021.92 | 1022.12 | 1017.69 | 1021.91 | 1021.07 | 1022.42 | 1020.52 | 1021.90 | 1021.83 | 1019.66 | 1021.99 | 1022.49 | 1020.34 | 1024.50 | 1021.93 | 1022.51 | 1022.73 | 1022.43 | 1019.26 | 1019.65 | 1023.66 | 1020.64 | 1017.64 | 1021.16 | 1019.85 | 1022.58 | 1019.25 | 1021.99 | 1021.27 | 1022.26 | 1020.50 | 1022.61 | 1022.15 | 1021.46 |
|        54 | 1024.33 | 1022.21 | 1021.13 | 1017.90 | 1023.74 | 1021.83 | 1021.86 | 1022.91 | 1019.08 | 1022.40 | 1020.52 | 1023.04 | 1020.58 | 1021.82 | 1022.65 | 1019.78 | 1022.30 | 1023.26 | 1020.39 | 1024.91 | 1022.23 | 1023.14 | 1021.98 | 1021.48 | 1020.08 | 1020.50 | 1024.46 | 1021.52 | 1018.31 | 1021.73 | 1019.25 | 1023.46 | 1019.29 | 1022.92 | 1021.35 | 1021.52 | 1021.99 | 1023.83 | 1023.09 | 1021.54 |
|        57 | 1025.70 | 1023.46 | 1021.94 | 1018.98 | 1024.03 | 1021.49 | 1022.12 | 1025.18 | 1021.16 | 1023.53 | 1020.78 | 1024.48 | 1020.92 | 1022.10 | 1023.91 | 1020.34 | 1022.77 | 1024.34 | 1021.39 | 1025.90 | 1023.85 | 1024.20 | 1022.01 | 1021.62 | 1020.98 | 1021.89 | 1026.06 | 1022.82 | 1019.35 | 1022.90 | 1018.84 | 1025.08 | 1019.67 | 1024.99 | 1021.84 | 1021.42 | 1023.72 | 1024.47 | 1024.14 | 1022.89 |
|        60 | 1024.96 | 1023.21 | 1021.08 | 1018.09 | 1022.87 | 1020.13 | 1021.22 | 1025.31 | 1021.57 | 1022.72 | 1019.33 | 1023.00 | 1020.02 | 1021.05 | 1023.55 | 1019.40 | 1021.43 | 1023.42 | 1020.56 | 1024.82 | 1022.89 | 1023.02 | 1020.28 | 1020.73 | 1020.45 | 1021.27 | 1026.52 | 1022.83 | 1018.64 | 1022.71 | 1018.96 | 1024.42 | 1018.82 | 1025.13 | 1020.81 | 1021.31 | 1023.87 | 1023.54 | 1023.40 | 1022.25 |
|        63 | 1024.99 | 1023.65 | 1020.56 | 1017.61 | 1022.89 | 1020.11 | 1020.40 | 1026.07 | 1023.14 | 1021.72 | 1019.82 | 1022.71 | 1020.03 | 1021.58 | 1023.40 | 1019.04 | 1020.81 | 1023.10 | 1020.30 | 1024.10 | 1023.26 | 1022.20 | 1020.54 | 1021.40 | 1020.30 | 1021.24 | 1026.74 | 1023.25 | 1018.90 | 1022.78 | 1020.69 | 1024.46 | 1018.67 | 1025.25 | 1019.57 | 1022.50 | 1024.81 | 1023.31 | 1023.39 | 1021.79 |
|        66 | 1025.15 | 1024.20 | 1021.30 | 1018.47 | 1023.26 | 1021.54 | 1021.96 | 1026.51 | 1023.91 | 1021.53 | 1021.21 | 1021.76 | 1020.83 | 1023.13 | 1023.23 | 1020.18 | 1021.29 | 1023.71 | 1020.40 | 1024.69 | 1023.82 | 1022.36 | 1021.82 | 1022.35 | 1021.30 | 1021.32 | 1027.28 | 1023.52 | 1019.22 | 1022.88 | 1022.06 | 1024.24 | 1019.04 | 1025.98 | 1019.09 | 1024.52 | 1025.51 | 1022.76 | 1023.29 | 1021.82 |
|        69 | 1025.21 | 1024.57 | 1022.07 | 1019.19 | 1023.98 | 1023.19 | 1023.11 | 1026.97 | 1025.03 | 1022.17 | 1023.11 | 1021.31 | 1022.06 | 1024.37 | 1023.30 | 1021.34 | 1022.00 | 1024.19 | 1020.22 | 1025.36 | 1024.59 | 1022.87 | 1022.74 | 1023.07 | 1022.50 | 1021.47 | 1027.46 | 1024.14 | 1019.89 | 1022.90 | 1023.28 | 1024.64 | 1019.81 | 1026.41 | 1019.14 | 1026.02 | 1025.44 | 1022.30 | 1023.81 | 1022.18 |
|        72 | 1025.37 | 1025.31 | 1023.13 | 1020.07 | 1024.72 | 1024.82 | 1024.35 | 1027.49 | 1025.63 | 1023.79 | 1024.67 | 1021.22 | 1023.08 | 1025.47 | 1023.92 | 1022.79 | 1022.61 | 1025.07 | 1020.85 | 1026.38 | 1025.49 | 1023.68 | 1023.78 | 1024.01 | 1023.78 | 1022.22 | 1027.79 | 1024.27 | 1020.94 | 1022.91 | 1024.04 | 1025.60 | 1020.93 | 1026.49 | 1019.59 | 1026.86 | 1025.68 | 1022.77 | 1024.76 | 1022.65 |
|        78 | 1026.44 | 1027.04 | 1024.16 | 1021.71 | 1026.25 | 1026.58 | 1024.92 | 1027.64 | 1026.89 | 1025.30 | 1026.82 | 1022.14 | 1024.39 | 1026.53 | 1025.63 | 1023.87 | 1023.70 | 1026.26 | 1022.93 | 1028.22 | 1026.56 | 1025.20 | 1024.87 | 1025.20 | 1025.16 | 1023.99 | 1028.57 | 1025.00 | 1022.83 | 1023.19 | 1024.84 | 1027.30 | 1022.46 | 1026.49 | 1021.16 | 1028.47 | 1026.34 | 1023.78 | 1026.24 | 1023.63 |
|        84 | 1027.59 | 1029.21 | 1024.47 | 1023.26 | 1028.29 | 1027.08 | 1025.38 | 1028.70 | 1027.66 | 1026.11 | 1027.55 | 1024.17 | 1025.35 | 1027.87 | 1027.90 | 1025.20 | 1024.82 | 1027.35 | 1024.30 | 1029.60 | 1027.59 | 1027.16 | 1025.72 | 1026.53 | 1025.71 | 1025.67 | 1029.77 | 1026.36 | 1023.44 | 1024.44 | 1024.62 | 1028.89 | 1023.63 | 1026.94 | 1022.73 | 1029.19 | 1027.38 | 1025.28 | 1026.93 | 1024.08 |
|        90 | 1027.70 | 1030.20 | 1023.35 | 1023.86 | 1029.10 | 1026.63 | 1024.63 | 1029.27 | 1027.95 | 1026.46 | 1027.20 | 1025.51 | 1025.14 | 1027.24 | 1028.60 | 1025.74 | 1024.94 | 1028.12 | 1024.88 | 1029.33 | 1027.20 | 1028.13 | 1025.41 | 1027.13 | 1025.48 | 1025.96 | 1030.40 | 1026.78 | 1022.87 | 1024.84 | 1024.16 | 1029.73 | 1024.17 | 1027.09 | 1023.70 | 1028.66 | 1027.75 | 1026.06 | 1026.85 | 1023.69 |
|        96 | 1026.12 | 1029.78 | 1020.96 | 1022.54 | 1027.86 | 1024.88 | 1023.17 | 1029.58 | 1026.88 | 1025.89 | 1026.20 | 1025.98 | 1024.21 | 1026.14 | 1028.28 | 1024.34 | 1023.77 | 1027.45 | 1025.03 | 1028.14 | 1025.22 | 1026.94 | 1024.51 | 1027.29 | 1023.83 | 1025.37 | 1030.12 | 1027.05 | 1021.52 | 1023.74 | 1022.72 | 1029.12 | 1023.30 | 1027.16 | 1023.15 | 1027.23 | 1027.19 | 1025.49 | 1025.69 | 1022.60 |
|       102 | 1023.24 | 1027.72 | 1018.20 | 1019.29 | 1024.72 | 1022.29 | 1022.42 | 1029.01 | 1025.22 | 1023.63 | 1023.95 | 1024.99 | 1022.27 | 1025.05 | 1025.91 | 1022.41 | 1021.77 | 1025.68 | 1023.92 | 1025.90 | 1023.12 | 1023.90 | 1023.02 | 1026.58 | 1021.18 | 1023.30 | 1028.36 | 1025.23 | 1019.52 | 1022.40 | 1019.10 | 1027.55 | 1020.24 | 1026.93 | 1020.79 | 1024.34 | 1025.15 | 1023.96 | 1023.72 | 1021.19 |
|       108 | 1020.19 | 1024.96 | 1018.74 | 1016.96 | 1022.12 | 1022.11 | 1023.60 | 1027.74 | 1023.80 | 1022.15 | 1023.38 | 1024.40 | 1021.01 | 1025.90 | 1022.21 | 1021.95 | 1020.06 | 1024.23 | 1022.01 | 1024.87 | 1022.91 | 1023.17 | 1022.96 | 1025.06 | 1019.89 | 1021.68 | 1026.38 | 1022.50 | 1016.64 | 1022.81 | 1017.59 | 1027.16 | 1018.49 | 1026.58 | 1019.07 | 1023.80 | 1023.44 | 1023.35 | 1021.94 | 1019.60 |
|       114 | 1017.62 | 1022.97 | 1022.48 | 1020.18 | 1023.28 | 1025.76 | 1025.97 | 1027.15 | 1024.39 | 1024.45 | 1025.59 | 1026.82 | 1023.58 | 1028.15 | 1019.19 | 1025.27 | 1020.17 | 1024.31 | 1021.36 | 1025.57 | 1024.39 | 1026.10 | 1025.99 | 1023.57 | 1022.45 | 1025.24 | 1024.57 | 1021.14 | 1015.86 | 1026.32 | 1019.75 | 1028.20 | 1017.76 | 1026.94 | 1022.13 | 1025.03 | 1022.60 | 1023.63 | 1024.49 | 1018.36 |
|       120 | 1014.24 | 1023.55 | 1021.40 | 1023.24 | 1026.70 | 1027.22 | 1025.94 | 1026.89 | 1026.21 | 1026.79 | 1027.87 | 1028.41 | 1027.61 | 1029.39 | 1021.11 | 1027.43 | 1020.53 | 1025.37 | 1021.87 | 1026.78 | 1025.88 | 1028.67 | 1027.98 | 1023.62 | 1026.92 | 1028.33 | 1022.57 | 1021.07 | 1017.08 | 1030.04 | 1021.23 | 1029.34 | 1015.60 | 1027.13 | 1024.99 | 1026.62 | 1022.01 | 1023.00 | 1029.16 | 1016.79 |
