# variable: Temperature at 2m
# units: degree celsius
# 
| fcst_hour |     1 |    2 |     3 |    4 |    5 |    6 |    7 |     8 |    9 |   10 |   11 |   12 |    13 |   14 |   15 |    16 |   17 |   18 |   19 |   20 |    21 |    22 |   23 |   24 |    25 |   26 |    27 |   28 |   29 |   30 |    31 |   32 |   33 |   34 |   35 |    36 |   37 |    38 |    39 |    40 |
|         0 |  5.35 | 5.75 |  5.08 | 5.87 | 5.98 | 5.28 | 5.13 |  5.67 | 5.97 | 5.74 | 5.46 | 5.66 |  5.41 | 5.92 | 5.74 |  5.19 | 5.85 | 5.78 | 5.54 | 6.06 |  5.71 |  5.48 | 5.84 | 5.53 |  5.54 | 6.18 |  5.57 | 5.08 | 5.46 | 5.27 |  6.15 | 6.16 | 6.17 | 6.03 | 5.71 |  5.78 | 5.55 |  5.00 |  5.28 |  5.89 |
|         1 |  5.22 | 5.64 |  4.88 | 5.83 | 5.81 | 5.10 | 5.08 |  5.57 | 5.59 | 5.64 | 5.48 | 5.36 |  5.31 | 5.88 | 5.72 |  5.04 | 5.72 | 5.63 | 5.52 | 6.00 |  5.56 |  5.36 | 5.77 | 5.41 |  5.27 | 5.98 |  5.45 | 5.09 | 5.30 | 5.15 |  6.04 | 6.15 | 6.16 | 5.73 | 5.73 |  5.54 | 5.52 |  4.74 |  5.17 |  5.82 |
|         2 |  5.18 | 5.56 |  4.78 | 5.76 | 5.84 | 5.06 | 5.07 |  5.58 | 5.59 | 5.49 | 5.41 | 5.33 |  5.18 | 5.93 | 5.66 |  4.95 | 5.50 | 5.38 | 5.42 | 5.91 |  5.54 |  5.16 | 5.70 | 5.49 |  5.04 | 5.90 |  5.30 | 4.99 | 5.15 | 5.11 |  5.91 | 6.05 | 6.16 | 5.71 | 5.69 |  5.50 | 5.34 |  4.57 |  5.01 |  5.81 |
|         3 |  5.14 | 5.40 |  4.79 | 5.67 | 5.78 | 4.94 | 4.93 |  5.29 | 5.34 | 5.11 | 5.29 | 5.12 |  5.07 | 5.65 | 5.65 |  4.77 | 5.31 | 5.16 | 5.39 | 5.84 |  5.47 |  5.01 | 5.55 | 5.10 |  4.89 | 5.69 |  5.34 | 4.91 | 4.99 | 4.89 |  5.82 | 5.97 | 5.97 | 5.51 | 5.64 |  5.36 | 5.18 |  4.49 |  4.80 |  5.61 |
|         4 |  5.07 | 5.23 |  4.59 | 5.58 | 5.81 | 4.76 | 4.85 |  5.23 | 5.32 | 4.93 | 5.23 | 4.93 |  4.88 | 5.62 | 5.59 |  4.69 | 5.31 | 5.20 | 5.36 | 5.71 |  5.30 |  4.80 | 5.56 | 5.01 |  4.70 | 5.26 |  5.05 | 4.87 | 4.71 | 4.87 |  5.69 | 5.71 | 5.84 | 5.29 | 5.68 |  5.17 | 4.96 |  4.36 |  4.48 |  5.44 |
|         5 |  4.87 | 5.24 |  4.42 | 5.26 | 5.65 | 4.72 | 4.59 |  5.13 | 5.25 | 4.84 | 5.02 | 4.73 |  4.74 | 5.51 | 5.57 |  4.67 | 5.18 | 5.13 | 5.22 | 5.62 |  5.20 |  4.61 | 5.59 | 4.75 |  4.50 | 5.38 |  4.86 | 4.60 | 4.69 | 5.01 |  5.42 | 5.62 | 5.59 | 5.06 | 5.47 |  4.88 | 4.90 |  4.27 |  4.47 |  5.25 |
|         6 |  4.70 | 5.16 |  4.23 | 5.07 | 5.51 | 4.87 | 4.49 |  5.05 | 4.97 | 4.60 | 4.82 | 4.34 |  4.43 | 5.31 | 5.44 |  4.49 | 4.98 | 4.96 | 5.10 | 5.41 |  5.18 |  4.56 | 5.51 | 4.50 |  4.35 | 5.18 |  4.86 | 4.53 | 4.72 | 4.84 |  5.15 | 5.32 | 5.67 | 5.13 | 5.32 |  4.41 | 4.50 |  4.24 |  4.45 |  5.22 |
|         7 |  4.39 | 4.97 |  4.17 | 4.80 | 5.53 | 4.70 | 4.17 |  4.93 | 4.89 | 4.51 | 4.58 | 3.87 |  4.04 | 4.99 | 5.18 |  4.39 | 4.84 | 4.58 | 4.90 | 5.37 |  4.93 |  4.31 | 5.32 | 4.35 |  4.19 | 4.92 |  4.57 | 4.31 | 4.52 | 4.65 |  5.02 | 4.86 | 5.22 | 4.79 | 5.04 |  4.02 | 4.07 |  4.14 |  4.13 |  4.75 |
|         8 |  4.36 | 5.03 |  4.15 | 4.70 | 5.46 | 4.61 | 4.29 |  4.84 | 4.88 | 4.28 | 4.47 | 4.06 |  3.89 | 4.82 | 5.23 |  4.42 | 4.79 | 4.59 | 4.73 | 5.38 |  5.08 |  4.22 | 5.33 | 4.31 |  4.13 | 4.81 |  4.37 | 4.38 | 4.53 | 4.50 |  5.11 | 4.88 | 5.37 | 4.53 | 5.12 |  3.99 | 4.15 |  4.09 |  4.01 |  4.96 |
|         9 |  4.48 | 5.57 |  4.43 | 5.19 | 5.73 | 4.77 | 4.37 |  4.85 | 4.88 | 4.40 | 4.59 | 4.45 |  4.15 | 5.04 | 5.44 |  4.81 | 4.91 | 5.03 | 4.76 | 5.57 |  5.34 |  4.55 | 5.63 | 4.57 |  4.06 | 4.93 |  4.52 | 4.74 | 4.83 | 4.42 |  5.29 | 5.42 | 5.85 | 4.56 | 5.52 |  3.89 | 4.41 |  4.27 |  4.29 |  5.05 |
|        10 |  4.58 | 6.07 |  4.68 | 5.69 | 5.82 | 4.89 | 4.38 |  5.00 | 5.18 | 4.60 | 4.98 | 4.53 |  4.46 | 5.38 | 5.81 |  5.22 | 5.13 | 5.52 | 5.16 | 5.62 |  5.88 |  4.95 | 5.87 | 5.02 |  4.09 | 4.92 |  4.75 | 5.17 | 5.01 | 4.43 |  5.35 | 5.85 | 6.33 | 4.53 | 5.86 |  3.84 | 4.82 |  4.51 |  4.66 |  5.23 |
|        11 |  4.63 | 6.33 |  4.90 | 5.77 | 6.01 | 4.83 | 4.34 |  5.30 | 5.42 | 4.70 | 5.12 | 4.73 |  4.41 | 5.25 | 5.91 |  5.29 | 5.32 | 5.91 | 5.47 | 5.91 |  5.96 |  5.07 | 5.94 | 5.00 |  4.05 | 4.95 |  4.76 | 5.32 | 5.16 | 4.43 |  5.30 | 5.96 | 6.82 | 4.60 | 5.84 |  3.81 | 4.84 |  4.84 |  4.74 |  5.34 |
|        12 |  4.80 | 6.21 |  4.76 | 6.22 | 6.37 | 4.83 | 4.29 |  5.40 | 5.49 | 4.61 | 5.13 | 4.75 |  3.97 | 4.97 | 5.91 |  5.27 | 5.24 | 5.85 | 5.87 | 6.27 |  5.99 |  4.88 | 5.99 | 4.91 |  4.01 | 5.10 |  4.70 | 5.22 | 5.31 | 4.33 |  5.37 | 5.92 | 7.25 | 4.61 | 5.91 |  4.31 | 4.63 |  4.98 |  4.63 |  5.60 |
|        13 |  4.64 | 5.96 |  4.49 | 6.26 | 6.09 | 4.47 | 4.23 |  5.45 | 5.85 | 4.51 | 4.81 | 4.65 |  3.60 | 4.73 | 5.86 |  5.05 | 5.21 | 5.62 | 5.55 | 6.23 |  6.05 |  4.80 | 5.79 | 4.67 |  4.16 | 5.35 |  4.44 | 5.09 | 5.27 | 4.17 |  5.36 | 5.81 | 7.38 | 4.61 | 5.98 |  4.47 | 4.37 |  4.93 |  4.47 |  5.51 |
|        14 |  4.52 | 6.03 |  4.42 | 5.96 | 5.89 | 4.51 | 4.05 |  5.48 | 5.80 | 4.41 | 4.48 | 4.49 |  3.45 | 4.52 | 5.80 |  4.93 | 5.05 | 5.62 | 5.07 | 5.95 |  5.93 |  5.13 | 5.60 | 4.45 |  4.28 | 5.14 |  4.36 | 5.06 | 5.23 | 4.18 |  5.34 | 5.63 | 7.26 | 4.63 | 5.91 |  4.31 | 4.23 |  4.89 |  4.49 |  5.29 |
|        15 |  4.34 | 5.76 |  4.09 | 5.40 | 5.68 | 4.42 | 3.73 |  5.29 | 5.20 | 4.33 | 4.35 | 4.13 |  3.39 | 4.35 | 5.40 |  4.65 | 4.77 | 5.17 | 4.62 | 5.52 |  5.64 |  4.85 | 5.17 | 4.30 |  4.03 | 4.93 |  4.26 | 4.94 | 4.84 | 4.02 |  4.94 | 5.35 | 6.57 | 4.31 | 5.49 |  3.93 | 4.11 |  4.70 |  4.34 |  4.68 |
|        16 |  3.74 | 4.95 |  3.71 | 4.69 | 5.07 | 3.87 | 3.19 |  4.83 | 4.41 | 3.81 | 3.66 | 3.72 |  2.96 | 4.00 | 4.57 |  4.15 | 4.29 | 4.29 | 3.91 | 4.79 |  4.83 |  4.17 | 4.75 | 3.97 |  3.45 | 4.22 |  3.92 | 4.31 | 3.95 | 3.73 |  4.39 | 4.54 | 5.73 | 3.62 | 4.74 |  3.28 | 3.71 |  4.28 |  3.66 |  3.78 |
|        17 |  3.36 | 4.26 |  3.10 | 4.20 | 4.17 | 3.12 | 2.85 |  4.09 | 3.97 | 3.33 | 2.90 | 2.86 |  2.31 | 3.32 | 3.91 |  3.76 | 3.75 | 3.50 | 3.49 | 4.30 |  3.99 |  3.71 | 4.24 | 3.57 |  3.01 | 3.48 |  3.37 | 3.56 | 3.27 | 3.47 |  3.83 | 3.92 | 5.21 | 2.94 | 3.96 |  2.70 | 3.11 |  3.86 |  2.90 |  2.93 |
|        18 |  2.96 | 3.84 |  2.76 | 3.48 | 3.38 | 2.44 | 2.37 |  3.45 | 3.42 | 2.69 | 2.29 | 2.33 |  1.69 | 2.60 | 3.59 |  3.26 | 3.24 | 3.00 | 3.00 | 4.01 |  3.19 |  3.43 | 3.50 | 3.05 |  2.25 | 2.91 |  2.76 | 2.87 | 2.91 | 3.19 |  3.22 | 3.62 | 5.01 | 2.30 | 3.24 |  2.21 | 2.48 |  3.33 |  2.33 |  2.16 |
|        19 |  2.43 | 3.61 |  2.37 | 2.80 | 2.91 | 2.28 | 1.63 |  3.31 | 3.02 | 2.19 | 2.01 | 1.90 |  1.57 | 1.93 | 3.11 |  2.71 | 2.88 | 2.77 | 2.56 | 3.46 |  2.61 |  2.90 | 2.89 | 2.56 |  1.35 | 2.79 |  2.02 | 2.33 | 2.58 | 2.72 |  2.82 | 3.51 | 4.75 | 2.07 | 2.83 |  1.60 | 2.29 |  2.75 |  2.22 |  1.46 |
|        20 |  1.93 | 3.18 |  1.89 | 2.29 | 2.61 | 2.36 | 1.06 |  3.17 | 2.80 | 1.80 | 1.82 | 1.19 |  1.25 | 1.33 | 2.69 |  2.22 | 2.49 | 2.34 | 2.26 | 3.16 |  2.41 |  2.23 | 2.51 | 2.11 |  0.93 | 2.69 |  1.43 | 1.77 | 1.91 | 2.02 |  2.90 | 2.98 | 3.85 | 1.95 | 2.50 |  1.16 | 1.94 |  2.52 |  2.12 |  1.06 |
|        21 |  1.64 | 2.63 |  1.21 | 1.85 | 2.16 | 2.04 | 0.93 |  2.99 | 2.51 | 1.65 | 1.36 | 0.61 |  0.65 | 0.90 | 2.10 |  1.93 | 1.86 | 1.79 | 1.81 | 2.61 |  2.14 |  1.71 | 2.37 | 1.95 |  0.59 | 2.23 |  1.01 | 1.24 | 1.24 | 1.71 |  3.01 | 2.34 | 3.03 | 1.79 | 1.98 |  0.95 | 1.45 |  2.06 |  1.88 |  1.05 |
|        22 |  1.21 | 2.05 |  0.43 | 1.34 | 1.75 | 1.53 | 0.78 |  2.47 | 2.10 | 1.89 | 0.91 | 0.40 |  0.39 | 0.76 | 1.51 |  1.50 | 1.26 | 1.30 | 1.51 | 2.14 |  1.50 |  1.01 | 2.09 | 1.65 |  0.25 | 1.62 |  0.67 | 0.90 | 0.75 | 1.50 |  2.82 | 1.78 | 2.34 | 1.11 | 1.48 |  0.66 | 1.04 |  1.42 |  1.53 |  1.10 |
|        23 |  0.74 | 1.52 | -0.03 | 0.85 | 2.06 | 1.29 | 0.50 |  1.46 | 1.83 | 2.30 | 0.70 | 0.28 |  0.13 | 0.70 | 1.00 |  1.15 | 0.84 | 0.90 | 1.37 | 2.11 |  0.93 |  0.42 | 1.36 | 0.87 |     0 | 1.43 |  0.31 | 0.84 | 0.28 | 1.03 |  2.23 | 1.36 | 1.68 | 0.61 | 1.41 |  0.24 | 0.73 |  0.51 |  1.04 |  0.84 |
|        24 |  0.45 | 1.12 | -0.30 | 0.63 | 2.47 | 1.11 | 0.22 |  0.70 | 1.48 | 2.53 | 0.62 | 0.23 | -0.10 | 0.64 | 0.77 |  0.56 | 0.69 | 0.54 | 1.40 | 2.29 |  0.48 |  0.04 | 0.88 | 0.42 | -0.11 | 1.66 |  0.08 | 1.08 | 0.19 | 0.65 |  1.68 | 1.35 | 1.36 | 0.33 | 1.57 |  0.02 | 0.85 |  0.06 |  0.55 |  0.60 |
|        25 |  0.27 | 0.76 | -0.43 | 0.60 | 2.86 | 1.30 | 0.15 |  0.22 | 1.39 | 2.45 | 0.63 | 0.43 | -0.17 | 0.59 | 0.75 |  0.05 | 0.67 | 0.65 | 1.67 | 2.57 |  0.17 | -0.15 | 0.70 | 0.27 | -0.06 | 2.08 |  0.04 | 1.32 | 0.25 | 0.54 |  1.32 | 1.86 | 1.52 | 0.24 | 1.80 | -0.17 | 1.17 | -0.14 |  0.25 |  0.38 |
|        26 |  0.06 | 0.83 | -0.45 | 0.76 | 3.43 | 1.48 | 0.34 |  0.04 | 1.35 | 1.91 | 0.70 | 0.60 | -0.23 | 0.37 | 0.87 | -0.27 | 0.73 | 1.16 | 1.99 | 2.92 |  0.08 |  0.14 | 0.65 | 0.61 |  0.16 | 2.26 |  0.09 | 1.54 | 0.21 | 0.44 |  1.19 | 2.29 | 2.02 | 0.32 | 2.24 | -0.35 | 1.41 | -0.29 | -0.04 |  0.10 |
|        27 | -0.03 | 0.97 | -0.58 | 1.33 | 3.62 | 1.72 | 0.70 | -0.04 | 1.20 | 1.25 | 0.78 | 0.67 | -0.33 | 0.63 | 1.18 | -0.48 | 0.93 | 1.72 | 2.36 | 3.34 |  0.06 |  0.58 | 0.77 | 0.81 |  0.46 | 2.44 |  0.17 | 2.10 | 0.25 | 0.46 |  1.62 | 2.67 | 2.81 | 0.51 | 2.71 | -0.53 | 1.66 | -0.36 | -0.27 | -0.08 |
|        28 |  0.21 | 1.19 | -0.69 | 1.97 | 3.72 | 2.13 | 1.21 | -0.04 | 0.92 | 0.84 | 0.83 | 0.81 | -0.33 | 0.49 | 1.67 | -0.44 | 1.07 | 2.45 | 2.66 | 3.55 | -0.05 |  0.74 | 1.11 | 1.18 |  0.90 | 2.82 |  0.05 | 2.49 | 0.32 | 0.63 |  2.16 | 2.81 | 3.22 | 0.81 | 2.82 | -0.63 | 1.89 | -0.37 | -0.53 | -0.12 |
|        29 |  0.47 | 1.32 | -0.55 | 2.38 | 3.81 | 2.54 | 1.54 |  0.15 | 0.76 | 0.56 | 0.97 | 0.93 | -0.24 | 0.68 | 2.05 | -0.34 | 1.36 | 3.09 | 2.87 | 3.58 | -0.06 |  0.52 | 1.44 | 1.21 |  1.26 | 3.09 | -0.13 | 2.80 | 0.29 | 0.61 |  2.43 | 2.77 | 3.68 | 1.15 | 2.98 | -0.49 | 2.23 | -0.38 | -0.82 | -0.14 |
|        30 |  0.55 | 1.44 | -0.37 | 2.46 | 3.93 | 2.59 | 1.45 |  0.50 | 0.69 | 0.51 | 1.12 | 1.05 | -0.15 | 0.70 | 2.58 | -0.22 | 1.67 | 3.32 | 2.79 | 3.44 |  0.14 |  0.32 | 1.86 | 1.38 |  1.44 | 3.20 | -0.24 | 2.96 | 0.56 | 0.52 |  2.67 | 2.60 | 3.92 | 1.31 | 3.07 | -0.32 | 2.47 | -0.21 | -1.08 | -0.14 |
|        31 |  0.48 | 1.63 | -0.19 | 2.27 | 4.10 | 2.47 | 1.13 |  0.71 | 0.83 | 0.50 | 1.26 | 1.26 |     0 | 1.03 | 3.00 | -0.12 | 2.01 | 3.50 | 2.65 | 3.39 |  0.44 |  0.36 | 2.18 | 1.59 |  1.33 | 3.20 | -0.31 | 2.93 | 1.01 | 0.44 |  2.75 | 2.43 | 3.92 | 1.53 | 3.04 | -0.12 | 2.58 | -0.01 | -1.12 | -0.08 |
|        32 |  0.66 | 2.05 |  0.08 | 2.42 | 4.46 | 2.67 | 1.31 |  1.19 | 1.46 | 0.66 | 1.61 | 1.80 |  0.30 | 1.54 | 3.53 |  0.14 | 2.54 | 3.72 | 2.78 | 3.53 |  1.19 |  0.85 | 2.62 | 1.63 |  1.64 | 3.40 | -0.04 | 3.11 | 1.74 | 0.62 |  2.94 | 2.77 | 4.13 | 1.90 | 3.16 |  0.32 | 2.72 |  0.42 | -1.03 |  0.15 |
|        33 |  1.24 | 2.86 |  0.94 | 3.23 | 4.95 | 3.37 | 1.80 |  1.90 | 2.50 | 1.24 | 2.40 | 2.55 |  1.19 | 2.32 | 3.97 |  0.91 | 3.00 | 4.28 | 3.21 | 3.89 |  2.15 |  1.61 | 3.36 | 2.62 |  2.55 | 4.08 |  1.00 | 3.82 | 2.53 | 1.49 |  3.58 | 3.56 | 4.43 | 2.69 | 3.78 |  1.12 | 3.16 |  1.14 | -0.76 |  0.87 |
|        34 |  2.05 | 3.81 |  1.57 | 4.43 | 5.42 | 4.16 | 2.60 |  2.62 | 3.55 | 2.40 | 3.35 | 3.48 |  1.95 | 3.29 | 4.59 |  2.11 | 3.60 | 5.27 | 3.88 | 4.34 |  2.85 |  2.62 | 4.12 | 3.95 |  3.50 | 4.70 |  2.12 | 4.66 | 3.14 | 2.27 |  4.44 | 4.48 | 4.90 | 3.98 | 4.55 |  2.09 | 3.76 |  2.23 | -0.12 |  1.78 |
|        35 |  3.05 | 4.85 |  2.14 | 5.53 | 5.82 | 4.74 | 3.29 |  3.09 | 4.33 | 3.53 | 4.30 | 4.31 |  2.63 | 4.13 | 5.42 |  3.45 | 4.23 | 6.09 | 4.97 | 4.87 |  3.50 |  3.51 | 4.96 | 5.10 |  4.25 | 5.45 |  3.02 | 5.43 | 3.82 | 2.98 |  5.37 | 5.48 | 5.37 | 5.17 | 5.42 |  3.00 | 4.44 |  3.37 |  1.08 |  3.05 |
|        36 |  3.71 | 5.71 |  2.68 | 6.37 | 6.11 | 5.12 | 3.71 |  3.45 | 4.69 | 4.70 | 4.63 | 5.09 |  3.52 | 4.78 | 6.30 |  4.57 | 4.86 | 6.59 | 5.80 | 5.23 |  4.66 |  3.97 | 5.42 | 5.85 |  4.89 | 6.03 |  3.83 | 5.82 | 4.67 | 3.52 |  5.71 | 6.30 | 5.93 | 6.03 | 6.17 |  4.00 | 4.91 |  4.96 |  2.68 |  4.10 |
|        37 |  4.09 | 6.19 |  3.22 | 6.52 | 6.17 | 5.38 | 4.06 |  3.66 | 4.92 | 5.54 | 4.79 | 5.24 |  4.12 | 5.29 | 6.70 |  5.09 | 5.85 | 6.93 | 6.33 | 5.77 |  5.70 |  4.14 | 5.62 | 6.13 |  5.19 | 6.48 |  4.30 | 5.93 | 5.42 | 3.88 |  5.74 | 6.95 | 6.71 | 6.82 | 6.75 |  4.29 | 5.25 |  5.70 |  4.12 |  4.61 |
|        38 |  4.33 | 6.35 |  3.74 | 6.41 | 6.26 | 5.64 | 4.49 |  4.38 | 5.26 | 5.79 | 5.14 | 5.00 |  4.36 | 5.73 | 6.78 |  4.83 | 6.53 | 6.92 | 6.28 | 6.83 |  6.38 |  4.17 | 5.81 | 6.23 |  5.29 | 6.65 |  4.36 | 6.01 | 6.04 | 4.15 |  5.53 | 6.93 | 7.44 | 7.30 | 7.01 |  4.42 | 5.42 |  6.02 |  4.53 |  4.48 |
|        39 |  4.51 | 6.04 |  3.72 | 6.15 | 6.35 | 5.73 | 5.02 |  5.04 | 5.78 | 5.60 | 5.65 | 4.69 |  4.40 | 5.94 | 6.79 |  4.32 | 6.68 | 6.54 | 5.94 | 7.45 |  6.63 |  4.38 | 6.04 | 5.98 |  5.30 | 6.48 |  4.27 | 5.88 | 6.34 | 4.37 |  5.77 | 6.51 | 7.55 | 7.37 | 6.71 |  4.31 | 5.32 |  5.70 |  4.37 |  4.35 |
|        40 |  4.69 | 5.71 |  3.47 | 5.83 | 6.45 | 5.75 | 5.39 |  5.22 | 6.19 | 5.11 | 6.04 | 4.28 |  4.40 | 5.85 | 6.63 |  3.80 | 6.64 | 6.02 | 5.44 | 7.39 |  6.59 |  4.56 | 6.15 | 5.59 |  5.22 | 5.92 |  4.16 | 5.72 | 6.30 | 4.55 |  5.91 | 6.04 | 7.39 | 7.05 | 6.14 |  4.17 | 4.63 |  5.03 |  3.97 |  4.30 |
|        41 |  4.91 | 5.61 |  3.44 | 5.75 | 6.65 | 5.78 | 5.62 |  5.30 | 6.16 | 4.85 | 6.17 | 4.07 |  4.60 | 5.74 | 6.41 |  3.59 | 6.53 | 5.74 | 5.03 | 7.10 |  6.52 |  4.55 | 6.27 | 5.39 |  5.27 | 5.33 |  4.11 | 5.59 | 6.22 | 4.60 |  6.05 | 5.83 | 7.07 | 6.64 | 5.79 |  4.08 | 3.79 |  4.54 |  3.74 |  4.44 |
|        42 |  5.09 | 5.68 |  3.58 | 5.78 | 6.78 | 5.65 | 5.90 |  5.48 | 6.05 | 4.78 | 6.16 | 4.04 |  4.94 | 5.74 | 6.13 |  3.54 | 6.42 | 5.67 | 4.91 | 6.68 |  6.52 |  4.58 | 6.43 | 5.32 |  5.44 | 5.05 |  4.17 | 5.53 | 6.12 | 4.71 |  6.03 | 5.74 | 6.71 | 6.35 | 5.74 |  4.35 | 3.29 |  4.42 |  3.66 |  4.56 |
|        43 |  5.03 | 5.72 |  3.86 | 5.84 | 6.82 | 5.61 | 5.92 |  5.63 | 6.00 | 4.84 | 6.07 | 4.06 |  5.23 | 5.66 | 5.95 |  3.52 | 6.30 | 5.65 | 4.89 | 6.24 |  6.42 |  4.61 | 6.51 | 5.20 |  5.74 | 4.87 |  4.28 | 5.53 | 6.01 | 4.83 |  6.06 | 5.80 | 6.43 | 6.19 | 5.78 |  4.67 | 2.95 |  4.47 |  3.72 |  4.67 |
|        44 |  4.89 | 5.76 |  4.12 | 5.94 | 6.81 | 5.84 | 5.78 |  5.64 | 6.14 | 5.09 | 5.92 | 4.13 |  5.42 | 5.61 | 5.88 |  3.54 | 6.09 | 5.87 | 4.94 | 5.69 |  6.26 |  4.51 | 6.47 | 5.14 |  5.97 | 4.75 |  4.50 | 5.61 | 5.81 | 4.91 |  6.12 | 5.90 | 6.28 | 6.00 | 5.90 |  4.88 | 2.86 |  4.56 |  3.75 |  4.76 |
|        45 |  4.71 | 5.86 |  4.25 | 6.03 | 6.70 | 6.03 | 5.69 |  5.56 | 6.15 | 5.49 | 5.81 | 4.22 |  5.56 | 5.53 | 5.81 |  3.59 | 5.92 | 5.95 | 5.06 | 5.46 |  6.21 |  4.48 | 6.44 | 5.03 |  6.07 | 4.69 |  4.77 | 5.81 | 5.58 | 4.99 |  6.16 | 5.99 | 6.20 | 5.74 | 6.07 |  4.88 | 2.65 |  4.64 |  3.83 |  4.88 |
|        46 |  4.71 | 5.93 |  4.31 | 6.04 | 6.40 | 6.10 | 5.77 |  5.42 | 6.00 | 5.73 | 5.66 | 4.28 |  5.71 | 5.42 | 5.76 |  3.74 | 5.89 | 6.12 | 5.21 | 5.53 |  6.19 |  4.65 | 6.37 | 5.11 |  6.11 | 4.73 |  4.97 | 6.09 | 5.44 | 5.08 |  6.27 | 6.13 | 6.26 | 5.63 | 6.26 |  4.75 | 2.48 |  4.71 |  4.03 |  5.00 |
|        47 |  4.79 | 5.90 |  4.23 | 5.96 | 6.23 | 5.76 | 5.83 |  5.37 | 5.78 | 5.77 | 5.55 | 4.29 |  5.75 | 5.26 | 5.64 |  3.92 | 5.85 | 6.26 | 5.32 | 5.50 |  6.17 |  4.73 | 6.28 | 5.34 |  6.04 | 4.81 |  5.00 | 6.17 | 5.11 | 5.09 |  6.32 | 6.18 | 6.21 | 5.56 | 6.37 |  4.86 | 2.38 |  4.74 |  4.28 |  4.98 |
|        48 |  4.81 | 5.89 |  4.16 | 5.74 | 6.13 | 5.40 | 5.82 |  5.03 | 5.65 | 5.73 | 5.55 | 4.55 |  5.72 | 5.19 | 5.62 |  4.15 | 5.64 | 6.38 | 5.38 | 5.48 |  6.16 |  4.62 | 6.25 | 5.44 |  5.94 | 4.95 |  5.08 | 6.10 | 5.00 | 5.07 |  6.34 | 6.17 | 6.19 | 5.66 | 6.34 |  5.01 | 2.37 |  4.80 |  4.50 |  4.93 |
|        51 |  4.99 | 5.85 |  3.95 | 5.47 | 6.01 | 5.06 | 5.69 |  4.61 | 5.56 | 5.37 | 5.69 | 5.06 |  5.47 | 5.16 | 5.93 |  4.41 | 5.50 | 6.30 | 5.23 | 5.47 |  6.02 |  4.51 | 5.79 | 5.69 |  5.56 | 5.77 |  5.36 | 5.92 | 5.07 | 4.92 |  6.18 | 5.83 | 6.07 | 5.63 | 5.80 |  5.51 | 2.61 |  4.91 |  4.85 |  4.62 |
|        54 |  4.94 | 5.88 |  3.82 | 5.50 | 5.80 | 4.78 | 5.08 |  4.40 | 5.32 | 4.96 | 5.82 | 5.13 |  4.97 | 5.17 | 5.23 |  4.26 | 5.37 | 6.04 | 5.25 | 5.57 |  6.09 |  4.56 | 5.70 | 5.46 |  4.94 | 6.11 |  5.35 | 5.55 | 4.88 | 4.77 |  5.96 | 5.66 | 5.64 | 4.13 | 5.43 |  5.48 | 3.59 |  4.44 |  4.86 |  3.66 |
|        57 |  4.94 | 6.48 |  4.89 | 6.24 | 6.11 | 5.67 | 5.62 |  5.24 | 5.84 | 5.09 | 6.60 | 5.50 |  5.78 | 5.33 | 5.66 |  4.96 | 6.07 | 6.69 | 5.60 | 6.22 |  6.90 |  5.08 | 6.14 | 6.27 |  5.46 | 6.12 |  5.72 | 5.97 | 5.61 | 5.45 |  5.90 | 6.36 | 6.53 | 4.86 | 5.97 |  6.35 | 5.22 |  5.04 |  5.08 |  4.62 |
|        60 |  7.13 | 7.55 |  6.16 | 8.09 | 7.91 | 6.70 | 8.01 |  6.81 | 7.93 | 6.16 | 7.03 | 7.50 |  7.50 | 7.40 | 7.79 |  6.49 | 8.40 | 8.02 | 7.27 | 8.75 |  7.80 |  6.93 | 7.92 | 8.12 |  6.86 | 7.95 |  7.70 | 7.52 | 7.95 | 7.59 |  8.30 | 7.19 | 7.60 | 7.59 | 8.12 |  6.66 | 7.46 |  7.35 |  7.22 |  7.34 |
|        63 |  7.95 | 7.40 |  3.36 | 7.99 | 8.02 | 6.73 | 7.27 |  6.48 | 8.01 | 6.56 | 6.39 | 7.91 |  7.18 | 7.56 | 8.12 |  6.80 | 7.66 | 7.95 | 7.68 | 8.66 |  5.30 |  7.09 | 7.73 | 8.16 |  6.64 | 8.32 |  8.00 | 8.01 | 7.84 | 7.64 |  7.90 | 7.67 | 7.59 | 7.45 | 8.32 |  5.25 | 7.94 |  7.42 |  7.20 |  7.63 |
|        66 |  6.66 | 6.38 |  1.63 | 5.48 | 7.23 | 4.80 | 5.87 |  3.03 | 7.45 | 5.07 | 4.12 | 6.95 |  6.32 | 6.40 | 7.32 |  5.78 | 4.42 | 7.00 | 6.83 | 6.68 |  4.08 |  6.72 | 5.78 | 7.76 |  5.61 | 7.21 |  6.41 | 6.33 | 4.02 | 6.91 |  5.81 | 4.90 | 7.56 | 3.94 | 7.55 |  3.95 | 5.91 |  6.39 |  3.66 |  7.54 |
|        69 |  4.65 | 3.89 |  0.27 | 3.74 | 6.82 | 2.22 | 3.44 |  1.77 | 5.39 | 2.52 | 3.60 | 3.66 |  5.53 | 6.05 | 6.94 |  5.45 | 3.00 | 4.53 | 6.46 | 6.56 |  3.21 |  3.96 | 3.99 | 4.61 |  4.85 | 6.44 |  6.83 | 4.68 | 3.42 | 4.33 |  4.03 | 3.76 | 6.93 | 2.75 | 6.36 |  2.97 | 3.66 |  2.90 |  3.03 |  5.11 |
|        72 |  3.02 | 2.65 | -0.26 | 3.43 | 5.00 | 2.53 | 2.29 |  1.25 | 2.85 | 1.79 | 3.50 | 2.48 |  4.02 | 5.05 | 4.16 |  5.57 | 2.62 | 3.91 | 3.69 | 6.01 |  2.86 |  2.66 | 2.58 | 2.95 |  3.30 | 6.40 |  3.14 | 3.78 | 1.80 | 3.03 |  3.26 | 3.45 | 4.40 | 2.21 | 4.17 |  2.75 | 2.28 |  2.76 |  2.23 |  3.29 |
|        78 |  2.75 | 3.04 | -0.37 | 3.39 | 3.28 | 2.48 | 2.77 |  1.55 | 2.01 | 2.97 | 3.50 | 2.99 |  2.75 | 2.68 | 3.12 |  2.88 | 2.91 | 3.06 | 1.22 | 4.07 |  2.86 |  3.13 | 2.24 | 1.87 |  3.31 | 3.09 |  1.76 | 2.09 | 1.53 | 3.42 |  2.62 | 3.39 | 4.10 | 2.24 | 2.73 |  2.75 | 1.02 |  2.36 |  2.33 |  1.67 |
|        84 |  5.11 | 6.09 |  2.69 | 5.71 | 5.01 | 4.43 | 4.80 |  4.41 | 5.63 | 4.83 | 6.00 | 4.48 |  4.69 | 4.25 | 5.03 |  4.03 | 5.66 | 5.84 | 3.52 | 6.35 |  4.47 |  5.53 | 4.65 | 5.25 |  5.06 | 3.98 |  5.44 | 4.68 | 4.28 | 5.35 |  5.46 | 6.00 | 6.78 | 4.97 | 4.85 |  5.40 | 5.24 |  5.06 |  4.49 |  5.63 |
|        90 |  3.28 | 4.70 |  0.93 | 5.38 | 4.31 | 2.26 | 3.98 |  1.90 | 3.68 | 3.36 | 3.39 | 2.46 |  2.73 | 2.65 | 4.56 |  2.42 | 2.92 | 4.14 | 3.40 | 3.81 |  3.37 |  3.17 | 3.40 | 4.88 |  3.31 | 3.16 |  3.22 | 3.92 | 2.50 | 4.11 |  3.35 | 5.53 | 5.48 | 3.26 | 3.42 |  3.38 | 5.10 |  3.43 |  3.10 |  3.49 |
|        96 |  2.80 | 1.59 |  0.74 | 4.53 | 2.95 | 1.52 | 2.34 |  1.89 | 2.17 | 2.81 | 2.73 | 2.76 |  0.77 | 2.47 | 2.62 |  1.14 | 0.61 | 2.60 | 1.35 | 1.08 |  2.92 |  2.25 | 2.58 | 3.16 |  2.12 | 1.60 |  3.71 | 3.23 | 0.66 | 4.12 |  0.77 | 3.11 | 4.55 | 3.37 | 2.38 |  2.05 | 4.90 |  2.29 |  1.42 |  2.65 |
|       102 |  3.96 | 1.15 |  0.36 | 4.07 | 3.69 | 1.25 | 2.69 |  2.69 | 3.03 | 4.09 | 2.49 | 4.28 |  3.21 | 1.18 | 3.44 |  3.43 | 0.50 | 2.97 | 1.65 | 1.30 |  4.23 |  3.37 | 2.71 | 3.13 |  1.26 | 1.91 |  5.47 | 5.75 | 0.49 | 5.53 | -0.41 | 2.63 | 3.87 | 2.42 | 1.43 |  3.52 | 5.17 |  2.73 |  1.38 |  4.25 |
|       108 |  5.51 | 6.04 |  1.06 | 6.40 | 6.01 | 3.22 | 5.14 |  5.08 | 5.92 | 5.99 | 6.27 | 5.62 |  6.47 | 4.83 | 5.83 |  5.79 | 5.73 | 4.81 | 4.24 | 4.99 |  6.96 |  5.72 | 5.97 | 4.41 |  3.76 | 4.77 |  6.30 | 7.58 | 4.35 | 6.75 |  5.74 | 7.13 | 5.90 | 4.05 | 5.03 |  5.59 | 7.31 |  4.17 |  4.85 |  6.61 |
|       114 |  3.93 | 5.83 |  2.68 | 5.17 | 4.37 | 3.33 | 5.46 |  4.98 | 5.24 | 3.57 | 6.25 | 4.40 |  7.22 | 3.51 | 6.11 |  4.57 | 5.60 | 5.43 | 3.64 | 5.77 |  4.86 |  5.03 | 6.00 | 4.52 |  4.39 | 4.64 |  4.31 | 7.10 | 5.57 | 5.77 |  5.63 | 6.88 | 6.20 | 4.07 | 5.06 |  5.40 | 6.53 |  3.76 |  4.91 |  6.82 |
|       120 |  2.98 | 5.29 |  1.70 | 4.84 | 3.64 | 3.40 | 4.18 |  2.10 | 3.94 | 1.99 | 5.94 | 3.47 |  5.93 | 3.29 | 6.87 |  3.54 | 4.67 | 4.74 | 3.60 | 5.54 |  3.81 |  4.06 | 5.51 | 2.14 |  4.31 | 3.68 |  3.76 | 4.88 | 4.93 | 4.18 |  4.49 | 5.19 | 5.91 | 2.81 | 4.78 |  4.50 | 4.93 |  4.00 |  5.46 |  5.83 |
