# variable: Momentary Wind Speed at 10m
# units: km/h
# 
| fcst_hour |     1 |     2 |     3 |     4 |     5 |     6 |     7 |     8 |     9 |    10 |    11 |    12 |    13 |    14 |    15 |    16 |    17 |    18 |    19 |    20 |    21 |    22 |    23 |    24 |    25 |    26 |    27 |    28 |    29 |    30 |    31 |    32 |    33 |    34 |    35 |    36 |    37 |    38 |    39 |    40 |
|         0 |  9.29 |  9.63 |  9.74 |  9.00 |  9.90 | 10.34 |  8.32 |  9.28 |  9.24 |  8.70 |  9.09 | 10.83 |  9.60 | 10.32 | 10.28 |  9.07 |  9.72 |  9.51 |  8.99 | 11.16 |  9.46 | 10.38 | 10.04 |  9.82 | 10.41 |  8.65 |  9.89 |  9.25 |  8.55 |  9.93 | 10.00 |  9.52 |  8.78 |  9.81 | 10.32 |  9.17 | 10.25 |  9.33 |  8.18 |  9.24 |
|         1 | 10.09 | 10.65 | 11.66 | 10.32 | 10.68 | 11.86 |  9.85 | 10.77 | 10.87 |  9.57 | 10.30 | 10.97 | 10.92 | 11.34 | 11.61 | 10.20 | 10.24 | 10.31 | 10.47 | 12.25 |  9.95 | 11.74 | 11.09 | 10.67 | 12.35 |  9.63 | 11.59 | 10.11 |  9.24 | 10.63 | 10.98 | 10.51 |  9.84 | 10.47 | 10.27 | 10.83 | 11.04 | 10.59 |  8.83 | 10.89 |
|         2 | 10.79 | 11.36 | 11.64 | 11.03 | 11.74 | 12.55 | 10.46 | 12.16 | 11.52 | 10.73 | 11.45 | 11.72 | 11.68 | 12.50 | 12.65 | 10.90 | 11.47 | 11.48 | 11.64 | 13.43 | 10.82 | 13.29 | 12.30 | 11.76 | 13.13 | 10.94 | 12.09 | 10.41 | 10.03 | 11.42 | 12.10 | 11.45 | 11.27 | 12.32 | 11.31 | 11.40 | 11.91 | 11.88 |  9.67 | 12.16 |
|         3 | 11.42 | 12.76 | 13.46 | 12.34 | 12.76 | 14.59 | 12.36 | 14.57 | 12.67 | 12.95 | 13.41 | 13.58 | 12.60 | 13.77 | 14.67 | 12.67 | 13.14 | 13.72 | 13.84 | 14.53 | 11.88 | 14.94 | 13.55 | 13.94 | 15.43 | 12.88 | 14.45 | 12.75 | 12.67 | 12.86 | 13.54 | 12.65 | 12.86 | 14.45 | 13.13 | 12.09 | 13.26 | 13.72 | 11.76 | 14.99 |
|         4 | 13.25 | 14.06 | 14.45 | 13.61 | 14.41 | 13.84 | 14.18 | 15.32 | 14.70 | 15.36 | 14.65 | 14.33 | 13.67 | 15.10 | 14.83 | 15.34 | 14.34 | 15.28 | 15.17 | 15.18 | 13.24 | 16.03 | 14.96 | 14.63 | 15.57 | 14.53 | 15.50 | 14.74 | 14.78 | 13.46 | 13.84 | 14.55 | 14.64 | 14.69 | 14.09 | 14.40 | 14.42 | 14.44 | 12.10 | 15.52 |
|         5 | 15.49 | 14.74 | 15.93 | 13.63 | 15.39 | 14.52 | 14.64 | 16.53 | 14.53 | 15.77 | 15.61 | 15.08 | 14.43 | 15.33 | 15.28 | 16.44 | 15.15 | 15.45 | 15.50 | 16.13 | 14.19 | 16.63 | 15.26 | 14.97 | 17.07 | 14.59 | 16.46 | 15.38 | 15.16 | 14.84 | 14.72 | 14.99 | 15.57 | 15.85 | 15.88 | 15.66 | 15.26 | 15.55 | 13.34 | 16.40 |
|         6 | 17.07 | 15.99 | 19.30 | 14.39 | 16.90 | 16.73 | 15.53 | 17.61 | 14.94 | 17.89 | 16.96 | 16.52 | 14.55 | 16.12 | 16.74 | 19.34 | 15.77 | 17.37 | 16.60 | 18.12 | 15.41 | 16.79 | 15.88 | 15.49 | 18.47 | 15.63 | 17.91 | 16.57 | 17.08 | 14.96 | 15.67 | 15.40 | 16.10 | 15.57 | 17.39 | 15.36 | 17.96 | 15.79 | 13.91 | 17.65 |
|         7 | 20.59 | 17.62 | 17.26 | 15.92 | 18.68 | 17.80 | 17.39 | 19.09 | 16.66 | 18.70 | 18.28 | 18.88 | 15.55 | 17.25 | 18.35 | 18.51 | 17.16 | 17.97 | 18.71 | 19.55 | 16.86 | 17.83 | 17.49 | 16.61 | 19.45 | 17.86 | 18.48 | 19.73 | 18.18 | 16.25 | 17.67 | 17.27 | 17.20 | 18.07 | 18.51 | 16.29 | 18.18 | 17.28 | 14.80 | 19.57 |
|         8 | 18.75 | 19.33 | 18.71 | 16.86 | 19.37 | 19.02 | 19.25 | 20.46 | 18.92 | 19.64 | 19.86 | 19.23 | 18.07 | 17.78 | 18.69 | 19.79 | 18.72 | 20.07 | 19.23 | 21.22 | 18.82 | 18.88 | 18.43 | 18.67 | 20.89 | 18.57 | 20.42 | 18.32 | 18.85 | 18.64 | 18.79 | 18.42 | 19.00 | 17.05 | 20.27 | 19.17 | 19.05 | 18.26 | 16.18 | 20.50 |
|         9 | 20.57 | 19.67 | 19.37 | 17.96 | 20.32 | 20.26 | 20.59 | 20.93 | 18.89 | 20.17 | 20.27 | 19.87 | 18.45 | 18.83 | 19.66 | 20.81 | 19.96 | 23.03 | 20.06 | 20.82 | 20.76 | 18.45 | 18.49 | 18.68 | 21.47 | 19.34 | 22.18 | 19.61 | 19.81 | 18.27 | 19.61 | 20.70 | 19.67 | 18.95 | 20.12 | 19.68 | 19.64 | 18.62 | 18.66 | 20.52 |
|        10 | 20.29 | 20.85 | 19.08 | 18.76 | 19.85 | 21.37 | 21.34 | 20.64 | 20.28 | 19.96 | 20.16 | 19.64 | 19.48 | 20.45 | 19.59 | 22.42 | 19.84 | 23.35 | 19.30 | 20.89 | 21.07 | 18.15 | 18.08 | 20.09 | 21.18 | 19.36 | 22.74 | 19.37 | 20.25 | 20.30 | 19.02 | 21.31 | 19.75 | 19.18 | 20.97 | 19.72 | 20.68 | 18.91 | 18.91 | 21.54 |
|        11 | 20.64 | 21.42 | 20.66 | 19.37 | 20.23 | 22.95 | 21.07 | 22.13 | 20.67 | 21.58 | 19.52 | 21.03 | 19.56 | 20.83 | 20.30 | 22.38 | 20.23 | 23.76 | 19.66 | 20.99 | 20.82 | 19.44 | 18.04 | 21.16 | 21.08 | 20.56 | 22.30 | 20.48 | 21.51 | 20.60 | 19.93 | 21.28 | 20.57 | 21.65 | 21.81 | 19.75 | 22.38 | 20.50 | 19.52 | 21.81 |
|        12 | 22.23 | 21.12 | 21.75 | 20.42 | 19.66 | 21.81 | 20.80 | 23.10 | 20.10 | 20.94 | 18.41 | 22.29 | 21.04 | 19.80 | 20.65 | 23.10 | 20.28 | 23.67 | 21.61 | 23.79 | 20.28 | 21.98 | 19.63 | 21.01 | 21.65 | 20.28 | 21.46 | 20.49 | 21.33 | 20.69 | 21.76 | 20.06 | 21.67 | 20.63 | 22.15 | 20.16 | 23.51 | 21.76 | 19.53 | 20.95 |
|        13 | 23.33 | 21.57 | 22.92 | 20.98 | 19.70 | 21.36 | 23.51 | 22.77 | 19.31 | 23.80 | 18.89 | 23.53 | 20.85 | 21.23 | 22.22 | 22.85 | 21.81 | 22.72 | 22.79 | 25.60 | 22.58 | 22.60 | 21.34 | 22.29 | 20.98 | 20.69 | 21.75 | 21.94 | 21.72 | 23.07 | 20.88 | 20.22 | 22.16 | 20.99 | 23.21 | 21.49 | 23.62 | 20.62 | 19.38 | 22.17 |
|        14 | 22.34 | 22.29 | 25.17 | 22.68 | 20.13 | 20.33 | 27.00 | 23.96 | 20.27 | 23.59 | 19.24 | 25.05 | 19.83 | 21.83 | 28.04 | 23.25 | 24.85 | 22.84 | 26.74 | 25.86 | 26.36 | 22.72 | 21.84 | 23.33 | 23.00 | 20.29 | 24.95 | 24.61 | 24.72 | 23.91 | 19.73 | 20.85 | 23.11 | 22.31 | 23.86 | 20.66 | 25.09 | 20.80 | 18.94 | 23.37 |
|        15 | 24.75 | 24.88 | 26.91 | 27.85 | 25.83 | 22.49 | 26.58 | 24.28 | 22.83 | 24.16 | 20.14 | 27.22 | 20.24 | 23.60 | 26.95 | 25.02 | 28.10 | 23.96 | 27.88 | 28.67 | 29.07 | 25.58 | 25.41 | 27.01 | 23.08 | 24.33 | 26.24 | 26.85 | 26.95 | 25.97 | 19.95 | 26.72 | 23.23 | 24.74 | 27.56 | 22.93 | 26.91 | 23.30 | 21.65 | 24.66 |
|        16 | 28.91 | 28.11 | 30.19 | 26.34 | 29.47 | 26.49 | 28.97 | 24.76 | 28.39 | 28.32 | 24.79 | 27.13 | 21.26 | 29.65 | 25.72 | 30.69 | 28.00 | 32.21 | 30.82 | 28.50 | 29.26 | 28.52 | 26.65 | 28.64 | 27.09 | 28.15 | 30.83 | 29.34 | 28.42 | 26.40 | 21.47 | 30.27 | 24.28 | 25.77 | 27.98 | 25.44 | 28.38 | 24.57 | 23.98 | 27.68 |
|        17 | 30.85 | 29.38 | 28.64 | 27.69 | 26.50 | 25.98 | 27.08 | 25.98 | 27.00 | 28.08 | 27.78 | 27.62 | 24.94 | 25.62 | 27.72 | 28.79 | 27.64 | 30.67 | 25.34 | 28.67 | 26.69 | 25.72 | 24.93 | 30.62 | 26.89 | 25.88 | 25.47 | 28.16 | 28.23 | 25.96 | 24.00 | 25.72 | 31.00 | 27.61 | 25.68 | 25.10 | 30.55 | 30.22 | 27.21 | 26.36 |
|        18 | 27.27 | 27.30 | 26.94 | 27.10 | 27.73 | 28.14 | 27.30 | 27.34 | 27.77 | 27.84 | 26.58 | 26.47 | 25.09 | 26.52 | 26.61 | 28.05 | 25.66 | 28.17 | 26.14 | 27.33 | 28.21 | 26.40 | 26.91 | 28.53 | 24.33 | 26.17 | 27.17 | 26.86 | 26.43 | 27.54 | 25.98 | 26.79 | 27.45 | 27.43 | 27.77 | 28.96 | 28.67 | 27.32 | 25.69 | 28.45 |
|        19 | 28.02 | 27.82 | 27.75 | 27.64 | 29.11 | 27.81 | 27.54 | 32.21 | 28.96 | 28.07 | 27.93 | 27.00 | 26.63 | 28.71 | 30.80 | 31.73 | 28.80 | 28.95 | 27.52 | 30.53 | 30.20 | 26.36 | 29.25 | 27.86 | 26.26 | 28.18 | 28.32 | 29.09 | 27.21 | 28.01 | 28.85 | 28.49 | 26.80 | 29.33 | 28.68 | 28.67 | 30.01 | 28.80 | 27.52 | 26.95 |
|        20 | 30.27 | 28.98 | 29.77 | 30.35 | 33.50 | 28.28 | 29.74 | 35.17 | 31.05 | 30.17 | 31.51 | 29.13 | 28.92 | 30.09 | 33.00 | 32.47 | 31.53 | 31.83 | 32.14 | 32.07 | 35.21 | 30.89 | 32.27 | 29.08 | 27.76 | 31.27 | 32.09 | 33.07 | 33.09 | 29.71 | 30.22 | 28.47 | 27.54 | 30.96 | 33.20 | 30.02 | 30.93 | 29.76 | 29.28 | 27.69 |
|        21 | 33.97 | 32.11 | 32.29 | 34.42 | 32.92 | 33.90 | 29.85 | 32.98 | 31.70 | 33.04 | 33.35 | 30.18 | 32.38 | 31.22 | 32.84 | 34.13 | 33.32 | 33.34 | 30.89 | 33.27 | 34.76 | 33.83 | 33.71 | 29.76 | 30.68 | 31.00 | 33.80 | 34.06 | 34.40 | 33.49 | 32.28 | 30.43 | 28.08 | 32.10 | 37.84 | 32.05 | 33.42 | 31.86 | 31.40 | 32.32 |
|        22 | 35.17 | 33.67 | 28.77 | 34.75 | 32.29 | 34.08 | 34.27 | 33.46 | 30.69 | 34.08 | 31.89 | 31.88 | 34.27 | 35.62 | 31.50 | 33.51 | 30.43 | 35.24 | 30.88 | 31.27 | 32.64 | 34.25 | 32.35 | 29.70 | 31.99 | 32.10 | 34.93 | 33.41 | 33.80 | 36.28 | 35.18 | 32.54 | 30.71 | 33.50 | 35.51 | 32.84 | 34.58 | 33.08 | 35.92 | 33.85 |
|        23 | 35.41 | 33.41 | 29.87 | 33.64 | 34.51 | 31.67 | 32.16 | 34.66 | 32.51 | 33.70 | 31.55 | 31.60 | 34.43 | 34.27 | 33.24 | 33.43 | 30.89 | 34.50 | 32.00 | 31.13 | 33.56 | 33.76 | 31.26 | 30.50 | 34.10 | 31.46 | 31.74 | 34.41 | 33.97 | 32.71 | 34.37 | 34.72 | 34.69 | 34.15 | 33.65 | 31.46 | 34.11 | 33.29 | 32.20 | 31.29 |
|        24 | 34.53 | 32.43 | 31.26 | 34.62 | 34.62 | 33.65 | 31.05 | 34.80 | 33.80 | 34.37 | 32.46 | 31.12 | 33.03 | 33.23 | 34.65 | 33.29 | 31.14 | 34.98 | 32.52 | 32.70 | 33.69 | 32.67 | 33.02 | 30.65 | 31.17 | 32.63 | 32.52 | 34.16 | 33.47 | 34.41 | 33.81 | 30.98 | 33.83 | 34.88 | 34.63 | 32.92 | 34.67 | 31.97 | 33.26 | 31.56 |
|        25 | 34.77 | 33.67 | 31.35 | 33.86 | 35.45 | 34.79 | 34.03 | 34.93 | 35.58 | 35.15 | 32.42 | 31.87 | 32.98 | 34.53 | 35.85 | 34.21 | 32.46 | 36.14 | 33.43 | 34.16 | 34.73 | 33.09 | 32.99 | 31.24 | 33.03 | 33.51 | 32.56 | 34.85 | 33.89 | 35.13 | 34.79 | 32.43 | 33.41 | 34.41 | 34.13 | 33.96 | 34.11 | 33.81 | 33.47 | 33.89 |
|        26 | 35.38 | 34.53 | 31.62 | 34.96 | 36.75 | 35.87 | 34.16 | 36.66 | 36.01 | 35.07 | 32.86 | 33.20 | 33.88 | 36.44 | 36.24 | 35.25 | 33.49 | 36.36 | 34.58 | 35.20 | 35.88 | 32.97 | 33.44 | 32.42 | 34.13 | 33.40 | 32.09 | 34.54 | 34.07 | 35.01 | 34.33 | 33.15 | 33.91 | 33.85 | 34.40 | 34.97 | 35.00 | 34.04 | 33.83 | 35.23 |
|        27 | 35.55 | 35.50 | 32.27 | 34.38 | 37.05 | 34.83 | 33.47 | 38.36 | 36.37 | 36.12 | 33.34 | 33.56 | 34.86 | 35.84 | 36.04 | 36.55 | 33.55 | 38.97 | 35.22 | 35.35 | 35.72 | 33.98 | 34.03 | 33.78 | 32.91 | 35.00 | 32.59 | 34.45 | 33.87 | 35.24 | 35.17 | 34.22 | 34.17 | 33.04 | 36.05 | 34.62 | 35.47 | 35.52 | 33.99 | 35.26 |
|        28 | 36.10 | 36.10 | 32.48 | 35.26 | 38.99 | 35.92 | 32.77 | 37.16 | 36.80 | 36.37 | 34.68 | 32.93 | 34.28 | 36.40 | 37.27 | 36.86 | 33.91 | 38.80 | 34.02 | 36.12 | 35.09 | 33.64 | 34.88 | 34.26 | 33.25 | 35.29 | 31.63 | 35.49 | 33.76 | 34.78 | 36.80 | 34.75 | 34.10 | 33.15 | 34.72 | 35.85 | 35.65 | 36.99 | 34.89 | 35.48 |
|        29 | 36.55 | 36.13 | 33.18 | 34.74 | 38.52 | 36.75 | 33.51 | 37.62 | 36.64 | 36.01 | 35.83 | 33.86 | 35.88 | 36.27 | 37.83 | 36.89 | 33.60 | 39.58 | 34.02 | 38.23 | 35.20 | 33.19 | 35.85 | 34.65 | 33.91 | 36.17 | 31.29 | 35.15 | 34.53 | 35.20 | 35.77 | 35.18 | 34.39 | 34.58 | 34.80 | 36.28 | 35.91 | 38.00 | 35.99 | 35.46 |
|        30 | 36.89 | 36.49 | 34.58 | 34.49 | 37.78 | 37.08 | 34.12 | 36.61 | 36.61 | 35.32 | 37.32 | 35.30 | 36.63 | 36.67 | 36.92 | 34.46 | 32.31 | 37.22 | 34.16 | 37.27 | 34.31 | 33.98 | 36.77 | 34.68 | 35.28 | 37.82 | 33.39 | 35.84 | 35.18 | 32.19 | 34.80 | 35.80 | 34.24 | 35.73 | 36.10 | 37.19 | 35.11 | 38.77 | 36.26 | 33.98 |
|        31 | 37.47 | 34.94 | 34.49 | 33.22 | 33.91 | 37.75 | 33.37 | 32.98 | 35.59 | 33.55 | 37.68 | 36.47 | 34.07 | 33.64 | 35.00 | 32.14 | 29.40 | 34.43 | 34.22 | 35.50 | 35.05 | 32.26 | 36.26 | 33.84 | 35.44 | 37.84 | 34.23 | 34.39 | 35.26 | 30.69 | 34.20 | 34.50 | 32.54 | 35.85 | 36.17 | 37.32 | 34.03 | 37.12 | 34.45 | 32.54 |
|        32 | 36.51 | 32.69 | 33.35 | 33.12 | 33.03 | 36.72 | 32.86 | 31.06 | 34.80 | 33.19 | 36.17 | 36.63 | 31.78 | 33.10 | 33.65 | 31.02 | 27.96 | 32.67 | 32.71 | 34.02 | 36.19 | 33.81 | 36.03 | 31.74 | 35.07 | 36.22 | 35.04 | 33.34 | 33.89 | 30.28 | 33.38 | 34.12 | 31.56 | 35.02 | 34.71 | 36.66 | 33.07 | 35.43 | 33.35 | 31.05 |
|        33 | 36.53 | 31.71 | 32.82 | 32.26 | 32.38 | 35.46 | 32.15 | 31.23 | 33.57 | 33.73 | 34.28 | 35.45 | 30.40 | 32.27 | 33.22 | 29.88 | 27.00 | 31.12 | 31.13 | 32.48 | 34.40 | 32.16 | 36.34 | 30.79 | 33.90 | 33.88 | 35.95 | 33.50 | 31.43 | 30.24 | 33.92 | 34.35 | 32.55 | 35.19 | 35.17 | 36.15 | 33.80 | 33.96 | 34.03 | 30.58 |
|        34 | 35.23 | 34.07 | 32.96 | 36.04 | 30.64 | 35.44 | 31.62 | 32.06 | 33.76 | 34.23 | 34.37 | 36.32 | 31.00 | 32.65 | 33.94 | 30.17 | 27.26 | 30.18 | 31.03 | 34.00 | 33.29 | 32.07 | 36.94 | 31.67 | 32.95 | 32.36 | 38.92 | 32.88 | 35.13 | 31.09 | 33.28 | 33.79 | 34.88 | 35.08 | 34.63 | 35.16 | 36.26 | 33.15 | 32.57 | 30.08 |
|        35 | 34.72 | 33.18 | 32.75 | 31.95 | 29.44 | 35.73 | 31.28 | 31.92 | 34.91 | 34.52 | 34.68 | 34.21 | 30.20 | 31.07 | 33.61 | 29.47 | 26.72 | 29.83 | 30.56 | 34.27 | 34.45 | 32.60 | 35.53 | 29.23 | 31.77 | 31.70 | 37.33 | 33.06 | 33.10 | 30.81 | 32.45 | 33.88 | 33.69 | 36.70 | 32.99 | 35.32 | 32.18 | 32.63 | 32.64 | 29.73 |
|        36 | 32.91 | 31.60 | 32.04 | 31.90 | 30.50 | 32.32 | 29.17 | 31.66 | 31.39 | 33.74 | 34.58 | 29.78 | 29.67 | 31.22 | 32.41 | 30.44 | 26.62 | 30.23 | 30.74 | 32.23 | 33.44 | 30.75 | 34.26 | 26.46 | 33.08 | 31.43 | 39.24 | 33.52 | 31.21 | 29.07 | 30.15 | 32.12 | 31.26 | 33.60 | 30.90 | 32.71 | 29.67 | 32.88 | 32.19 | 30.61 |
|        37 | 30.72 | 29.55 | 31.60 | 30.31 | 29.68 | 30.22 | 27.38 | 31.47 | 31.47 | 32.51 | 33.90 | 29.14 | 26.70 | 30.45 | 31.84 | 29.66 | 25.84 | 29.56 | 30.19 | 32.58 | 32.38 | 29.91 | 32.51 | 28.48 | 29.81 | 30.71 | 31.79 | 30.20 | 30.88 | 27.21 | 28.43 | 32.86 | 29.24 | 31.83 | 30.33 | 31.44 | 29.32 | 31.50 | 30.82 | 27.89 |
|        38 | 30.42 | 26.98 | 29.68 | 28.43 | 28.52 | 28.60 | 26.95 | 28.29 | 28.85 | 29.91 | 30.95 | 27.49 | 24.51 | 27.71 | 29.31 | 26.94 | 24.11 | 26.95 | 29.03 | 31.29 | 30.38 | 28.13 | 29.17 | 24.59 | 27.86 | 28.33 | 31.03 | 27.75 | 29.26 | 25.35 | 26.63 | 29.61 | 28.59 | 29.39 | 30.16 | 29.58 | 26.31 | 28.36 | 28.64 | 26.22 |
|        39 | 25.71 | 24.71 | 25.57 | 25.53 | 26.58 | 26.88 | 24.43 | 24.85 | 25.26 | 27.52 | 27.38 | 25.16 | 23.37 | 25.97 | 27.27 | 23.57 | 21.86 | 24.14 | 26.78 | 26.63 | 29.57 | 25.25 | 26.50 | 21.49 | 26.30 | 25.71 | 26.87 | 24.28 | 25.41 | 22.35 | 23.52 | 27.32 | 26.44 | 27.53 | 26.86 | 26.84 | 24.56 | 26.53 | 26.59 | 22.73 |
|        40 | 23.51 | 22.27 | 23.62 | 22.76 | 23.34 | 24.69 | 22.25 | 20.52 | 22.25 | 24.30 | 25.07 | 22.75 | 21.50 | 22.82 | 24.70 | 21.81 | 18.97 | 20.97 | 24.43 | 25.60 | 28.15 | 21.73 | 24.46 | 18.47 | 22.92 | 23.24 | 25.10 | 20.64 | 23.20 | 18.96 | 19.61 | 23.47 | 23.78 | 24.83 | 24.16 | 25.54 | 22.00 | 24.53 | 24.86 | 19.89 |
|        41 | 22.24 | 19.75 | 21.60 | 21.05 | 20.66 | 22.13 | 20.33 | 19.66 | 20.31 | 22.05 | 22.82 | 21.62 | 19.38 | 20.68 | 22.21 | 19.90 | 17.39 | 19.03 | 23.55 | 24.20 | 26.47 | 19.23 | 23.66 | 17.59 | 20.36 | 20.60 | 23.91 | 18.66 | 22.11 | 16.78 | 17.18 | 21.07 | 21.95 | 22.71 | 22.43 | 24.08 | 20.00 | 23.42 | 23.06 | 17.50 |
|        42 | 21.44 | 18.40 | 20.07 | 19.84 | 19.32 | 20.23 | 19.59 | 18.03 | 19.58 | 20.57 | 21.43 | 20.07 | 17.15 | 18.48 | 19.81 | 19.16 | 16.29 | 17.70 | 22.29 | 22.79 | 25.35 | 18.12 | 23.05 | 18.16 | 20.51 | 19.07 | 22.98 | 18.31 | 20.88 | 14.92 | 17.30 | 20.66 | 21.22 | 21.46 | 21.89 | 22.62 | 18.25 | 22.60 | 21.46 | 16.40 |
|        43 | 20.74 | 17.71 | 19.78 | 19.18 | 18.15 | 18.70 | 17.87 | 16.96 | 18.62 | 19.56 | 20.20 | 18.66 | 15.98 | 17.16 | 18.47 | 18.27 | 15.94 | 17.07 | 20.38 | 21.03 | 23.43 | 17.29 | 22.40 | 18.66 | 20.26 | 17.99 | 21.85 | 18.16 | 19.90 | 14.15 | 17.68 | 19.90 | 20.34 | 20.94 | 21.67 | 20.55 | 16.99 | 21.63 | 20.04 | 15.18 |
|        44 | 19.58 | 16.24 | 18.92 | 19.51 | 16.59 | 18.48 | 16.48 | 17.41 | 17.35 | 18.51 | 18.85 | 17.30 | 15.94 | 18.00 | 17.66 | 17.17 | 15.66 | 16.57 | 19.01 | 19.89 | 23.02 | 17.20 | 21.21 | 17.99 | 18.54 | 16.33 | 20.95 | 17.61 | 18.81 | 13.37 | 17.40 | 19.21 | 19.08 | 19.57 | 21.32 | 18.75 | 16.50 | 20.38 | 19.30 | 13.83 |
|        45 | 18.46 | 15.21 | 18.55 | 18.72 | 15.48 | 17.81 | 16.04 | 16.64 | 15.92 | 17.59 | 17.46 | 16.36 | 15.46 | 18.89 | 16.97 | 15.98 | 14.73 | 16.58 | 18.76 | 19.31 | 22.17 | 17.15 | 20.01 | 16.93 | 15.98 | 15.12 | 19.46 | 15.06 | 18.10 | 13.38 | 16.45 | 18.68 | 17.54 | 18.64 | 19.94 | 17.88 | 16.01 | 19.08 | 18.85 | 14.02 |
|        46 | 17.59 | 15.18 | 17.56 | 17.22 | 14.90 | 16.40 | 15.28 | 14.24 | 14.40 | 16.74 | 16.35 | 15.65 | 13.88 | 18.83 | 15.20 | 15.02 | 13.48 | 15.81 | 17.88 | 18.29 | 20.91 | 16.84 | 19.24 | 15.30 | 13.55 | 13.94 | 17.55 | 12.59 | 17.25 | 13.52 | 14.67 | 17.99 | 16.46 | 17.57 | 18.70 | 17.59 | 15.65 | 18.04 | 17.80 | 13.77 |
|        47 | 16.69 | 15.05 | 16.13 | 16.24 | 14.55 | 15.66 | 14.45 | 12.48 | 12.84 | 15.80 | 15.14 | 14.50 | 13.30 | 17.08 | 13.65 | 13.82 | 12.55 | 14.33 | 16.93 | 17.13 | 19.21 | 15.78 | 17.92 | 14.84 | 11.85 | 12.42 | 15.78 | 11.38 | 16.02 | 12.66 | 13.07 | 18.31 | 14.99 | 16.59 | 17.47 | 16.97 | 14.91 | 16.15 | 16.30 | 11.85 |
|        48 | 15.66 | 14.47 | 14.95 | 15.81 | 13.40 | 15.01 | 14.05 | 11.25 | 11.67 | 13.93 | 13.33 | 12.25 | 12.53 | 15.62 | 12.61 | 12.54 | 11.96 | 13.06 | 15.76 | 16.39 | 16.71 | 14.37 | 16.94 | 14.15 | 10.44 | 11.17 | 15.06 | 11.55 | 15.20 | 11.36 | 11.98 | 17.90 | 14.08 | 15.30 | 16.77 | 15.75 | 13.86 | 15.30 | 15.52 | 10.17 |
|        51 | 13.65 | 10.40 | 13.45 | 13.09 |  9.46 | 11.38 | 13.79 |  7.70 |  9.88 | 12.17 |  9.87 |  7.25 |  9.05 | 12.01 | 14.38 | 10.83 |  8.72 | 10.65 | 10.65 | 12.03 | 13.51 | 12.38 | 12.73 | 12.44 |  8.31 |  9.73 | 12.62 | 11.92 | 11.60 | 13.52 |  7.06 | 14.75 | 12.04 | 13.90 | 14.50 | 12.45 |  9.10 | 11.11 | 14.47 |  8.17 |
|        54 | 12.78 |  9.36 | 10.61 | 12.33 |  7.90 |  9.57 | 10.23 |  6.98 |  4.00 | 11.59 | 11.41 |  7.34 | 10.35 |  9.23 | 14.65 |  8.16 |  6.97 | 10.69 |  7.71 | 12.40 | 10.05 |  7.71 | 13.79 | 16.48 |  7.55 | 10.31 |  7.67 | 12.99 |  6.67 | 15.37 |  7.14 | 11.44 |  8.39 |  9.10 | 11.02 | 13.09 |  8.38 |  6.34 | 13.05 |  7.24 |
|        57 | 11.58 | 10.35 |  7.06 | 14.88 | 10.90 | 13.74 |  8.58 |  6.81 |  2.69 | 11.55 |  9.77 |  9.88 | 13.67 |  6.99 | 12.68 |  8.16 |  5.91 |  8.06 |  8.08 | 11.33 | 12.05 |  5.67 | 12.43 | 14.99 |  2.23 |  7.96 |  7.28 | 17.61 |  5.53 | 16.68 |  9.45 | 14.88 | 10.31 | 11.35 | 10.48 | 16.01 |  5.86 |  4.17 | 14.72 |  9.41 |
|        60 |  6.08 | 12.43 |  3.75 | 19.37 |  6.73 |  6.95 |  5.98 |  8.60 |  9.88 | 12.40 |  3.33 |  7.58 | 12.20 |  6.56 | 15.49 |  2.83 | 13.56 |  8.61 | 11.36 | 10.62 |  9.88 |  6.14 | 16.03 | 21.40 | 10.71 |  7.08 | 10.03 | 13.55 |  6.04 | 20.86 | 13.45 | 10.64 | 14.16 | 10.13 |  7.72 | 18.74 |  5.54 |  9.81 | 14.86 |  2.77 |
|        63 | 10.45 | 11.25 | 10.34 | 25.64 |  1.88 | 10.00 | 11.25 |  9.07 |  7.78 | 10.96 | 13.45 |  7.27 |  8.20 | 13.28 | 17.85 |  7.56 | 14.38 | 10.18 | 11.79 | 10.36 |  8.99 |  9.59 | 13.50 | 20.84 | 13.11 | 10.72 | 12.79 | 18.46 | 10.10 | 10.28 | 10.84 | 13.23 | 12.21 |  9.78 | 12.21 | 14.96 |  8.89 | 11.43 | 14.55 | 10.05 |
|        66 | 12.64 | 12.13 | 10.62 | 20.51 |  6.20 | 12.54 | 11.60 |  9.03 | 10.33 |  9.48 | 15.47 |  9.85 | 10.14 | 11.10 | 15.53 | 11.35 | 11.43 | 12.47 | 14.29 | 10.56 |  8.37 |  8.29 | 18.03 | 11.39 | 13.31 | 10.29 | 10.97 | 11.43 |  8.92 | 11.69 |  8.43 |  9.79 | 12.62 |  8.52 | 10.60 | 11.35 |  6.58 |  9.47 | 12.74 |  9.66 |
|        69 | 14.51 | 18.20 | 12.08 | 17.66 | 11.64 | 13.52 | 10.94 |  8.43 | 11.11 | 16.11 |  9.77 |  8.32 | 11.04 | 13.43 | 11.90 | 10.98 | 10.75 | 11.74 |  9.66 | 11.79 | 11.00 | 12.15 | 17.91 | 24.96 | 17.07 | 10.32 |  8.91 |  8.17 |  9.32 | 15.16 |  7.93 |  5.18 |  9.87 |  7.74 | 10.65 | 20.01 |  7.10 |  8.99 | 19.28 | 10.10 |
|        72 | 12.98 | 16.13 | 10.60 | 16.88 | 12.63 | 18.36 |  8.53 |  1.67 | 12.80 | 19.53 | 10.94 |  7.30 | 15.54 | 10.70 |  8.95 | 10.35 |  7.93 | 10.68 |  7.90 | 16.07 | 13.94 | 15.93 | 14.58 | 18.38 | 17.00 | 10.10 | 11.09 |  8.07 | 11.66 | 12.02 |  4.91 | 14.36 |  9.42 |  6.74 |  9.15 | 18.38 |  6.21 |  8.34 | 16.43 | 12.22 |
|        78 | 14.91 | 10.39 |  9.76 | 11.80 | 14.62 | 18.35 | 13.37 |  5.90 | 11.85 | 17.13 |  5.48 | 11.30 | 17.06 | 10.81 | 11.27 | 13.70 | 12.43 | 10.07 | 18.34 | 17.97 | 11.75 | 15.49 | 16.69 | 18.10 | 15.76 | 17.68 | 15.57 |  9.73 | 14.39 | 14.05 |  7.51 | 14.05 | 12.18 |  5.96 | 12.48 | 18.86 |  4.81 |  8.83 | 14.76 | 13.56 |
|        84 | 16.13 | 11.87 | 14.89 | 15.72 | 19.84 | 15.43 | 16.65 |  9.32 | 12.19 | 20.21 |  8.52 | 14.22 | 23.53 | 12.18 | 12.22 | 14.22 | 15.93 | 12.98 | 17.97 | 23.73 | 13.75 | 16.48 | 25.78 | 25.87 | 17.32 | 18.85 | 23.85 | 14.61 | 18.56 | 20.72 | 12.31 | 14.18 | 16.07 | 11.01 | 13.90 | 24.62 |  7.94 | 17.10 | 11.62 | 20.22 |
|        90 | 13.78 | 20.74 |  6.60 | 15.29 | 22.05 | 22.67 |  8.36 |  7.24 |  5.49 |  4.24 |  8.82 | 16.81 | 29.20 | 12.49 |  9.63 | 19.13 | 18.59 | 18.39 |  3.22 | 29.70 |  5.29 | 16.54 | 31.06 | 29.36 |  6.04 |  4.99 | 25.27 |  7.78 | 20.14 | 19.34 | 13.90 |  7.70 | 12.26 | 15.06 |  5.64 | 32.68 |  9.30 | 15.43 | 20.57 | 24.63 |
|        96 | 23.67 | 24.63 |  8.27 | 21.49 | 28.74 | 25.19 | 19.38 |  4.90 |  4.51 | 10.07 | 14.09 | 19.00 | 28.30 | 19.26 | 10.41 | 27.79 | 24.13 | 22.97 |  2.77 | 30.04 | 24.26 | 20.23 | 33.78 | 27.20 |  4.75 |  2.48 | 28.95 |  3.96 | 26.88 | 29.50 | 18.40 | 18.36 | 17.70 | 19.97 |  8.18 | 29.66 | 11.33 | 21.92 | 26.52 | 28.12 |
|       102 | 20.68 | 24.09 | 10.07 | 23.55 | 25.73 | 25.51 | 18.75 |  5.46 |  4.45 | 18.10 | 16.77 | 19.09 | 30.56 | 18.96 | 16.37 | 27.23 | 22.10 | 20.82 |  3.16 | 29.83 | 22.39 | 18.37 | 26.83 | 27.41 |  1.19 | 17.61 | 29.36 |  5.33 | 26.66 | 25.92 | 20.18 | 21.64 | 20.34 | 23.43 |  8.18 | 17.28 | 19.25 | 22.07 | 26.62 | 17.04 |
|       108 | 24.73 | 26.70 | 14.01 | 25.23 | 24.38 | 26.83 | 14.77 |  8.76 |  6.28 | 21.01 | 18.68 | 22.65 | 32.85 | 20.53 |  8.74 | 31.91 | 26.12 | 22.93 |  6.38 | 26.60 | 25.87 | 18.81 | 29.88 | 27.47 |  5.17 | 24.06 | 33.05 |  7.46 | 29.97 | 27.88 | 21.13 | 22.80 | 23.71 | 24.27 | 11.89 | 22.99 | 21.50 | 24.54 | 26.75 | 21.66 |
|       114 | 16.38 | 18.39 | 13.38 | 14.50 | 14.31 | 20.12 | 11.20 |  8.80 |  5.00 | 10.46 | 14.43 | 18.05 | 27.91 | 19.75 | 11.35 | 22.88 | 17.52 | 18.29 | 10.85 | 11.41 | 12.34 |  9.42 | 21.35 | 21.86 |  2.63 | 14.42 | 21.86 |  4.48 | 18.00 | 17.22 | 14.62 | 16.84 | 15.24 | 10.25 | 12.17 | 18.22 | 21.03 | 16.82 | 12.54 | 17.19 |
|       120 | 13.85 | 12.23 | 10.70 | 10.27 | 12.56 | 17.65 | 15.66 |  9.06 |  6.75 |  7.47 |  8.49 | 14.55 | 16.95 | 15.96 | 15.00 | 12.87 | 14.20 | 11.91 |  8.10 |  9.61 |  9.09 |  5.76 | 14.83 | 10.20 |  5.25 | 10.31 | 11.31 |  1.01 |  9.58 |  9.83 | 11.48 |  9.79 | 10.90 |  7.47 |  7.58 | 10.38 | 20.92 |  9.16 |  9.00 | 15.48 |
