# variable: Wind Gust at 10m, Maximum of Time Interval before fcst_hour
# units: km/h
# 
| fcst_hour |     1 |     2 |     3 |     4 |     5 |     6 |     7 |     8 |     9 |    10 |    11 |    12 |    13 |    14 |    15 |    16 |    17 |    18 |    19 |    20 |    21 |    22 |    23 |    24 |    25 |    26 |    27 |    28 |    29 |    30 |    31 |    32 |    33 |    34 |    35 |    36 |    37 |    38 |    39 |    40 |
|         1 | 17.50 |  9.77 | 14.02 | 12.74 | 10.25 | 14.31 | 12.85 | 15.23 | 15.75 | 13.31 | 13.93 | 10.12 |  6.24 | 19.71 | 13.61 |  7.99 | 17.42 | 13.25 | 14.31 | 13.27 | 14.47 |  8.29 | 13.13 | 11.69 | 15.73 | 12.94 |  9.47 | 13.29 |  8.78 | 11.71 | 11.16 | 17.30 | 10.03 | 12.98 | 13.62 |  7.59 | 10.44 | 11.79 | 15.25 | 13.02 |
|         2 | 18.38 |  9.91 | 12.32 | 16.87 | 10.80 | 14.16 | 11.37 | 15.42 | 13.85 | 11.46 |  9.40 |  9.93 |  5.79 | 19.24 | 14.68 |  7.71 | 12.84 | 12.15 | 14.12 | 12.14 | 14.63 |  6.91 | 11.46 | 10.44 |  9.42 | 13.58 |  9.66 | 12.64 |  8.87 | 11.74 | 11.90 | 16.51 |  9.29 | 13.15 | 13.40 |  6.96 |  8.69 | 10.81 | 14.15 | 12.37 |
|         3 | 18.25 | 10.75 | 10.78 | 19.76 | 13.24 | 18.20 | 12.29 | 15.32 | 13.61 | 11.37 |  9.96 | 10.68 |  5.78 | 16.78 | 16.52 |  8.09 |  9.96 | 10.83 | 13.98 | 10.68 | 14.49 |  9.49 | 12.07 | 11.40 |  8.84 | 13.83 |  9.88 | 12.78 |  8.43 | 11.92 | 12.46 | 17.98 | 11.21 | 13.92 | 14.26 |  8.04 | 10.53 | 10.97 | 14.70 | 12.87 |
|         4 | 19.55 | 10.96 | 10.73 | 19.88 | 13.42 | 18.22 | 12.84 | 16.38 | 14.62 | 11.47 | 13.41 | 13.20 |  6.89 | 16.96 | 16.78 |  9.06 | 11.19 | 11.56 | 13.95 |  9.56 | 13.48 | 13.06 | 12.83 | 12.97 | 10.10 | 14.12 | 10.58 | 13.52 |  7.87 | 11.96 | 12.93 | 22.68 | 12.00 | 14.81 | 14.92 |  8.14 | 12.44 | 10.85 | 14.17 | 13.59 |
|         5 | 20.93 | 12.68 | 11.90 | 19.76 | 12.72 | 17.79 | 13.78 | 18.71 | 18.24 | 11.43 | 13.89 | 15.07 |  8.00 | 17.66 | 15.69 | 10.18 | 14.00 | 12.39 | 14.28 |  9.81 | 16.99 | 13.83 | 13.43 | 12.97 | 11.68 | 14.91 | 12.21 | 13.91 |  8.76 | 11.95 | 14.35 | 23.08 | 13.96 | 15.08 | 16.32 |  8.93 | 12.30 | 11.81 | 18.04 | 13.93 |
|         6 | 24.12 | 16.27 | 14.90 | 21.97 | 14.83 | 17.51 | 16.12 | 18.42 | 21.79 | 12.58 | 13.05 | 17.47 |  9.00 | 18.74 | 13.79 | 14.50 | 18.11 | 14.96 | 16.11 |  9.75 | 19.04 | 15.18 | 22.33 | 13.91 | 13.65 | 16.20 | 12.66 | 15.20 |  9.17 | 13.79 | 16.47 | 22.86 | 15.88 | 15.89 | 20.45 |  8.81 | 17.84 | 12.63 | 22.25 | 16.05 |
|         7 | 25.53 | 21.98 | 16.04 | 24.23 | 15.81 | 20.28 | 17.32 | 22.04 | 25.07 | 14.02 | 14.90 | 20.72 |  9.57 | 20.92 | 14.00 | 14.59 | 19.89 | 15.92 | 19.16 | 11.03 | 21.85 | 18.29 | 23.86 | 16.17 | 16.06 | 18.10 | 13.27 | 17.80 | 10.02 | 20.40 | 17.46 | 22.72 | 16.72 | 17.06 | 26.41 |  9.86 | 22.92 | 15.09 | 25.05 | 19.42 |
|         8 | 27.69 | 25.53 | 16.22 | 24.35 | 17.58 | 25.67 | 18.27 | 29.29 | 26.94 | 15.84 | 14.91 | 24.53 | 10.70 | 23.24 | 14.58 | 21.95 | 22.62 | 15.88 | 24.66 | 14.34 | 21.88 | 20.21 | 23.96 | 17.59 | 17.82 | 20.67 | 15.12 | 25.22 | 12.69 | 24.38 | 18.99 | 22.73 | 17.86 | 17.35 | 26.55 | 12.12 | 27.10 | 25.73 | 26.63 | 20.25 |
|         9 | 30.59 | 28.37 | 18.73 | 24.80 | 19.92 | 28.06 | 24.16 | 31.44 | 26.69 | 22.10 | 16.54 | 27.83 | 11.51 | 24.41 | 17.70 | 25.89 | 28.66 | 16.50 | 31.41 | 15.73 | 19.48 | 25.71 | 22.86 | 21.08 | 20.52 | 26.48 | 17.60 | 26.41 | 17.48 | 27.15 | 21.20 | 22.92 | 21.15 | 17.23 | 23.92 | 14.75 | 30.41 | 31.78 | 26.44 | 21.88 |
|        10 | 32.30 | 28.99 | 18.95 | 28.08 | 33.52 | 28.91 | 24.31 | 31.73 | 24.69 | 23.40 | 23.09 | 33.85 | 11.51 | 25.91 | 23.51 | 30.00 | 29.43 | 17.35 | 31.99 | 15.98 | 22.57 | 28.58 | 28.17 | 30.38 | 33.01 | 31.59 | 20.91 | 23.71 | 24.26 | 27.39 | 24.57 | 23.01 | 22.96 | 17.60 | 23.40 | 21.00 | 30.41 | 31.74 | 24.86 | 24.23 |
|        11 | 34.32 | 29.67 | 16.54 | 28.31 | 33.51 | 29.15 | 25.98 | 31.30 | 24.23 | 23.15 | 35.23 | 38.44 | 13.16 | 29.53 | 29.78 | 30.79 | 30.02 | 18.78 | 29.30 | 17.46 | 30.49 | 32.37 | 32.10 | 31.49 | 34.56 | 33.83 | 27.63 | 19.36 | 24.97 | 27.48 | 32.67 | 22.83 | 28.92 | 19.13 | 23.52 | 31.20 | 27.80 | 30.63 | 28.11 | 24.55 |
|        12 | 30.08 | 29.90 | 23.58 | 29.47 | 31.79 | 28.86 | 23.90 | 28.22 | 28.34 | 23.47 | 33.29 | 39.28 | 17.83 | 27.22 | 31.87 | 30.89 | 30.03 | 19.47 | 22.42 | 17.71 | 30.25 | 32.44 | 31.05 | 31.33 | 32.24 | 25.76 | 33.01 | 26.23 | 24.02 | 30.76 | 33.80 | 22.57 | 32.08 | 28.90 | 25.60 | 34.79 | 25.67 | 22.38 | 27.53 | 20.49 |
|        13 | 29.70 | 24.93 | 24.80 | 30.73 | 29.64 | 27.86 | 18.23 | 26.27 | 28.78 | 25.00 | 29.02 | 32.84 | 17.89 | 20.53 | 31.43 | 25.90 | 30.20 | 19.41 | 21.11 | 19.30 | 23.74 | 22.65 | 25.13 | 21.03 | 21.15 | 20.93 | 29.52 | 25.44 | 21.74 | 31.04 | 32.79 | 27.73 | 32.69 | 27.71 | 24.33 | 27.31 | 20.96 | 26.66 | 21.88 | 24.66 |
|        14 | 25.12 | 16.55 | 20.13 | 23.14 | 27.74 | 24.32 | 18.04 | 29.95 | 34.59 | 27.15 | 28.33 | 23.33 | 18.41 | 17.39 | 27.53 | 19.92 | 28.29 | 19.49 | 30.24 | 20.30 | 26.30 | 21.57 | 25.12 | 19.36 | 20.11 | 20.78 | 25.67 | 20.44 | 18.30 | 31.82 | 27.46 | 27.55 | 31.01 | 24.15 | 26.58 | 28.19 | 17.79 | 26.67 | 21.48 | 23.06 |
|        15 | 23.89 | 19.56 | 20.84 | 22.43 | 22.19 | 28.25 | 23.11 | 33.19 | 35.46 | 27.31 | 27.17 | 22.84 | 18.67 | 19.51 | 25.83 | 21.53 | 29.45 | 20.10 | 31.81 | 21.98 | 31.84 | 25.49 | 22.09 | 20.32 | 22.78 | 23.21 | 27.24 | 24.58 | 18.71 | 33.87 | 33.51 | 25.51 | 25.93 | 24.90 | 27.50 | 37.28 | 20.38 | 27.31 | 27.80 | 23.12 |
|        16 | 24.56 | 21.80 | 26.60 | 26.10 | 26.04 | 28.53 | 23.78 | 34.28 | 37.21 | 27.31 | 20.84 | 24.38 | 21.91 | 20.35 | 25.93 | 21.60 | 30.73 | 20.92 | 32.91 | 23.44 | 36.83 | 26.38 | 21.89 | 20.20 | 28.42 | 26.24 | 26.03 | 27.04 | 22.72 | 33.58 | 33.54 | 27.89 | 23.21 | 30.02 | 26.26 | 37.27 | 26.67 | 27.12 | 30.09 | 33.39 |
|        17 | 26.79 | 24.66 | 26.98 | 32.84 | 30.72 | 25.73 | 23.76 | 34.04 | 35.87 | 28.80 | 19.42 | 26.47 | 22.31 | 20.72 | 24.52 | 23.21 | 30.25 | 21.63 | 33.72 | 24.37 | 33.62 | 27.97 | 23.89 | 21.86 | 32.18 | 27.10 | 23.69 | 27.24 | 24.68 | 34.60 | 28.89 | 30.17 | 24.64 | 28.89 | 21.26 | 38.87 | 28.30 | 24.58 | 29.95 | 33.68 |
|        18 | 26.96 | 25.42 | 24.60 | 33.50 | 32.49 | 23.35 | 25.72 | 31.84 | 28.15 | 30.22 | 20.22 | 28.88 | 23.88 | 20.66 | 28.36 | 23.23 | 25.16 | 21.73 | 33.28 | 24.79 | 26.36 | 27.84 | 29.25 | 22.59 | 30.99 | 26.43 | 26.53 | 26.23 | 28.33 | 38.16 | 28.16 | 33.31 | 26.36 | 23.15 | 21.10 | 39.47 | 29.43 | 23.94 | 28.34 | 31.29 |
|        19 | 27.77 | 24.86 | 24.04 | 32.43 | 36.46 | 22.88 | 29.39 | 32.98 | 31.41 | 30.18 | 31.71 | 29.72 | 24.69 | 22.35 | 28.74 | 23.01 | 23.70 | 21.04 | 33.36 | 23.67 | 24.94 | 23.94 | 31.98 | 23.86 | 29.06 | 25.79 | 29.27 | 29.38 | 27.94 | 38.80 | 27.46 | 34.96 | 27.52 | 22.90 | 22.15 | 37.01 | 30.31 | 24.79 | 26.71 | 29.87 |
|        20 | 30.60 | 24.63 | 24.93 | 32.78 | 35.75 | 27.92 | 32.43 | 36.66 | 35.28 | 30.66 | 33.53 | 28.96 | 28.19 | 26.22 | 33.02 | 27.00 | 24.70 | 22.57 | 34.89 | 22.50 | 27.68 | 26.76 | 33.32 | 28.65 | 29.04 | 27.94 | 29.30 | 32.36 | 29.12 | 38.55 | 31.63 | 36.15 | 27.83 | 24.20 | 23.87 | 39.29 | 32.46 | 25.93 | 24.93 | 25.08 |
|        21 | 31.84 | 25.74 | 29.12 | 32.64 | 32.62 | 32.69 | 35.11 | 37.49 | 39.97 | 33.06 | 33.80 | 29.83 | 32.06 | 27.69 | 33.01 | 30.30 | 27.83 | 25.04 | 37.64 | 24.67 | 30.54 | 28.08 | 33.87 | 33.20 | 27.96 | 31.95 | 28.19 | 33.63 | 29.06 | 36.31 | 35.73 | 36.68 | 29.39 | 26.08 | 26.31 | 38.98 | 35.14 | 26.07 | 28.39 | 32.94 |
|        22 | 32.17 | 26.84 | 33.24 | 31.22 | 38.27 | 38.38 | 36.70 | 39.78 | 42.93 | 33.09 | 38.13 | 32.42 | 33.99 | 32.03 | 37.99 | 31.57 | 36.11 | 30.39 | 37.60 | 26.84 | 31.70 | 30.67 | 33.95 | 36.27 | 32.94 | 36.76 | 29.13 | 35.69 | 30.99 | 38.47 | 36.75 | 43.28 | 31.14 | 30.26 | 28.96 | 41.10 | 35.55 | 26.95 | 37.46 | 36.09 |
|        23 | 34.14 | 28.65 | 37.79 | 39.45 | 39.66 | 40.74 | 36.44 | 45.12 | 44.13 | 35.12 | 38.21 | 36.99 | 35.11 | 34.39 | 38.68 | 33.30 | 39.82 | 34.50 | 37.42 | 27.83 | 33.95 | 31.78 | 38.17 | 40.19 | 38.56 | 40.71 | 29.18 | 36.19 | 34.20 | 43.05 | 37.71 | 43.41 | 32.70 | 33.80 | 30.03 | 42.63 | 35.31 | 29.79 | 37.94 | 36.13 |
|        24 | 39.02 | 33.18 | 41.90 | 40.99 | 39.88 | 40.03 | 37.78 | 44.91 | 44.10 | 36.51 | 42.06 | 37.70 | 36.46 | 38.53 | 40.79 | 36.31 | 39.75 | 42.39 | 38.40 | 32.02 | 39.51 | 37.94 | 39.62 | 40.28 | 38.28 | 40.74 | 28.94 | 36.19 | 36.27 | 43.24 | 41.47 | 44.11 | 38.35 | 38.54 | 36.68 | 44.01 | 35.10 | 36.32 | 36.63 | 35.70 |
|        25 | 43.08 | 39.00 | 41.87 | 41.71 | 44.81 | 45.57 | 41.04 | 42.74 | 43.78 | 37.63 | 42.67 | 38.56 | 37.11 | 39.10 | 40.63 | 37.46 | 40.03 | 43.04 | 41.71 | 42.67 | 40.36 | 41.95 | 44.48 | 37.32 | 37.20 | 39.45 | 33.49 | 39.83 | 39.95 | 43.05 | 45.06 | 50.15 | 43.28 | 38.88 | 40.52 | 43.46 | 34.38 | 44.27 | 37.40 | 41.77 |
|        26 | 45.52 | 42.08 | 38.37 | 41.94 | 44.54 | 46.25 | 44.53 | 43.71 | 48.78 | 41.90 | 43.44 | 46.00 | 43.75 | 42.80 | 43.43 | 37.38 | 45.90 | 48.12 | 47.82 | 43.76 | 40.84 | 44.21 | 48.55 | 38.89 | 36.93 | 42.75 | 36.93 | 40.77 | 39.15 | 44.88 | 50.23 | 51.03 | 43.26 | 42.19 | 41.01 | 44.89 | 43.03 | 42.89 | 45.88 | 41.75 |
|        27 | 46.58 | 46.42 | 37.39 | 44.21 | 45.67 | 47.35 | 45.87 | 44.52 | 48.20 | 46.44 | 41.58 | 46.46 | 45.80 | 44.63 | 47.40 | 44.27 | 46.29 | 50.44 | 47.69 | 44.32 | 42.19 | 41.80 | 48.82 | 41.81 | 41.04 | 44.11 | 44.81 | 43.36 | 39.75 | 44.22 | 47.56 | 51.91 | 47.57 | 48.33 | 49.32 | 50.75 | 45.68 | 40.77 | 46.92 | 46.74 |
|        28 | 47.28 | 46.63 | 45.49 | 47.51 | 50.35 | 53.56 | 47.43 | 49.94 | 46.12 | 45.59 | 45.62 | 42.74 | 51.67 | 46.16 | 49.42 | 47.44 | 46.09 | 52.96 | 51.65 | 47.84 | 50.41 | 44.63 | 47.45 | 49.76 | 41.55 | 50.00 | 48.08 | 50.30 | 47.27 | 49.17 | 51.52 | 50.69 | 47.32 | 51.87 | 49.37 | 51.59 | 44.68 | 44.58 | 46.70 | 50.27 |
|        29 | 47.35 | 46.88 | 49.31 | 46.81 | 50.74 | 54.43 | 47.59 | 49.86 | 44.73 | 49.77 | 47.05 | 49.96 | 51.64 | 47.17 | 49.34 | 52.65 | 46.11 | 52.97 | 52.60 | 47.99 | 52.21 | 50.21 | 47.93 | 52.35 | 45.01 | 50.58 | 47.92 | 50.28 | 46.38 | 49.49 | 51.36 | 44.56 | 47.17 | 50.76 | 49.50 | 51.90 | 51.36 | 44.96 | 48.07 | 51.36 |
|        30 | 44.90 | 50.98 | 50.08 | 45.47 | 50.96 | 55.35 | 42.71 | 50.35 | 46.98 | 50.70 | 49.09 | 51.85 | 45.87 | 47.71 | 47.49 | 52.51 | 47.40 | 49.52 | 50.07 | 48.88 | 51.52 | 50.52 | 47.24 | 50.14 | 47.83 | 47.92 | 46.04 | 49.33 | 45.10 | 48.52 | 51.44 | 44.88 | 50.23 | 44.21 | 53.68 | 53.75 | 51.27 | 47.55 | 53.83 | 50.76 |
|        31 | 43.26 | 50.95 | 51.37 | 45.87 | 49.49 | 54.20 | 42.90 | 49.79 | 46.45 | 49.04 | 48.98 | 50.65 | 42.35 | 47.07 | 45.81 | 52.52 | 47.19 | 48.99 | 46.81 | 48.88 | 50.22 | 48.50 | 47.78 | 43.23 | 48.31 | 46.24 | 48.29 | 49.10 | 49.73 | 48.16 | 46.93 | 43.81 | 49.40 | 39.16 | 53.72 | 52.92 | 48.73 | 47.54 | 52.92 | 49.81 |
|        32 | 40.26 | 50.27 | 49.76 | 44.78 | 41.60 | 48.63 | 43.45 | 47.02 | 41.28 | 48.95 | 47.90 | 48.44 | 40.90 | 47.72 | 42.27 | 48.04 | 41.74 | 43.96 | 41.29 | 48.62 | 47.74 | 47.35 | 47.27 | 38.53 | 47.58 | 40.96 | 47.10 | 47.11 | 50.08 | 46.50 | 43.64 | 41.68 | 46.56 | 37.24 | 50.88 | 52.35 | 46.72 | 46.55 | 49.82 | 50.24 |
|        33 | 41.04 | 43.93 | 47.14 | 43.33 | 40.75 | 43.49 | 43.45 | 41.70 | 40.03 | 46.01 | 46.73 | 47.00 | 39.50 | 47.54 | 40.67 | 43.03 | 40.98 | 39.24 | 38.16 | 48.87 | 42.18 | 42.42 | 44.96 | 38.91 | 47.92 | 41.33 | 42.41 | 43.32 | 49.23 | 38.77 | 40.89 | 38.78 | 46.57 | 36.15 | 49.82 | 45.06 | 44.34 | 44.50 | 47.75 | 52.22 |
|        34 | 40.97 | 42.58 | 47.06 | 42.26 | 44.92 | 44.99 | 42.88 | 43.15 | 38.17 | 41.97 | 39.57 | 45.98 | 43.07 | 44.45 | 40.71 | 44.16 | 44.29 | 38.32 | 36.80 | 51.81 | 45.55 | 41.23 | 39.06 | 42.93 | 50.24 | 41.50 | 43.08 | 41.94 | 49.25 | 38.16 | 47.78 | 36.28 | 43.45 | 39.23 | 43.98 | 46.06 | 37.84 | 41.48 | 45.38 | 42.44 |
|        35 | 46.00 | 49.14 | 46.91 | 39.38 | 47.49 | 45.27 | 40.96 | 42.88 | 37.19 | 44.42 | 49.71 | 45.29 | 44.79 | 44.02 | 44.63 | 44.68 | 46.74 | 39.72 | 35.88 | 51.93 | 44.64 | 41.42 | 45.75 | 45.61 | 54.21 | 42.75 | 44.61 | 46.20 | 47.45 | 40.61 | 49.07 | 40.76 | 42.76 | 44.93 | 39.69 | 53.75 | 42.95 | 46.65 | 43.55 | 44.42 |
|        36 | 42.17 | 49.79 | 44.36 | 37.10 | 44.72 | 44.76 | 39.31 | 49.71 | 35.75 | 46.57 | 45.84 | 43.53 | 42.45 | 44.69 | 42.53 | 43.73 | 46.23 | 42.57 | 35.88 | 44.31 | 39.62 | 41.55 | 44.76 | 45.89 | 51.73 | 46.02 | 50.98 | 46.65 | 47.74 | 42.48 | 49.60 | 40.65 | 44.69 | 47.61 | 38.80 | 51.59 | 44.43 | 49.33 | 45.47 | 45.41 |
|        37 | 37.48 | 47.22 | 41.42 | 32.11 | 38.45 | 37.39 | 38.03 | 49.50 | 31.96 | 42.62 | 46.09 | 43.54 | 39.02 | 39.29 | 38.67 | 42.07 | 45.77 | 41.77 | 32.95 | 42.22 | 39.25 | 40.69 | 42.35 | 41.79 | 49.66 | 42.41 | 48.90 | 40.38 | 48.86 | 39.83 | 47.97 | 38.82 | 41.94 | 44.31 | 37.61 | 41.60 | 41.72 | 41.28 | 40.65 | 46.94 |
|        38 | 38.46 | 40.17 | 38.24 | 30.86 | 33.72 | 35.69 | 40.28 | 40.52 | 31.80 | 37.84 | 44.39 | 42.07 | 37.01 | 34.92 | 36.76 | 35.94 | 38.30 | 36.52 | 32.11 | 40.53 | 40.62 | 38.81 | 37.77 | 35.83 | 47.85 | 39.82 | 43.99 | 37.38 | 46.61 | 36.47 | 43.18 | 28.18 | 39.29 | 44.71 | 32.28 | 37.55 | 39.89 | 41.70 | 38.36 | 40.99 |
|        39 | 41.18 | 36.27 | 35.63 | 28.10 | 29.68 | 36.07 | 41.42 | 36.01 | 27.85 | 33.65 | 40.84 | 40.67 | 33.49 | 33.48 | 35.14 | 40.95 | 37.49 | 31.78 | 31.05 | 41.50 | 40.19 | 36.27 | 32.93 | 32.64 | 42.61 | 38.09 | 38.58 | 35.56 | 37.08 | 31.45 | 39.48 | 28.21 | 36.35 | 43.98 | 29.45 | 33.97 | 37.30 | 41.28 | 34.61 | 37.14 |
|        40 | 40.53 | 33.10 | 30.76 | 25.21 | 26.72 | 33.75 | 40.57 | 30.51 | 26.12 | 33.51 | 40.76 | 40.54 | 31.88 | 34.82 | 37.89 | 37.04 | 35.87 | 29.03 | 27.85 | 42.19 | 40.41 | 33.23 | 30.26 | 30.93 | 38.66 | 34.83 | 35.70 | 39.35 | 33.75 | 28.58 | 37.54 | 36.76 | 31.88 | 40.30 | 26.47 | 30.81 | 32.90 | 38.45 | 32.21 | 34.80 |
|        41 | 28.95 | 29.74 | 27.14 | 22.16 | 26.43 | 30.84 | 33.84 | 28.15 | 24.57 | 28.65 | 31.69 | 38.50 | 30.25 | 32.93 | 34.16 | 29.79 | 32.64 | 31.60 | 26.50 | 32.66 | 31.39 | 29.77 | 27.42 | 30.26 | 34.78 | 31.37 | 33.59 | 38.30 | 33.62 | 27.81 | 32.21 | 36.68 | 29.56 | 38.08 | 25.44 | 31.03 | 28.70 | 37.13 | 31.02 | 33.42 |
|        42 | 26.88 | 29.03 | 27.75 | 22.77 | 25.48 | 31.68 | 31.77 | 26.44 | 23.91 | 26.72 | 30.16 | 36.18 | 31.89 | 27.77 | 30.63 | 32.23 | 27.96 | 28.21 | 27.33 | 32.71 | 33.95 | 27.32 | 26.66 | 26.97 | 32.31 | 31.37 | 31.76 | 31.24 | 29.91 | 27.39 | 31.24 | 32.10 | 28.90 | 35.73 | 26.68 | 31.99 | 25.24 | 36.93 | 28.70 | 33.25 |
|        43 | 29.14 | 27.79 | 27.18 | 23.07 | 25.92 | 30.68 | 31.98 | 28.27 | 24.38 | 33.26 | 29.19 | 31.03 | 32.02 | 25.85 | 31.08 | 34.41 | 24.27 | 21.77 | 27.90 | 34.17 | 32.08 | 26.79 | 25.98 | 26.57 | 30.23 | 27.24 | 28.38 | 31.28 | 28.34 | 27.35 | 31.54 | 32.58 | 26.94 | 34.26 | 30.85 | 33.26 | 24.75 | 37.86 | 33.94 | 28.00 |
|        44 | 29.38 | 29.54 | 25.87 | 22.89 | 27.40 | 29.67 | 30.87 | 28.19 | 23.97 | 31.32 | 31.41 | 30.58 | 32.71 | 26.11 | 31.12 | 30.40 | 26.66 | 24.27 | 27.87 | 31.89 | 28.62 | 29.89 | 23.80 | 29.24 | 28.03 | 18.84 | 33.84 | 33.08 | 28.51 | 25.70 | 18.46 | 34.54 | 31.23 | 33.71 | 32.06 | 32.91 | 27.32 | 35.62 | 33.86 | 22.68 |
|        45 | 30.24 | 29.34 | 25.41 | 29.87 | 27.42 | 30.03 | 30.62 | 26.46 | 24.14 | 27.57 | 31.25 | 29.09 | 33.41 | 26.41 | 27.72 | 29.32 | 28.01 | 25.97 | 27.71 | 29.73 | 29.27 | 30.45 | 27.04 | 29.38 | 27.54 | 26.38 | 33.78 | 32.82 | 30.00 | 22.79 | 23.27 | 34.65 | 33.94 | 29.12 | 31.74 | 29.97 | 28.72 | 30.21 | 28.62 | 24.48 |
|        46 | 29.50 | 25.14 | 25.53 | 29.91 | 27.03 | 29.92 | 30.31 | 32.17 | 24.64 | 29.33 | 27.86 | 30.12 | 32.76 | 26.52 | 27.43 | 29.49 | 28.00 | 27.11 | 27.16 | 28.82 | 28.92 | 29.84 | 27.77 | 29.73 | 27.73 | 29.52 | 27.44 | 29.74 | 30.27 | 26.18 | 28.09 | 34.21 | 32.08 | 29.65 | 29.48 | 30.58 | 28.25 | 30.46 | 28.78 | 29.84 |
|        47 | 29.08 | 27.05 | 25.64 | 24.65 | 27.24 | 30.85 | 30.68 | 32.65 | 25.57 | 29.37 | 28.04 | 31.39 | 31.37 | 26.44 | 26.08 | 29.43 | 27.05 | 30.84 | 27.78 | 30.68 | 28.03 | 28.82 | 27.15 | 30.10 | 27.38 | 28.38 | 23.99 | 29.97 | 28.51 | 26.29 | 29.54 | 34.00 | 27.83 | 30.36 | 29.55 | 31.94 | 25.99 | 30.38 | 27.74 | 30.39 |
|        48 | 29.47 | 29.73 | 24.32 | 27.43 | 29.98 | 32.43 | 31.05 | 29.34 | 27.05 | 28.46 | 29.43 | 30.56 | 30.57 | 26.56 | 26.46 | 27.97 | 25.11 | 31.37 | 28.06 | 31.10 | 29.68 | 26.62 | 25.05 | 29.67 | 26.33 | 26.12 | 25.34 | 31.10 | 29.80 | 24.74 | 29.58 | 34.67 | 28.72 | 29.60 | 29.12 | 32.03 | 27.50 | 29.87 | 27.00 | 31.51 |
|        51 | 28.45 | 31.32 | 28.28 | 29.66 | 29.70 | 33.04 | 30.40 | 28.82 | 27.73 | 29.14 | 32.02 | 31.32 | 30.37 | 30.01 | 27.49 | 28.49 | 25.87 | 28.59 | 27.79 | 31.86 | 29.09 | 28.54 | 24.15 | 29.59 | 28.78 | 26.75 | 25.47 | 29.68 | 31.38 | 27.32 | 29.21 | 33.37 | 30.08 | 31.35 | 26.65 | 32.91 | 29.11 | 29.92 | 30.22 | 26.31 |
|        54 | 24.04 | 27.20 | 23.76 | 27.19 | 25.21 | 28.63 | 29.02 | 25.35 | 24.61 | 27.62 | 28.91 | 28.98 | 30.49 | 28.40 | 27.00 | 23.95 | 21.01 | 26.87 | 25.85 | 30.14 | 30.20 | 27.87 | 21.99 | 25.90 | 28.63 | 26.18 | 24.34 | 27.06 | 29.81 | 24.51 | 27.57 | 26.47 | 27.90 | 29.47 | 22.42 | 30.71 | 27.97 | 27.35 | 27.54 | 23.39 |
|        57 | 20.18 | 24.24 | 20.85 | 21.14 | 20.07 | 23.83 | 28.60 | 19.77 | 21.41 | 23.43 | 25.39 | 25.43 | 26.23 | 23.72 | 26.49 | 18.29 | 18.39 | 20.85 | 23.76 | 25.78 | 26.86 | 23.89 | 24.37 | 22.21 | 24.71 | 21.03 | 19.75 | 24.26 | 24.54 | 28.97 | 22.70 | 21.47 | 23.66 | 23.81 | 18.61 | 26.43 | 25.04 | 23.52 | 23.09 | 21.63 |
|        60 | 19.29 | 24.56 | 21.72 | 23.77 | 24.37 | 22.86 | 32.24 | 21.27 | 21.04 | 31.39 | 32.71 | 25.29 | 26.75 | 25.12 | 32.78 | 31.31 | 19.94 | 26.05 | 35.33 | 37.71 | 31.78 | 33.56 | 25.20 | 28.08 | 28.88 | 22.45 | 22.61 | 30.74 | 29.54 | 27.05 | 25.40 | 30.69 | 25.63 | 32.78 | 28.69 | 32.18 | 30.42 | 27.41 | 24.35 | 21.90 |
|        63 | 17.30 | 21.75 | 17.70 | 18.70 | 19.00 | 18.81 | 34.86 | 18.71 | 17.96 | 31.94 | 19.46 | 23.37 | 24.11 | 19.28 | 27.20 | 27.48 | 14.04 | 20.72 | 24.60 | 33.85 | 25.11 | 22.57 | 17.19 | 20.46 | 20.42 | 20.35 | 18.90 | 27.66 | 21.24 | 17.35 | 20.61 | 24.16 | 21.81 | 27.55 | 14.52 | 26.41 | 24.13 | 22.84 | 22.05 | 16.00 |
|        66 | 10.91 | 17.57 | 16.91 | 14.28 | 13.56 | 15.67 | 33.28 | 13.72 | 16.79 | 22.75 | 18.92 | 17.04 | 22.46 | 18.23 | 23.47 | 18.83 | 13.68 | 12.42 | 19.17 | 28.29 | 17.14 | 18.72 | 14.42 | 15.35 | 19.40 | 19.71 | 18.74 | 18.34 | 14.27 | 13.66 | 14.83 | 18.57 | 13.15 | 18.78 | 13.92 | 16.69 | 15.14 | 18.46 | 19.32 | 15.10 |
|        69 |  8.74 | 16.00 | 13.74 | 10.84 | 12.10 | 13.63 | 23.66 | 12.01 | 12.98 | 20.45 | 16.55 | 12.40 | 22.36 | 18.70 | 18.09 | 18.17 | 10.10 |  9.31 | 18.34 | 26.10 | 16.78 | 14.55 |  8.94 | 12.50 | 14.65 | 17.81 | 17.85 | 14.18 | 11.55 |  9.62 | 11.34 | 20.57 | 13.50 | 18.91 |  8.19 | 15.29 | 13.87 | 14.45 | 17.73 | 12.35 |
|        72 |  1.42 | 13.40 | 13.61 | 10.17 | 10.62 | 12.24 | 17.19 | 10.20 | 11.28 | 16.40 | 18.25 |  8.83 | 19.94 | 17.12 | 13.35 | 14.62 | 12.18 |  6.99 | 16.45 | 24.68 | 19.54 | 11.96 |  4.46 | 13.25 | 13.96 | 13.23 | 17.28 | 15.52 | 11.40 |  6.17 | 11.28 | 22.00 | 10.25 | 20.28 |  5.86 | 20.75 | 15.32 |  7.52 | 16.65 | 12.13 |
|        78 | 13.73 |  3.20 | 12.29 |  5.26 | 16.35 | 13.31 | 13.42 |  8.79 | 15.51 | 14.80 | 16.39 | 11.68 | 12.97 | 13.17 |  8.17 |  6.22 | 12.67 | 14.82 | 12.48 | 18.56 | 14.58 | 15.99 |  8.36 |  7.33 | 13.50 |  5.05 | 16.12 | 12.88 | 14.14 |  6.10 |  5.24 | 11.98 | 10.59 | 16.01 |  9.37 | 18.67 | 10.07 |  5.46 | 15.10 | 16.12 |
|        84 | 14.53 | 18.31 | 12.46 | 14.58 | 22.32 | 16.86 |  9.83 | 12.53 | 15.61 | 15.32 | 16.96 | 19.08 | 16.22 |  7.41 | 16.15 | 14.92 | 18.97 | 17.03 | 17.30 | 17.42 | 13.50 | 19.77 | 10.35 | 14.83 | 12.51 | 16.57 | 18.36 | 17.71 | 18.40 | 14.38 |  8.04 |  9.77 |  5.76 | 13.19 | 16.00 | 13.97 | 11.31 | 20.55 | 17.18 | 17.49 |
|        90 |  8.71 | 19.69 | 12.83 |  9.18 | 17.49 | 24.73 | 10.54 | 13.51 | 14.36 |  6.12 | 22.80 | 23.80 | 25.50 | 10.91 | 15.38 | 17.72 | 17.49 | 17.27 | 15.64 | 19.54 |  5.33 | 12.02 |  1.35 | 16.17 |  7.13 | 13.25 | 15.33 | 22.48 | 15.92 |  9.58 |  9.40 | 14.50 |  7.15 |  6.71 |  8.97 |  6.43 | 16.51 | 26.14 | 10.24 | 12.42 |
|        96 | 13.27 | 22.40 | 16.30 | 14.07 | 17.75 | 26.10 | 17.64 | 14.14 | 14.12 |  7.81 | 24.88 | 23.66 | 32.08 | 15.18 | 13.52 | 24.22 | 23.99 | 12.89 | 20.78 | 22.96 |  7.82 |  4.60 | 10.33 | 20.62 | 14.23 |  6.27 | 21.41 | 27.63 | 22.78 | 13.85 | 13.73 | 14.09 |  8.94 |  3.81 | 13.15 |  5.38 | 16.68 | 29.26 | 15.31 | 17.71 |
|       102 | 17.55 | 24.07 | 17.08 | 16.01 | 19.12 | 25.03 | 19.61 | 17.12 | 14.43 | 12.89 | 20.63 | 27.09 | 35.38 | 15.70 | 16.55 | 27.16 | 21.58 | 12.01 | 24.63 | 24.37 | 14.07 |  9.32 | 18.74 | 24.38 | 18.13 | 11.39 | 20.19 | 25.42 | 23.86 | 15.90 | 16.12 | 15.95 | 15.59 |  7.00 | 17.87 | 11.68 | 19.14 | 33.52 | 12.87 | 21.38 |
|       108 | 17.39 | 21.89 | 19.04 | 18.77 | 18.04 | 23.71 | 27.37 | 13.48 | 14.31 | 18.85 | 14.46 | 37.27 | 32.36 | 16.77 | 16.45 | 22.42 | 17.69 | 18.18 | 33.99 | 27.02 | 22.38 | 17.48 | 23.27 | 23.73 | 21.51 | 20.16 | 17.27 | 20.82 | 30.34 | 18.49 | 19.38 | 17.94 | 19.74 | 18.13 | 23.50 | 20.21 | 21.10 | 31.51 | 16.04 | 21.54 |
|       114 | 17.37 | 19.61 | 14.10 | 15.35 | 16.80 | 17.62 | 29.19 |  8.76 | 13.36 | 15.49 |  7.27 | 28.70 | 13.05 |  9.63 | 10.93 | 23.91 | 14.61 | 23.33 | 34.04 | 23.02 | 21.59 | 17.43 | 17.51 | 19.98 | 26.28 | 22.38 |  9.70 | 14.83 |  4.47 | 17.95 | 19.88 | 18.27 | 19.64 | 19.31 | 23.12 | 17.25 | 15.74 | 22.78 | 12.88 | 15.08 |
|       120 | 17.04 |  3.77 | 12.92 | 15.13 | 21.67 |  4.72 | 24.74 |  9.27 |  9.97 | 17.28 | 24.68 | 30.10 | 28.16 |  7.03 | 11.54 | 27.24 | 13.49 | 24.38 | 26.26 | 17.87 | 24.27 | 21.37 | 14.43 | 16.72 | 31.23 | 27.37 | 10.13 | 11.80 | 28.81 | 10.52 | 15.74 | 15.15 | 16.03 | 24.64 | 21.13 | 17.40 |  9.71 |  5.27 | 11.95 | 10.97 |
