# variable: Mean Sea Level Pressure
# units: hPa
# 
| fcst_hour |       1 |       2 |       3 |       4 |       5 |       6 |       7 |       8 |       9 |      10 |      11 |      12 |      13 |      14 |      15 |      16 |      17 |      18 |      19 |      20 |      21 |      22 |      23 |      24 |      25 |      26 |      27 |      28 |      29 |      30 |      31 |      32 |      33 |      34 |      35 |      36 |      37 |      38 |      39 |      40 |
|         0 | 1003.83 | 1004.23 | 1003.44 | 1001.59 | 1002.76 | 1003.36 | 1003.60 | 1002.48 | 1001.64 | 1002.62 | 1002.35 | 1001.40 | 1003.16 | 1003.01 | 1002.52 | 1003.70 | 1002.72 | 1002.57 | 1002.40 | 1003.17 | 1002.78 | 1002.20 | 1003.44 | 1002.46 | 1002.64 | 1002.62 | 1002.39 | 1002.86 | 1002.65 | 1002.43 | 1002.45 | 1002.99 | 1002.79 | 1002.37 | 1002.92 | 1002.77 | 1002.54 | 1003.20 | 1003.28 | 1002.98 |
|         1 | 1003.24 | 1003.54 | 1002.43 | 1000.70 | 1001.76 | 1002.75 | 1003.26 | 1001.64 | 1001.17 | 1002.20 | 1001.70 | 1001.28 | 1002.42 | 1002.39 | 1001.38 | 1003.26 | 1001.87 | 1002.27 | 1001.91 | 1003.05 | 1002.24 | 1001.53 | 1002.67 | 1001.82 | 1002.41 | 1002.13 | 1001.94 | 1002.38 | 1002.18 | 1001.95 | 1001.98 | 1002.50 | 1002.16 | 1001.76 | 1002.36 | 1001.97 | 1001.96 | 1002.80 | 1002.56 | 1002.60 |
|         2 | 1002.45 | 1002.56 | 1001.35 |  999.79 | 1001.13 | 1001.67 | 1002.66 | 1000.68 | 1000.56 | 1001.21 | 1000.88 | 1000.44 | 1001.26 | 1001.36 | 1000.27 | 1002.52 | 1000.73 | 1001.34 | 1001.03 | 1002.00 | 1001.35 | 1000.57 | 1001.92 | 1001.08 | 1001.71 | 1001.16 | 1001.19 | 1001.23 | 1001.60 | 1001.12 | 1001.04 | 1001.63 | 1001.38 | 1000.97 | 1001.51 | 1001.12 | 1001.34 | 1002.27 | 1001.90 | 1001.72 |
|         3 | 1001.59 | 1001.21 | 1000.33 |  998.43 | 1000.10 | 1000.50 | 1001.38 |  999.56 |  999.83 | 1000.39 |  999.91 |  999.80 | 1000.08 | 1000.28 |  998.96 | 1001.19 |  999.38 | 1000.18 |  999.91 | 1000.97 | 1000.34 |  999.53 | 1000.60 |  999.87 | 1000.63 | 1000.02 | 1000.44 | 1000.01 | 1000.49 |  999.96 | 1000.08 | 1000.52 | 1000.51 |  999.58 | 1000.47 | 1000.15 | 1000.32 | 1001.06 | 1000.69 | 1001.13 |
|         4 | 1000.62 | 1000.16 |  999.53 |  997.62 |  999.28 |  999.83 | 1000.19 |  998.89 |  999.19 |  999.61 |  999.14 |  999.02 |  999.21 |  999.56 |  998.04 | 1000.14 |  998.19 |  999.37 |  999.14 |  999.92 |  999.35 |  998.72 |  999.27 |  998.94 |  999.89 |  999.17 |  999.83 |  999.19 |  999.58 |  998.88 |  999.27 |  999.55 |  999.89 |  998.70 |  999.62 |  999.34 |  999.73 |  999.98 |  999.81 | 1000.08 |
|         5 | 1000.01 |  999.00 |  999.10 |  996.94 |  998.62 |  999.36 |  999.20 |  998.58 |  998.74 |  999.32 |  998.62 |  998.54 |  998.91 |  999.24 |  997.51 |  999.75 |  997.56 |  998.90 |  998.65 |  999.24 |  998.87 |  997.94 |  998.71 |  998.27 |  999.16 |  998.70 |  999.25 |  998.89 |  998.94 |  998.41 |  998.88 |  998.92 |  999.31 |  998.03 |  999.19 |  998.97 |  999.18 |  999.24 |  999.04 |  999.22 |
|         6 |  999.22 |  997.77 |  998.46 |  996.14 |  998.18 |  998.53 |  998.49 |  998.00 |  998.39 |  998.96 |  998.35 |  998.19 |  998.42 |  998.73 |  996.83 |  999.30 |  997.33 |  998.83 |  998.29 |  998.51 |  998.32 |  997.26 |  997.90 |  997.59 |  998.55 |  998.10 |  998.63 |  998.62 |  998.34 |  997.83 |  998.19 |  998.44 |  998.62 |  997.27 |  998.84 |  998.39 |  998.78 |  998.73 |  998.25 |  998.94 |
|         7 |  998.33 |  996.52 |  997.65 |  995.18 |  997.59 |  997.38 |  997.89 |  997.20 |  997.93 |  998.46 |  997.67 |  997.55 |  997.47 |  998.06 |  995.83 |  998.64 |  996.72 |  997.98 |  997.39 |  997.49 |  997.33 |  996.61 |  997.04 |  996.61 |  997.85 |  997.29 |  997.79 |  997.72 |  997.69 |  997.20 |  997.12 |  997.40 |  997.87 |  996.32 |  997.91 |  997.62 |  998.27 |  997.66 |  997.64 |  998.56 |
|         8 |  997.61 |  995.26 |  996.98 |  994.69 |  997.11 |  996.32 |  996.94 |  996.72 |  997.33 |  998.04 |  997.33 |  996.89 |  996.44 |  997.63 |  995.10 |  997.99 |  996.00 |  997.29 |  996.48 |  996.73 |  996.51 |  996.34 |  996.21 |  995.93 |  997.39 |  996.65 |  997.25 |  996.63 |  997.21 |  996.60 |  996.78 |  996.70 |  997.26 |  995.56 |  997.36 |  997.21 |  997.70 |  996.36 |  997.27 |  998.04 |
|         9 |  996.79 |  994.42 |  996.40 |  994.20 |  996.59 |  995.76 |  996.01 |  996.27 |  996.79 |  997.74 |  996.85 |  996.54 |  996.06 |  997.09 |  994.42 |  997.30 |  995.78 |  996.52 |  995.75 |  995.83 |  995.77 |  995.67 |  995.67 |  995.30 |  997.11 |  996.14 |  996.57 |  995.69 |  996.71 |  995.70 |  995.53 |  996.08 |  996.49 |  994.83 |  996.79 |  996.77 |  997.21 |  995.02 |  996.77 |  997.34 |
|        10 |  996.21 |  993.60 |  996.24 |  993.94 |  996.35 |  994.99 |  995.15 |  995.70 |  996.28 |  997.78 |  996.22 |  996.43 |  995.42 |  996.49 |  994.21 |  996.77 |  995.86 |  996.43 |  995.54 |  995.27 |  995.39 |  995.22 |  995.09 |  995.05 |  996.68 |  995.77 |  995.93 |  995.21 |  996.07 |  994.96 |  994.99 |  996.03 |  995.98 |  994.52 |  996.32 |  996.57 |  996.64 |  994.00 |  996.16 |  997.00 |
|        11 |  995.60 |  992.80 |  995.59 |  993.36 |  995.54 |  994.11 |  994.23 |  994.91 |  995.25 |  997.27 |  995.49 |  995.90 |  994.68 |  995.56 |  993.57 |  996.07 |  995.34 |  996.04 |  994.70 |  994.24 |  994.64 |  994.26 |  994.34 |  994.09 |  995.75 |  994.94 |  995.21 |  994.33 |  994.96 |  994.17 |  994.18 |  995.18 |  995.12 |  994.17 |  995.41 |  995.71 |  995.42 |  992.83 |  995.05 |  996.53 |
|        12 |  994.89 |  992.12 |  994.98 |  992.80 |  994.99 |  993.12 |  993.65 |  994.34 |  994.56 |  996.57 |  994.81 |  995.08 |  994.15 |  994.95 |  993.22 |  995.55 |  995.09 |  995.44 |  994.20 |  993.58 |  994.07 |  993.73 |  993.74 |  993.49 |  994.98 |  994.36 |  994.35 |  993.51 |  994.39 |  993.52 |  993.64 |  994.46 |  994.33 |  993.70 |  994.78 |  994.82 |  994.26 |  991.89 |  994.35 |  995.97 |
|        13 |  994.29 |  991.73 |  994.34 |  992.48 |  994.34 |  992.38 |  993.14 |  993.83 |  993.91 |  995.68 |  994.46 |  994.33 |  993.62 |  994.14 |  992.75 |  994.80 |  994.64 |  994.93 |  993.40 |  992.82 |  993.21 |  993.29 |  993.41 |  992.79 |  994.27 |  993.73 |  993.52 |  992.90 |  993.79 |  992.84 |  993.40 |  993.60 |  993.59 |  993.12 |  994.07 |  994.23 |  993.41 |  991.07 |  993.83 |  995.17 |
|        14 |  993.81 |  991.69 |  993.91 |  992.44 |  994.18 |  991.86 |  992.84 |  993.76 |  993.57 |  995.23 |  994.16 |  993.99 |  993.55 |  993.81 |  992.90 |  994.40 |  994.39 |  995.14 |  993.08 |  992.52 |  992.86 |  993.05 |  993.41 |  992.63 |  994.16 |  993.36 |  993.11 |  992.82 |  993.62 |  992.86 |  993.31 |  993.25 |  993.39 |  993.10 |  993.94 |  994.35 |  993.22 |  991.10 |  993.61 |  994.75 |
|        15 |  993.59 |  992.06 |  993.88 |  992.34 |  993.76 |  991.57 |  992.73 |  993.78 |  993.36 |  994.99 |  993.81 |  993.55 |  993.37 |  993.46 |  993.07 |  993.97 |  994.31 |  995.03 |  992.90 |  992.04 |  992.77 |  992.85 |  993.36 |  992.50 |  994.02 |  993.12 |  992.81 |  992.72 |  993.30 |  992.87 |  992.99 |  993.34 |  993.13 |  992.83 |  993.96 |  994.37 |  993.18 |  991.39 |  993.34 |  994.69 |
|        16 |  993.24 |  992.47 |  993.45 |  992.32 |  993.60 |  991.46 |  992.82 |  993.88 |  993.24 |  994.93 |  993.79 |  993.20 |  993.03 |  993.22 |  993.34 |  994.04 |  994.19 |  995.00 |  992.75 |  992.16 |  992.67 |  993.02 |  993.43 |  992.24 |  993.99 |  993.17 |  992.83 |  992.50 |  993.12 |  992.94 |  993.11 |  992.75 |  992.89 |  992.78 |  993.63 |  994.27 |  993.16 |  991.59 |  993.49 |  994.77 |
|        17 |  992.86 |  992.72 |  993.53 |  992.21 |  993.85 |  991.64 |  993.14 |  994.32 |  993.11 |  994.89 |  994.10 |  993.26 |  993.02 |  993.02 |  993.68 |  993.66 |  994.12 |  995.06 |  993.01 |  992.26 |  993.05 |  993.03 |  993.48 |  992.56 |  993.87 |  993.21 |  992.86 |  992.65 |  993.10 |  993.07 |  993.24 |  993.00 |  993.03 |  992.94 |  993.50 |  994.63 |  993.17 |  991.70 |  993.55 |  994.63 |
|        18 |  993.00 |  992.97 |  993.69 |  992.17 |  994.02 |  991.80 |  993.09 |  994.71 |  993.05 |  994.78 |  994.45 |  992.92 |  993.11 |  992.98 |  993.68 |  993.54 |  994.05 |  995.18 |  993.17 |  992.44 |  993.21 |  993.19 |  994.12 |  992.59 |  993.99 |  993.18 |  992.91 |  992.95 |  993.42 |  993.14 |  993.35 |  993.66 |  992.90 |  992.94 |  993.32 |  995.05 |  993.51 |  992.02 |  993.59 |  994.52 |
|        19 |  993.27 |  993.42 |  993.82 |  992.50 |  994.01 |  991.95 |  993.30 |  994.99 |  992.81 |  994.70 |  994.40 |  992.87 |  993.54 |  993.01 |  993.88 |  993.46 |  993.98 |  995.37 |  993.37 |  992.75 |  993.19 |  993.19 |  994.50 |  992.58 |  993.98 |  992.93 |  993.13 |  993.40 |  993.84 |  993.34 |  993.50 |  994.07 |  992.74 |  992.85 |  993.36 |  995.29 |  993.54 |  992.68 |  993.77 |  994.77 |
|        20 |  993.37 |  993.73 |  993.70 |  993.06 |  993.78 |  992.13 |  993.49 |  995.12 |  992.79 |  994.45 |  994.16 |  992.75 |  993.65 |  992.92 |  994.28 |  993.63 |  993.81 |  995.20 |  993.23 |  992.91 |  993.44 |  993.46 |  994.77 |  992.93 |  994.26 |  993.12 |  993.33 |  993.91 |  994.42 |  993.56 |  993.47 |  993.95 |  992.92 |  992.80 |  993.29 |  995.42 |  993.56 |  992.96 |  994.13 |  994.79 |
|        21 |  993.70 |  994.05 |  993.68 |  994.07 |  993.82 |  992.01 |  993.75 |  995.33 |  992.63 |  994.35 |  994.17 |  993.07 |  993.90 |  992.77 |  994.47 |  993.82 |  993.64 |  995.17 |  993.14 |  993.08 |  993.27 |  994.16 |  995.49 |  993.47 |  994.12 |  993.57 |  993.50 |  994.43 |  995.16 |  993.85 |  993.36 |  994.07 |  992.99 |  992.50 |  993.50 |  995.93 |  993.92 |  993.54 |  994.78 |  995.07 |
|        22 |  994.08 |  994.34 |  993.35 |  994.92 |  993.98 |  992.23 |  994.02 |  995.89 |  992.53 |  994.50 |  994.03 |  993.82 |  994.20 |  992.72 |  994.60 |  994.02 |  993.43 |  995.25 |  993.60 |  993.43 |  993.38 |  994.66 |  996.19 |  994.25 |  994.44 |  994.18 |  993.92 |  995.11 |  995.73 |  994.30 |  993.13 |  994.51 |  992.63 |  992.48 |  993.88 |  996.39 |  994.23 |  994.46 |  995.26 |  995.49 |
|        23 |  994.70 |  994.86 |  993.16 |  995.78 |  993.73 |  992.56 |  994.18 |  996.38 |  992.41 |  994.72 |  993.92 |  994.76 |  994.63 |  992.63 |  994.62 |  994.33 |  992.98 |  995.24 |  994.46 |  993.67 |  993.37 |  994.91 |  996.62 |  994.97 |  994.82 |  994.45 |  994.27 |  995.55 |  996.34 |  995.07 |  992.75 |  994.68 |  992.40 |  992.86 |  993.73 |  996.90 |  994.79 |  995.20 |  995.66 |  996.05 |
|        24 |  995.13 |  995.13 |  992.89 |  996.46 |  993.75 |  993.66 |  994.39 |  996.68 |  992.32 |  994.72 |  993.62 |  995.36 |  995.38 |  992.65 |  994.75 |  994.64 |  992.87 |  995.07 |  995.08 |  994.05 |  993.24 |  994.79 |  996.94 |  995.48 |  995.26 |  995.22 |  994.82 |  995.78 |  996.59 |  995.38 |  992.95 |  994.97 |  992.24 |  993.83 |  993.46 |  997.20 |  995.65 |  995.62 |  995.88 |  996.36 |
|        25 |  995.86 |  995.83 |  992.81 |  997.26 |  994.07 |  995.33 |  994.87 |  997.20 |  992.43 |  994.69 |  993.91 |  996.08 |  996.14 |  993.04 |  995.01 |  995.16 |  993.61 |  995.51 |  995.88 |  995.03 |  993.28 |  995.08 |  997.53 |  996.22 |  995.73 |  995.64 |  995.43 |  996.31 |  997.08 |  995.81 |  994.58 |  995.49 |  992.30 |  995.19 |  993.46 |  997.73 |  996.15 |  996.01 |  996.46 |  996.71 |
|        26 |  996.21 |  996.16 |  992.83 |  997.65 |  994.27 |  996.11 |  995.39 |  997.59 |  992.78 |  994.56 |  994.58 |  996.88 |  996.42 |  993.91 |  995.44 |  995.39 |  994.34 |  995.78 |  996.67 |  995.69 |  993.42 |  995.85 |  997.90 |  996.67 |  996.15 |  996.00 |  995.53 |  996.45 |  997.30 |  996.27 |  995.42 |  995.79 |  992.29 |  996.31 |  993.78 |  998.04 |  996.62 |  996.42 |  996.80 |  997.02 |
|        27 |  996.47 |  996.60 |  993.16 |  997.64 |  994.46 |  996.46 |  995.41 |  997.69 |  993.64 |  994.45 |  995.17 |  997.40 |  996.56 |  995.18 |  995.54 |  995.96 |  994.44 |  995.50 |  997.18 |  995.69 |  993.81 |  995.91 |  998.03 |  996.64 |  996.22 |  996.38 |  995.37 |  996.45 |  997.46 |  996.35 |  995.92 |  995.91 |  992.20 |  996.70 |  994.65 |  998.19 |  997.04 |  996.61 |  996.76 |  997.27 |
|        28 |  996.61 |  996.96 |  994.08 |  997.48 |  994.51 |  996.41 |  995.52 |  997.57 |  994.78 |  994.55 |  995.52 |  997.78 |  997.10 |  995.43 |  995.70 |  996.19 |  994.74 |  995.66 |  996.96 |  995.80 |  994.67 |  995.40 |  997.97 |  996.40 |  996.20 |  996.51 |  995.23 |  996.44 |  997.45 |  996.30 |  996.21 |  996.04 |  992.53 |  996.62 |  995.23 |  998.02 |  997.49 |  996.59 |  996.75 |  997.25 |
|        29 |  997.03 |  997.16 |  994.58 |  997.57 |  994.52 |  996.29 |  995.92 |  997.58 |  995.25 |  994.79 |  996.04 |  997.82 |  997.73 |  996.08 |  995.92 |  996.67 |  995.39 |  995.94 |  996.97 |  996.11 |  994.69 |  996.23 |  998.36 |  996.36 |  996.58 |  996.65 |  995.36 |  996.57 |  997.69 |  996.56 |  996.59 |  996.53 |  993.08 |  996.65 |  996.01 |  998.14 |  997.94 |  996.73 |  996.96 |  997.80 |
|        30 |  997.49 |  997.65 |  995.49 |  997.74 |  994.90 |  996.43 |  996.61 |  998.04 |  995.96 |  995.50 |  996.89 |  997.80 |  998.08 |  996.67 |  996.10 |  997.01 |  996.12 |  996.35 |  997.32 |  996.69 |  995.23 |  996.75 |  998.81 |  996.87 |  997.03 |  996.62 |  995.57 |  996.83 |  998.07 |  996.92 |  997.07 |  997.04 |  993.89 |  996.93 |  996.74 |  998.55 |  998.39 |  997.24 |  997.03 |  998.11 |
|        31 |  998.02 |  998.04 |  996.44 |  997.99 |  995.40 |  997.02 |  996.96 |  998.62 |  996.67 |  995.80 |  997.62 |  998.14 |  998.58 |  997.42 |  996.20 |  997.93 |  996.64 |  996.65 |  997.89 |  997.01 |  996.13 |  996.93 |  999.33 |  997.53 |  997.53 |  996.74 |  995.88 |  996.83 |  998.15 |  997.17 |  997.60 |  997.30 |  994.95 |  997.02 |  997.47 |  998.89 |  998.50 |  997.20 |  996.98 |  998.18 |
|        32 |  998.58 |  998.14 |  997.20 |  998.49 |  995.80 |  997.45 |  997.17 |  999.21 |  997.33 |  996.59 |  998.08 |  998.69 |  999.32 |  998.20 |  996.49 |  998.78 |  996.89 |  997.15 |  998.14 |  997.23 |  997.04 |  997.16 |  999.89 |  997.89 |  998.08 |  997.13 |  996.22 |  996.97 |  998.06 |  997.28 |  998.06 |  997.61 |  995.81 |  997.19 |  998.48 |  999.40 |  998.71 |  997.02 |  997.10 |  998.60 |
|        33 |  999.13 |  998.45 |  997.71 |  998.52 |  995.91 |  997.40 |  997.10 |  999.31 |  998.02 |  996.80 |  998.32 |  998.96 |  999.98 |  998.90 |  996.52 |  999.10 |  997.09 |  997.57 |  998.16 |  997.37 |  997.53 |  997.46 | 1000.22 |  997.93 |  998.16 |  997.40 |  995.75 |  996.56 |  997.71 |  997.15 |  998.19 |  997.52 |  995.96 |  997.00 |  998.92 |  999.52 |  998.97 |  997.30 |  997.25 |  998.78 |
|        34 |  999.42 |  998.96 |  998.35 |  999.02 |  996.21 |  997.37 |  997.45 |  999.51 |  998.58 |  997.04 |  998.74 |  999.02 | 1000.35 |  999.50 |  996.97 |  999.53 |  997.40 |  998.32 |  998.00 |  997.47 |  997.90 |  997.64 | 1000.48 |  997.67 |  998.44 |  997.85 |  995.81 |  996.53 |  997.91 |  996.99 |  998.06 |  998.00 |  996.18 |  997.46 |  998.93 |  999.49 |  999.37 |  997.71 |  997.50 |  999.32 |
|        35 |  999.28 |  998.77 |  998.19 |  998.88 |  996.06 |  997.06 |  997.41 |  998.93 |  998.25 |  996.79 |  998.04 |  998.79 | 1000.20 |  999.59 |  997.05 |  999.39 |  997.40 |  998.32 |  997.74 |  997.22 |  997.39 |  997.67 | 1000.28 |  997.35 |  998.14 |  997.81 |  995.60 |  996.44 |  997.47 |  996.30 |  997.53 |  997.86 |  996.15 |  997.04 |  998.72 |  998.81 |  999.20 |  997.59 |  997.13 |  999.39 |
|        36 |  998.76 |  998.53 |  998.05 |  998.19 |  995.93 |  996.57 |  997.38 |  998.94 |  997.88 |  996.62 |  997.61 |  998.60 |  999.76 |  999.28 |  996.91 |  999.28 |  997.51 |  998.11 |  997.67 |  996.86 |  997.10 |  997.71 | 1000.02 |  997.11 |  997.94 |  997.49 |  995.15 |  996.24 |  996.57 |  996.18 |  996.79 |  997.98 |  996.06 |  996.49 |  998.38 |  999.02 |  999.29 |  997.15 |  996.58 |  999.26 |
|        37 |  998.51 |  998.37 |  998.26 |  997.88 |  995.81 |  996.64 |  997.46 |  998.73 |  997.68 |  997.01 |  997.85 |  998.89 |  999.91 |  999.14 |  996.78 |  999.53 |  997.76 |  997.81 |  997.54 |  996.56 |  996.99 |  997.99 |  999.86 |  996.78 |  997.80 |  997.29 |  994.86 |  996.35 |  996.19 |  996.23 |  996.22 |  998.37 |  996.28 |  996.65 |  998.71 |  998.89 |  999.24 |  997.28 |  996.60 |  999.78 |
|        38 |  998.58 |  998.51 |  998.57 |  998.32 |  996.08 |  997.01 |  997.56 |  998.98 |  997.77 |  997.45 |  998.15 |  999.15 | 1000.31 |  999.34 |  996.98 | 1000.00 |  998.46 |  997.76 |  998.13 |  996.71 |  997.32 |  998.15 | 1000.70 |  996.76 |  997.71 |  997.30 |  994.97 |  996.75 |  996.80 |  996.44 |  996.75 |  998.90 |  996.68 |  996.82 |  999.64 |  998.94 |  999.81 |  997.61 |  997.22 | 1000.44 |
|        39 |  998.57 |  998.88 |  998.66 |  998.38 |  996.28 |  997.16 |  997.57 |  999.17 |  997.96 |  998.20 |  998.37 |  999.45 | 1000.59 |  999.28 |  997.17 | 1000.01 |  998.61 |  997.83 |  998.57 |  996.91 |  997.43 |  998.49 | 1000.46 |  996.71 |  997.67 |  997.60 |  995.46 |  997.75 |  997.53 |  996.76 |  997.32 |  999.57 |  997.12 |  997.58 |  999.92 |  999.20 |  999.89 |  998.37 |  997.39 | 1001.05 |
|        40 |  998.65 |  999.20 |  999.07 |  998.86 |  996.63 |  997.78 |  998.09 |  999.78 |  997.74 |  998.40 |  998.06 |  999.38 | 1000.99 |  999.52 |  997.42 |  999.89 |  999.28 |  997.51 |  998.37 |  997.39 |  997.35 |  999.10 | 1000.45 |  996.97 |  997.49 |  997.69 |  995.49 |  998.90 |  998.56 |  997.72 |  998.16 | 1000.24 |  997.14 |  998.36 | 1000.22 |  999.09 | 1000.34 |  999.38 |  998.17 | 1001.40 |
|        41 |  998.61 |  999.37 |  999.55 |  999.63 |  997.01 |  998.96 |  998.58 | 1000.51 |  997.74 |  998.73 |  998.51 |  999.38 | 1001.28 |  999.74 |  997.88 | 1000.06 | 1000.16 |  997.48 |  998.73 |  997.86 |  998.02 |  999.96 | 1000.67 |  997.12 |  998.12 |  997.95 |  995.79 |  999.97 |  999.48 |  998.97 |  999.26 | 1001.00 |  997.53 |  999.59 | 1000.27 |  999.30 | 1001.14 | 1000.45 |  999.01 | 1001.50 |
|        42 |  999.34 | 1000.06 | 1000.47 | 1000.60 |  997.49 | 1000.20 |  999.43 | 1001.60 |  997.89 |  999.56 |  998.98 |  999.85 | 1001.83 | 1000.20 |  998.95 | 1000.61 | 1001.60 |  997.63 |  999.60 |  998.70 |  999.03 | 1001.04 | 1001.36 |  997.74 |  999.08 |  997.88 |  996.34 | 1001.12 | 1000.55 | 1000.16 | 1000.27 | 1001.89 |  997.99 | 1001.24 | 1000.65 |  999.95 | 1001.93 | 1001.40 |  999.97 | 1001.45 |
|        43 |  999.79 | 1001.04 | 1002.02 | 1001.45 |  998.18 | 1001.40 | 1000.57 | 1002.71 |  998.06 | 1000.40 | 1000.04 | 1000.62 | 1002.27 | 1000.63 | 1000.14 | 1001.62 | 1003.23 |  998.21 | 1000.36 |  999.61 | 1000.03 | 1002.31 | 1002.29 |  998.58 | 1000.06 |  998.31 |  997.16 | 1002.32 | 1001.96 | 1001.18 | 1001.00 | 1002.80 |  998.73 | 1002.96 | 1001.53 | 1000.68 | 1002.74 | 1002.23 | 1000.99 | 1002.03 |
|        44 | 1000.46 | 1002.00 | 1003.73 | 1002.06 |  999.14 | 1002.53 | 1002.01 | 1003.92 |  998.53 | 1001.34 | 1001.06 | 1001.49 | 1003.03 | 1000.82 | 1001.55 | 1002.62 | 1005.04 |  998.87 | 1001.21 | 1000.52 | 1000.61 | 1003.44 | 1003.66 |  999.94 | 1001.00 |  998.70 |  997.86 | 1003.34 | 1003.37 | 1001.96 | 1001.69 | 1003.47 | 1000.08 | 1004.32 | 1002.50 | 1001.39 | 1003.64 | 1003.08 | 1001.81 | 1002.84 |
|        45 | 1001.17 | 1003.26 | 1005.26 | 1002.65 | 1000.23 | 1003.48 | 1003.27 | 1005.15 |  999.13 | 1002.33 | 1001.98 | 1002.25 | 1003.80 | 1001.51 | 1002.92 | 1003.56 | 1006.40 |  999.49 | 1001.96 | 1001.27 | 1000.96 | 1004.87 | 1005.01 | 1001.55 | 1001.99 |  999.44 |  998.32 | 1004.50 | 1004.63 | 1002.62 | 1002.54 | 1004.19 | 1001.42 | 1005.43 | 1003.73 | 1002.18 | 1004.46 | 1004.02 | 1002.51 | 1003.75 |
|        46 | 1001.86 | 1004.57 | 1006.64 | 1003.31 | 1001.53 | 1004.48 | 1004.46 | 1006.16 | 1000.15 | 1003.65 | 1002.87 | 1002.92 | 1005.07 | 1002.26 | 1004.11 | 1004.53 | 1007.63 | 1000.27 | 1002.75 | 1002.13 | 1001.40 | 1006.27 | 1006.31 | 1002.83 | 1003.14 | 1000.39 |  999.23 | 1005.61 | 1005.83 | 1003.42 | 1003.69 | 1005.18 | 1002.80 | 1006.47 | 1005.23 | 1002.92 | 1005.21 | 1005.15 | 1003.20 | 1004.54 |
|        47 | 1002.78 | 1005.82 | 1007.81 | 1003.95 | 1002.84 | 1005.53 | 1005.44 | 1007.16 | 1001.14 | 1005.02 | 1003.62 | 1003.61 | 1006.38 | 1003.07 | 1005.07 | 1005.46 | 1008.93 | 1001.06 | 1003.51 | 1002.68 | 1002.08 | 1007.35 | 1007.14 | 1003.52 | 1004.42 | 1001.25 | 1000.19 | 1006.65 | 1006.83 | 1004.13 | 1004.61 | 1006.17 | 1003.98 | 1007.45 | 1006.56 | 1003.50 | 1005.81 | 1006.28 | 1003.93 | 1005.33 |
|        48 | 1003.78 | 1006.89 | 1008.98 | 1004.70 | 1003.93 | 1006.57 | 1006.61 | 1008.14 | 1002.21 | 1006.46 | 1004.43 | 1004.14 | 1007.96 | 1003.86 | 1006.12 | 1006.21 | 1010.03 | 1001.73 | 1004.27 | 1003.37 | 1002.77 | 1008.37 | 1007.82 | 1003.97 | 1005.58 | 1002.18 | 1001.16 | 1007.66 | 1007.77 | 1004.83 | 1005.53 | 1007.11 | 1005.04 | 1008.64 | 1007.59 | 1004.06 | 1006.32 | 1007.24 | 1004.67 | 1006.11 |
|        51 | 1006.78 | 1010.44 | 1012.61 | 1007.38 | 1006.86 | 1009.86 | 1010.46 | 1011.46 | 1005.54 | 1010.22 | 1007.29 | 1007.94 | 1012.10 | 1007.72 | 1009.40 | 1008.04 | 1013.29 | 1003.66 | 1007.21 | 1005.29 | 1005.45 | 1011.73 | 1010.73 | 1006.00 | 1008.78 | 1005.24 | 1004.10 | 1011.08 | 1010.46 | 1008.29 | 1008.60 | 1009.78 | 1008.40 | 1012.75 | 1010.94 | 1006.73 | 1007.92 | 1009.37 | 1007.76 | 1008.22 |
|        54 | 1009.14 | 1014.27 | 1015.03 | 1009.84 | 1010.18 | 1012.94 | 1013.93 | 1014.42 | 1008.56 | 1014.27 | 1010.24 | 1011.64 | 1014.97 | 1010.95 | 1012.40 | 1010.89 | 1015.34 | 1005.62 | 1010.01 | 1008.80 | 1008.39 | 1014.64 | 1013.33 | 1009.00 | 1011.75 | 1008.35 | 1006.92 | 1013.95 | 1013.71 | 1011.60 | 1011.28 | 1012.17 | 1012.17 | 1015.46 | 1014.16 | 1009.58 | 1011.06 | 1011.36 | 1010.36 | 1011.04 |
|        57 | 1012.60 | 1018.05 | 1018.29 | 1013.54 | 1014.21 | 1016.90 | 1018.20 | 1018.04 | 1012.45 | 1019.00 | 1014.05 | 1016.08 | 1018.90 | 1015.17 | 1016.02 | 1015.05 | 1017.23 | 1009.29 | 1013.99 | 1013.27 | 1011.72 | 1017.99 | 1016.50 | 1012.68 | 1016.17 | 1011.89 | 1010.31 | 1017.63 | 1017.93 | 1015.17 | 1014.94 | 1015.47 | 1016.27 | 1018.84 | 1017.23 | 1013.24 | 1015.49 | 1014.81 | 1014.11 | 1014.52 |
|        60 | 1014.12 | 1019.83 | 1019.19 | 1014.90 | 1016.26 | 1019.39 | 1019.70 | 1019.94 | 1013.83 | 1021.74 | 1016.24 | 1018.01 | 1020.32 | 1016.94 | 1018.20 | 1016.93 | 1016.92 | 1011.36 | 1016.08 | 1015.24 | 1013.69 | 1019.53 | 1017.77 | 1015.04 | 1018.46 | 1013.90 | 1012.93 | 1019.02 | 1019.35 | 1016.99 | 1016.20 | 1016.55 | 1018.25 | 1019.20 | 1018.58 | 1015.26 | 1017.71 | 1016.20 | 1016.25 | 1016.70 |
|        63 | 1017.00 | 1021.35 | 1019.88 | 1016.28 | 1018.32 | 1022.45 | 1020.90 | 1022.30 | 1015.59 | 1023.84 | 1018.49 | 1020.23 | 1021.28 | 1018.37 | 1020.80 | 1019.12 | 1016.85 | 1013.98 | 1019.06 | 1017.55 | 1016.35 | 1020.61 | 1018.85 | 1018.31 | 1021.48 | 1016.64 | 1016.11 | 1020.89 | 1020.31 | 1019.53 | 1017.23 | 1018.15 | 1020.11 | 1019.58 | 1020.23 | 1018.31 | 1020.05 | 1017.66 | 1019.21 | 1018.98 |
|        66 | 1019.21 | 1022.08 | 1019.93 | 1016.94 | 1019.59 | 1024.60 | 1021.15 | 1024.15 | 1017.66 | 1026.27 | 1019.91 | 1021.42 | 1021.75 | 1018.91 | 1022.67 | 1021.35 | 1017.45 | 1016.60 | 1021.63 | 1019.00 | 1018.54 | 1020.12 | 1019.66 | 1020.90 | 1023.57 | 1018.96 | 1018.44 | 1021.57 | 1020.38 | 1020.97 | 1017.44 | 1019.11 | 1021.02 | 1019.88 | 1021.19 | 1020.89 | 1021.53 | 1018.48 | 1021.59 | 1020.58 |
|        69 | 1020.71 | 1022.42 | 1019.82 | 1017.12 | 1019.75 | 1026.34 | 1020.98 | 1025.55 | 1019.15 | 1027.34 | 1019.86 | 1021.52 | 1021.88 | 1019.68 | 1023.62 | 1022.50 | 1018.56 | 1018.30 | 1023.40 | 1019.04 | 1019.30 | 1019.57 | 1019.72 | 1022.71 | 1024.86 | 1020.54 | 1019.60 | 1021.34 | 1019.48 | 1021.40 | 1017.30 | 1019.81 | 1021.07 | 1020.13 | 1021.79 | 1023.31 | 1021.93 | 1018.52 | 1023.11 | 1021.06 |
|        72 | 1021.28 | 1021.97 | 1019.47 | 1016.98 | 1019.09 | 1026.78 | 1020.80 | 1025.35 | 1020.18 | 1026.87 | 1018.48 | 1020.91 | 1021.72 | 1019.88 | 1023.56 | 1023.06 | 1018.81 | 1019.34 | 1024.05 | 1018.55 | 1018.89 | 1018.82 | 1019.32 | 1023.31 | 1025.05 | 1021.30 | 1019.92 | 1021.42 | 1018.15 | 1020.92 | 1015.95 | 1020.61 | 1020.73 | 1020.26 | 1021.94 | 1024.21 | 1021.79 | 1017.30 | 1023.32 | 1020.67 |
|        78 | 1019.27 | 1020.35 | 1017.02 | 1014.67 | 1016.91 | 1025.38 | 1019.21 | 1024.66 | 1019.67 | 1025.37 | 1014.85 | 1018.61 | 1020.64 | 1018.79 | 1021.97 | 1020.79 | 1020.00 | 1019.25 | 1023.35 | 1016.48 | 1016.44 | 1015.34 | 1018.45 | 1023.41 | 1023.69 | 1020.49 | 1016.70 | 1020.25 | 1013.40 | 1018.37 | 1013.16 | 1020.34 | 1018.51 | 1018.10 | 1021.52 | 1024.29 | 1020.32 | 1014.31 | 1022.03 | 1018.18 |
|        84 | 1016.46 | 1018.74 | 1014.64 | 1012.19 | 1015.62 | 1024.14 | 1017.54 | 1023.54 | 1018.68 | 1023.46 | 1011.99 | 1016.21 | 1019.23 | 1016.37 | 1020.46 | 1018.64 | 1021.81 | 1017.96 | 1021.32 | 1015.52 | 1012.96 | 1011.33 | 1017.57 | 1023.06 | 1022.64 | 1020.44 | 1013.59 | 1017.63 | 1011.99 | 1014.83 | 1010.86 | 1019.70 | 1016.42 | 1015.45 | 1020.86 | 1022.89 | 1018.84 | 1012.69 | 1020.70 | 1015.24 |
|        90 | 1014.96 | 1017.88 | 1013.07 | 1010.96 | 1014.63 | 1022.27 | 1017.12 | 1022.09 | 1018.93 | 1020.66 | 1012.01 | 1012.92 | 1017.64 | 1013.50 | 1019.05 | 1017.36 | 1023.59 | 1016.90 | 1019.57 | 1015.57 | 1011.60 | 1009.71 | 1016.77 | 1023.22 | 1021.72 | 1020.28 | 1011.21 | 1015.17 | 1012.86 | 1014.40 | 1011.43 | 1019.31 | 1014.18 | 1013.06 | 1020.01 | 1021.10 | 1017.03 | 1012.33 | 1019.13 | 1013.15 |
|        96 | 1015.07 | 1019.93 | 1012.71 | 1011.14 | 1014.85 | 1022.05 | 1018.27 | 1021.42 | 1021.12 | 1020.67 | 1012.63 | 1011.08 | 1017.08 | 1011.88 | 1019.56 | 1017.31 | 1025.62 | 1017.60 | 1018.18 | 1017.04 | 1011.87 | 1010.07 | 1017.44 | 1023.09 | 1022.79 | 1022.03 | 1011.29 | 1015.05 | 1014.13 | 1013.85 | 1013.63 | 1019.63 | 1013.59 | 1012.24 | 1020.27 | 1020.76 | 1016.85 | 1013.55 | 1018.88 | 1014.21 |
|       102 | 1015.16 | 1021.63 | 1013.01 | 1013.33 | 1015.95 | 1022.85 | 1019.53 | 1020.54 | 1022.69 | 1020.98 | 1012.38 | 1010.37 | 1017.13 | 1011.64 | 1019.97 | 1018.27 | 1026.53 | 1018.08 | 1016.71 | 1017.64 | 1012.89 | 1011.34 | 1018.25 | 1023.22 | 1023.25 | 1023.64 | 1012.34 | 1016.16 | 1014.06 | 1013.96 | 1011.74 | 1019.86 | 1013.47 | 1011.97 | 1020.48 | 1020.93 | 1015.59 | 1015.24 | 1018.89 | 1015.74 |
|       108 | 1015.08 | 1022.99 | 1013.98 | 1015.55 | 1016.55 | 1024.89 | 1020.43 | 1019.48 | 1023.31 | 1021.76 | 1012.42 | 1010.27 | 1018.34 | 1013.20 | 1018.77 | 1019.08 | 1026.60 | 1018.37 | 1016.99 | 1017.45 | 1013.53 | 1012.56 | 1019.55 | 1022.20 | 1023.35 | 1025.45 | 1013.26 | 1018.24 | 1011.18 | 1011.06 | 1009.99 | 1020.89 | 1014.01 | 1012.48 | 1019.42 | 1022.62 | 1012.36 | 1015.21 | 1019.12 | 1014.24 |
|       114 | 1012.71 | 1020.88 | 1013.62 | 1013.71 | 1013.58 | 1027.07 | 1018.89 | 1016.88 | 1021.16 | 1018.87 | 1011.01 | 1009.60 | 1018.74 | 1013.15 | 1012.98 | 1018.56 | 1024.39 | 1016.37 | 1013.43 | 1014.29 | 1010.71 | 1010.31 | 1020.26 | 1019.61 | 1019.32 | 1026.70 | 1011.97 | 1018.69 | 1005.56 | 1006.77 | 1009.07 | 1021.43 | 1012.89 | 1011.90 | 1015.36 | 1024.38 | 1005.51 | 1009.57 | 1017.90 | 1009.96 |
|       120 | 1004.61 | 1016.36 | 1011.46 | 1006.63 | 1007.54 | 1028.02 | 1014.07 | 1008.94 | 1017.08 | 1014.31 | 1006.30 | 1005.77 | 1016.40 | 1012.09 | 1009.62 | 1014.13 | 1019.49 | 1010.27 | 1006.48 | 1007.99 | 1002.97 | 1002.25 | 1020.17 | 1015.93 | 1011.88 | 1026.83 | 1008.75 | 1017.25 | 1000.81 | 1001.05 | 1006.63 | 1019.43 | 1008.24 | 1006.32 | 1007.90 | 1024.10 |  997.54 | 1005.01 | 1014.12 | 1005.05 |
