# variable: Temperature at 850hPa
# units: degree celsius
# 
| fcst_hour |     1 |     2 |     3 |     4 |     5 |     6 |     7 |     8 |     9 |    10 |    11 |    12 |    13 |    14 |    15 |    16 |    17 |    18 |    19 |    20 |    21 |    22 |    23 |    24 |    25 |    26 |    27 |    28 |    29 |    30 |    31 |    32 |    33 |    34 |    35 |    36 |    37 |    38 |    39 |    40 |
|         0 | -3.52 | -3.16 | -3.20 | -3.67 | -3.47 | -3.06 | -2.69 | -2.75 | -2.65 | -2.66 | -2.60 | -2.56 | -2.89 | -3.08 | -2.75 | -2.53 | -3.47 | -3.20 | -2.68 | -3.52 | -2.83 | -2.68 | -3.41 | -2.45 | -1.64 | -2.00 | -3.11 | -3.35 | -3.07 | -2.71 | -2.18 | -2.75 | -2.34 | -3.01 | -3.19 | -2.15 | -2.22 | -3.04 | -2.33 | -3.12 |
|         1 | -3.47 | -3.79 | -3.24 | -3.30 | -3.43 | -2.60 | -2.58 | -2.37 | -2.62 | -2.66 | -2.35 | -2.47 | -3.08 | -3.57 | -2.89 | -2.12 | -3.35 | -2.76 | -2.85 | -3.18 | -2.45 | -2.70 | -2.96 | -2.36 | -1.67 | -1.79 | -2.70 | -2.76 | -2.75 | -2.56 | -1.95 | -2.45 | -2.07 | -2.93 | -2.78 | -2.47 | -2.00 | -2.76 | -2.93 | -2.82 |
|         2 | -2.90 | -3.39 | -3.05 | -3.00 | -3.36 | -2.18 | -2.53 | -1.90 | -2.66 | -2.55 | -2.06 | -2.41 | -3.30 | -3.44 | -2.92 | -1.98 | -3.41 | -2.68 | -2.28 | -2.82 | -2.03 | -2.33 | -3.04 | -2.24 | -1.71 | -1.69 | -2.46 | -2.80 | -2.89 | -2.70 | -1.95 | -2.11 | -2.20 | -3.06 | -2.66 | -2.37 | -2.02 | -2.34 | -2.92 | -2.55 |
|         3 | -2.54 | -3.12 | -2.73 | -2.84 | -3.14 | -2.25 | -2.02 | -1.61 | -2.57 | -2.47 | -1.92 | -2.22 | -3.07 | -2.85 | -2.92 | -1.63 | -3.47 | -2.70 | -1.97 | -2.70 | -1.73 | -2.12 | -2.58 | -1.78 | -1.59 | -1.48 | -1.84 | -2.73 | -2.92 | -2.71 | -1.77 | -1.84 | -1.98 | -2.88 | -2.41 | -2.05 | -1.88 | -2.15 | -2.72 | -2.93 |
|         4 | -2.06 | -2.43 | -2.34 | -2.30 | -2.78 | -2.05 | -1.53 | -1.19 | -2.19 | -2.23 | -1.54 | -1.90 | -3.06 | -2.40 | -2.58 | -1.28 | -3.28 | -2.65 | -1.43 | -2.65 | -1.40 | -1.62 | -2.20 | -1.51 | -1.37 | -1.25 | -1.65 | -2.71 | -2.66 | -2.49 | -1.36 | -1.39 | -1.17 | -2.30 | -2.10 | -1.79 | -1.42 | -1.98 | -2.23 | -2.71 |
|         5 | -1.69 | -1.75 | -2.45 | -1.85 | -2.48 | -1.58 | -1.14 | -0.78 | -1.80 | -1.90 | -1.32 | -1.88 | -2.67 | -2.04 | -2.13 | -1.13 | -2.66 | -2.64 | -1.11 | -2.24 | -1.35 | -1.47 | -1.92 | -1.57 | -0.79 | -1.22 | -1.22 | -1.65 | -2.13 | -1.81 | -1.39 | -1.18 | -1.05 | -1.96 | -1.63 | -1.35 | -1.08 | -1.49 | -1.94 | -2.17 |
|         6 | -1.53 | -1.46 | -2.28 | -1.54 | -2.10 | -1.24 | -0.63 | -0.88 | -1.68 | -1.85 | -0.99 | -1.60 | -1.96 | -2.02 | -1.12 | -0.98 | -2.30 | -2.40 | -1.00 | -1.99 | -1.35 | -1.26 | -1.65 | -1.26 | -0.49 | -1.23 | -0.77 | -1.26 | -1.41 | -1.49 | -1.39 | -1.02 | -1.00 | -1.68 | -1.36 | -0.97 | -0.89 | -1.27 | -1.55 | -1.41 |
|         7 | -1.20 | -1.31 | -1.96 | -1.37 | -1.56 | -1.05 | -0.30 | -0.62 | -1.38 | -1.28 | -0.58 | -1.00 | -1.86 | -1.75 | -1.10 | -0.94 | -1.79 | -1.75 | -0.52 | -1.86 | -1.34 | -1.29 | -1.22 | -0.90 | -0.28 | -1.04 | -0.40 | -0.68 | -1.10 | -1.02 | -0.96 | -0.52 | -0.37 | -1.18 | -1.17 | -1.01 | -0.56 | -0.89 | -1.30 | -1.14 |
|         8 | -0.94 | -0.96 | -1.75 | -0.64 | -1.16 | -0.82 | -0.27 | -0.30 | -0.94 | -1.01 | -0.24 | -0.44 | -1.51 | -1.52 | -1.10 | -1.01 | -1.54 | -1.36 | -0.30 | -1.33 | -1.20 | -0.79 | -0.80 | -0.61 | -0.04 | -0.60 |  0.05 | -0.39 | -1.07 | -0.63 | -0.52 |  0.24 | -0.13 | -0.53 | -0.69 | -0.32 | -0.36 | -0.37 | -0.93 | -0.53 |
|         9 | -0.74 | -0.48 | -1.57 | -0.36 | -0.92 | -0.28 |  0.12 | -0.07 | -0.70 | -0.84 | -0.10 |  0.05 | -1.10 | -1.45 | -0.79 | -0.63 | -0.86 | -0.71 |  0.05 | -1.06 | -0.56 | -0.48 | -0.30 | -0.48 |  0.11 | -0.53 |  0.30 | -0.16 | -0.48 | -0.17 | -0.43 |  0.59 |     0 | -0.21 | -0.23 |  0.09 | -0.06 | -0.08 | -0.28 | -0.22 |
|        10 | -0.55 | -0.43 | -1.17 | -0.21 | -0.52 |  0.21 |  0.59 | -0.14 | -0.39 | -0.71 |  0.11 |  0.09 | -0.95 | -1.21 | -0.35 | -0.44 | -0.29 | -0.46 |  0.26 | -1.01 | -0.23 | -0.33 | -0.24 | -0.20 |  0.55 | -0.16 |  0.72 | -0.30 | -0.53 |  0.39 | -0.16 |  0.80 |  0.52 |  0.05 |  0.01 |  0.37 | -0.22 |  0.10 | -0.01 | -0.13 |
|        11 | -0.41 | -0.35 | -0.89 | -0.07 | -0.36 |  0.53 |  0.45 | -0.02 |  0.06 | -0.70 |  0.47 |  0.32 | -0.65 | -1.10 | -0.34 | -0.20 | -0.32 | -0.49 |  0.24 | -0.78 |  0.21 |  0.10 | -0.20 |  0.01 |  0.93 | -0.12 |  1.05 | -0.46 | -0.29 |  0.68 |  0.22 |  0.63 |  0.85 |  0.29 | -0.11 |  0.25 | -0.10 |  0.39 |  0.04 | -0.31 |
|        12 | -0.02 | -0.28 | -0.63 |  0.04 |  0.21 |  0.60 |  0.46 |  0.07 |  0.27 | -0.29 |  0.85 |  0.86 | -0.73 | -0.72 | -0.52 |  0.04 |  0.01 | -0.16 |  0.61 | -0.31 |  0.45 |  0.48 |  0.08 | -0.01 |  1.12 |     0 |  1.32 | -0.15 |  0.11 |  0.50 |  0.19 |  0.91 |  1.00 |  0.40 | -0.24 |  0.22 | -0.12 |  0.53 | -0.21 | -0.04 |
|        13 | -0.16 | -0.16 |  0.08 |  0.29 |  0.53 |  0.42 |  0.61 |  0.18 |  0.01 |  0.30 |  0.67 |  1.53 | -0.97 | -0.04 |  0.43 |  0.46 |  0.03 |  0.14 |  0.89 |  0.09 |  0.41 |  0.56 |  0.17 |  0.64 |  1.12 |  0.27 |  1.64 | -0.13 |  0.35 |  0.25 |  0.43 |  1.47 |  1.27 |  0.60 | -0.11 |  0.48 |  0.49 |  0.45 |  0.48 |  0.17 |
|        14 |  0.22 |  0.48 |  1.20 |  0.17 |  1.53 |  0.74 |  0.43 |  0.70 |  0.81 |  1.17 |  0.87 |  2.13 | -0.52 |  0.49 |  1.89 |  1.33 |  1.49 |  0.86 |  1.68 |  0.59 |  0.65 |  1.23 |  0.59 |  1.68 |  1.90 |  0.65 |  2.26 | -0.12 |  0.45 |  1.00 |  0.69 |  2.12 |  1.99 |  1.04 |  0.99 |  0.86 |  1.36 |  0.61 |  0.78 |  0.38 |
|        15 |  0.65 |  0.34 |  2.02 |  0.37 |  1.97 |  1.00 |  1.06 |  1.27 |  1.82 |  1.39 |  1.23 |  2.43 |  0.42 |  1.45 |  2.81 |  2.38 |  1.85 |  2.19 |  2.53 |  1.36 |  1.46 |  1.97 |  1.31 |  2.64 |  2.64 |  0.81 |  2.73 |  0.59 |  1.38 |  2.03 |  1.45 |  3.08 |  3.09 |  1.55 |  2.13 |  1.58 |  2.20 |  1.42 |  1.70 |  1.59 |
|        16 |  1.77 |  1.60 |  2.73 |  0.28 |  2.39 |  1.82 |  2.26 |  2.30 |  2.03 |  1.88 |  1.51 |  3.12 |  0.99 |  2.39 |  3.13 |  2.98 |  3.03 |  2.82 |  2.66 |  2.04 |  1.92 |  2.37 |  2.31 |  3.00 |  3.18 |  1.50 |  3.76 |  1.77 |  1.55 |  3.04 |  2.34 |  3.85 |  2.67 |  2.65 |  2.87 |  1.31 |  2.82 |  1.96 |  2.27 |  2.58 |
|        17 |  2.19 |  2.87 |  3.34 |  1.11 |  2.75 |  2.44 |  3.75 |  3.39 |  2.81 |  2.30 |  2.28 |  3.53 |  1.46 |  3.30 |  3.43 |  3.27 |  3.82 |  2.91 |  3.25 |  2.46 |  2.17 |  3.75 |  3.29 |  3.14 |  3.70 |  2.59 |  4.21 |  2.57 |  2.07 |  3.25 |  2.89 |  3.71 |  2.53 |  3.41 |  3.41 |  1.71 |  3.60 |  2.13 |  2.99 |  3.61 |
|        18 |  3.20 |  3.67 |  3.57 |  2.69 |  3.48 |  2.67 |  3.89 |  3.76 |  3.55 |  2.93 |  3.31 |  4.57 |  2.69 |  4.11 |  3.46 |  3.79 |  4.60 |  3.97 |  3.77 |  3.53 |  3.34 |  4.36 |  3.98 |  3.73 |  4.47 |  3.20 |  4.18 |  3.10 |  2.72 |  3.39 |  3.78 |  4.76 |  3.80 |  4.36 |  3.75 |  2.91 |  3.99 |  3.41 |  3.92 |  4.17 |
|        19 |  3.13 |  3.72 |  3.57 |  2.96 |  3.97 |  3.30 |  3.92 |  3.17 |  3.94 |  3.01 |  4.28 |  4.92 |  3.21 |  4.48 |  3.60 |  4.16 |  4.89 |  4.30 |  4.03 |  3.69 |  3.69 |  4.66 |  4.21 |  3.53 |  4.63 |  3.75 |  4.61 |  3.35 |  3.76 |  3.14 |  4.23 |  5.07 |  3.87 |  4.05 |  3.83 |  3.51 |  3.33 |  4.30 |  4.11 |  4.51 |
|        20 |  3.83 |  3.38 |  3.73 |  3.43 |  4.46 |  4.23 |  4.23 |  3.01 |  4.02 |  2.34 |  4.04 |  5.10 |  2.81 |  4.55 |  4.88 |  4.30 |  5.09 |  5.02 |  4.10 |  4.05 |  4.00 |  5.33 |  3.57 |  3.63 |  5.20 |  4.42 |  5.02 |  3.64 |  4.00 |  3.19 |  4.37 |  5.50 |  3.84 |  4.62 |  4.00 |  3.87 |  3.17 |  4.26 |  4.43 |  4.37 |
|        21 |  4.21 |  2.76 |  3.96 |  3.23 |  4.89 |  4.47 |  4.44 |  3.57 |  4.10 |  2.24 |  4.27 |  5.82 |  3.21 |  4.97 |  4.97 |  5.10 |  4.97 |  5.22 |  4.56 |  4.69 |  3.89 |  5.63 |  4.10 |  3.42 |  5.68 |  3.95 |  5.13 |  4.00 |  3.32 |  3.52 |  4.54 |  5.62 |  4.30 |  4.92 |  4.87 |  4.65 |  3.79 |  3.96 |  5.47 |  4.82 |
|        22 |  4.06 |  2.68 |  4.30 |  3.38 |  4.85 |  4.52 |  4.86 |  4.39 |  4.18 |  2.64 |  4.47 |  6.18 |  3.91 |  5.66 |  5.20 |  4.84 |  5.13 |  4.99 |  4.82 |  4.68 |  3.82 |  5.94 |  4.57 |  3.40 |  5.92 |  4.90 |  5.27 |  4.76 |  2.98 |  3.84 |  4.65 |  5.79 |  4.72 |  4.95 |  5.29 |  4.86 |  4.23 |  4.21 |  6.41 |  5.19 |
|        23 |  3.88 |  2.92 |  5.02 |  4.07 |  4.70 |  4.55 |  4.95 |  4.74 |  4.75 |  3.55 |  4.01 |  5.98 |  4.57 |  5.86 |  6.01 |  4.71 |  5.27 |  4.68 |  5.65 |  5.44 |  4.45 |  5.67 |  5.20 |  4.27 |  5.71 |  5.07 |  5.36 |  5.54 |  3.61 |  4.67 |  4.73 |  6.28 |  5.04 |  4.70 |  5.48 |  4.94 |  4.53 |  5.33 |  5.66 |  5.35 |
|        24 |  4.42 |  4.29 |  4.64 |  4.30 |  4.84 |  4.73 |  5.67 |  4.89 |  4.64 |  4.35 |  4.86 |  5.97 |  4.95 |  5.84 |  6.23 |  4.67 |  5.23 |  4.87 |  5.87 |  5.92 |  4.80 |  6.06 |  5.45 |  4.66 |  6.04 |  5.57 |  5.19 |  5.87 |  3.97 |  5.29 |  5.20 |  5.90 |  5.44 |  5.49 |  5.61 |  5.02 |  3.92 |  5.70 |  5.50 |  5.37 |
|        25 |  5.12 |  4.86 |  4.94 |  4.56 |  4.20 |  4.54 |  5.97 |  4.98 |  4.92 |  4.57 |  5.16 |  5.79 |  5.03 |  6.02 |  5.80 |  4.40 |  5.34 |  5.66 |  6.13 |  5.65 |  4.68 |  6.44 |  4.84 |  5.27 |  6.32 |  5.65 |  5.18 |  5.58 |  3.89 |  5.12 |  5.41 |  5.56 |  5.33 |  5.40 |  5.22 |  5.08 |  4.37 |  5.42 |  6.07 |  5.43 |
|        26 |  4.92 |  5.73 |  6.00 |  5.20 |  4.96 |  4.42 |  6.24 |  5.39 |  4.33 |  4.21 |  4.67 |  5.68 |  3.79 |  6.42 |  5.96 |  4.66 |  5.50 |  6.01 |  6.33 |  5.94 |  5.43 |  5.94 |  4.41 |  5.36 |  6.62 |  5.76 |  4.90 |  5.91 |  3.59 |  5.18 |  5.43 |  6.38 |  4.70 |  5.84 |  5.94 |  5.05 |  4.98 |  5.50 |  5.60 |  5.89 |
|        27 |  5.32 |  4.90 |  5.22 |  5.61 |  5.31 |  4.72 |  6.28 |  5.38 |  4.23 |  4.24 |  4.10 |  5.27 |  3.17 |  6.24 |  6.58 |  4.83 |  5.71 |  6.13 |  6.34 |  6.35 |  5.08 |  5.76 |  4.96 |  4.48 |  6.86 |  6.10 |  5.12 |  6.32 |  4.88 |  5.53 |  5.75 |  5.95 |  5.12 |  5.48 |  6.18 |  6.00 |  5.41 |  5.67 |  5.50 |  6.56 |
|        28 |  5.59 |  5.24 |  5.42 |  4.73 |  6.08 |  4.63 |  5.97 |  5.57 |  4.22 |  4.35 |  5.20 |  4.92 |  3.69 |  6.35 |  6.87 |  5.45 |  5.80 |  5.81 |  7.08 |  5.81 |  5.98 |  5.25 |  4.51 |  5.65 |  5.75 |  6.17 |  5.39 |  6.32 |  5.36 |  5.86 |  5.84 |  5.03 |  5.67 |  5.77 |  6.04 |  5.89 |  5.46 |  5.92 |  5.29 |  6.53 |
|        29 |  6.28 |  6.19 |  6.15 |  5.27 |  5.97 |  4.48 |  6.04 |  5.66 |  4.70 |  4.70 |  5.09 |  4.72 |  3.98 |  6.67 |  7.33 |  5.76 |  6.14 |  5.43 |  7.17 |  6.29 |  5.78 |  5.12 |  4.63 |  5.71 |  5.77 |  6.73 |  6.01 |  6.61 |  5.48 |  6.15 |  5.79 |  5.43 |  5.78 |  6.73 |  5.46 |  6.73 |  5.47 |  6.18 |  5.30 |  6.80 |
|        30 |  6.17 |  6.44 |  6.54 |  6.11 |  6.72 |  5.65 |  6.51 |  5.73 |  4.47 |  4.90 |  6.01 |  5.15 |  4.15 |  6.63 |  7.04 |  5.85 |  6.43 |  5.73 |  6.53 |  6.25 |  6.10 |  5.80 |  4.83 |  5.65 |  6.32 |  7.05 |  6.06 |  7.18 |  5.78 |  6.20 |  6.26 |  5.51 |  5.84 |  6.69 |  5.60 |  6.21 |  6.02 |  5.75 |  6.08 |  7.05 |
|        31 |  6.23 |  6.82 |  6.38 |  6.31 |  7.11 |  6.44 |  6.81 |  5.92 |  5.65 |  5.19 |  6.19 |  5.32 |  4.52 |  6.83 |  7.17 |  5.60 |  6.01 |  6.25 |  6.41 |  6.35 |  7.14 |  6.10 |  5.77 |  5.14 |  5.97 |  6.47 |  6.78 |  6.53 |  6.39 |  6.03 |  6.65 |  4.97 |  5.59 |  6.93 |  6.83 |  6.03 |  6.23 |  5.82 |  7.01 |  7.19 |
|        32 |  5.98 |  6.52 |  6.61 |  7.21 |  6.88 |  6.13 |  6.65 |  5.63 |  5.77 |  4.06 |  5.92 |  5.83 |  5.58 |  7.00 |  7.37 |  5.13 |  6.31 |  6.17 |  6.61 |  6.53 |  7.51 |  5.82 |  6.10 |  4.56 |  6.60 |  6.57 |  7.58 |  6.69 |  6.71 |  5.87 |  6.33 |  5.09 |  5.37 |  6.96 |  6.12 |  6.25 |  6.93 |  6.43 |  7.91 |  6.99 |
|        33 |  6.47 |  6.80 |  6.37 |  7.42 |  6.43 |  7.26 |  6.84 |  5.79 |  6.28 |  3.96 |  6.14 |  6.34 |  6.18 |  7.37 |  7.61 |  5.03 |  6.37 |  5.98 |  6.90 |  7.08 |  7.05 |  5.18 |  6.94 |  5.10 |  6.79 |  7.00 |  7.11 |  6.94 |  6.28 |  5.99 |  6.24 |  5.18 |  4.96 |  6.21 |  5.64 |  6.65 |  6.61 |  6.36 |  7.48 |  7.38 |
|        34 |  6.84 |  7.22 |  6.54 |  7.41 |  7.07 |  6.63 |  7.35 |  5.99 |  6.40 |  3.88 |  6.74 |  6.63 |  5.93 |  7.24 |  7.30 |  6.05 |  6.54 |  6.56 |  7.63 |  7.01 |  7.26 |  4.61 |  6.87 |  6.24 |  6.97 |  6.97 |  7.43 |  6.90 |  7.22 |  6.13 |  6.73 |  6.27 |  5.22 |  6.65 |  5.11 |  6.70 |  6.68 |  6.98 |  6.89 |  8.02 |
|        35 |  6.57 |  7.15 |  6.83 |  7.82 |  6.99 |  6.89 |  7.25 |  6.51 |  8.13 |  3.74 |  7.03 |  6.55 |  6.48 |  6.81 |  7.20 |  6.60 |  6.79 |  6.40 |  8.25 |  7.21 |  7.59 |  5.40 |  6.71 |  6.20 |  7.54 |  7.04 |  7.97 |  7.42 |  7.71 |  6.57 |  6.54 |  6.68 |  6.44 |  7.49 |  5.12 |  6.60 |  6.64 |  6.75 |  6.86 |  7.83 |
|        36 |  6.33 |  7.30 |  5.98 |  7.71 |  7.18 |  7.20 |  7.09 |  6.45 |  7.40 |  3.27 |  7.13 |  6.61 |  6.80 |  6.86 |  7.42 |  7.00 |  6.23 |  6.41 |  7.81 |  7.50 |  7.93 |  5.69 |  6.86 |  6.35 |  7.81 |  6.74 |  7.95 |  6.95 |  7.18 |  6.48 |  6.55 |  7.37 |  6.05 |  7.68 |  6.23 |  6.48 |  6.47 |  7.04 |  7.27 |  8.18 |
|        37 |  5.74 |  7.21 |  5.44 |  7.31 |  7.02 |  7.30 |  7.27 |  6.50 |  7.10 |  3.11 |  6.89 |  6.90 |  8.35 |  6.83 |  7.41 |  6.86 |  6.43 |  5.47 |  7.81 |  7.36 |  7.73 |  6.10 |  7.53 |  6.71 |  8.02 |  6.95 |  7.49 |  6.91 |  7.67 |  5.96 |  7.21 |  7.82 |  6.74 |  7.58 |  6.44 |  6.70 |  6.89 |  7.36 |  7.79 |  8.58 |
|        38 |  5.82 |  7.31 |  4.29 |  7.62 |  7.26 |  7.17 |  7.38 |  6.98 |  7.29 |  3.27 |  7.16 |  6.89 |  8.51 |  6.72 |  7.18 |  6.64 |  7.08 |  4.82 |  7.73 |  7.46 |  7.55 |  6.27 |  7.59 |  6.59 |  7.63 |  7.80 |  6.44 |  7.37 |  8.21 |  6.26 |  6.91 |  6.64 |  7.00 |  6.94 |  6.64 |  7.12 |  6.87 |  7.72 |  7.31 |  8.91 |
|        39 |  5.54 |  7.39 |  3.73 |  7.46 |  7.06 |  7.51 |  7.17 |  6.63 |  7.32 |  3.84 |  6.48 |  6.76 |  8.09 |  6.58 |  6.93 |  7.01 |  7.14 |  4.84 |  7.41 |  6.85 |  7.00 |  6.84 |  7.11 |  6.64 |  7.29 |  7.44 |  5.90 |  7.69 |  8.92 |  7.11 |  7.03 |  6.31 |  7.08 |  6.65 |  6.76 |  6.39 |  7.06 |  7.66 |  6.45 |  7.56 |
|        40 |  5.36 |  7.70 |  3.14 |  6.83 |  6.45 |  7.75 |  6.76 |  6.53 |  7.37 |  4.23 |  5.33 |  6.36 |  7.32 |  6.51 |  7.02 |  6.95 |  6.69 |  6.32 |  7.01 |  5.63 |  6.20 |  6.40 |  6.06 |  6.79 |  6.42 |  6.65 |  5.53 |  7.38 |  8.70 |  7.31 |  7.12 |  6.04 |  7.67 |  6.30 |  6.46 |  6.19 |  7.33 |  7.13 |  4.90 |  5.43 |
|        41 |  5.30 |  7.41 |  2.47 |  6.60 |  5.16 |  7.47 |  7.02 |  6.62 |  7.72 |  4.37 |  5.06 |  5.35 |  6.34 |  6.23 |  6.63 |  6.75 |  6.48 |  4.87 |  7.22 |  5.09 |  5.55 |  5.35 |  5.23 |  6.54 |  6.47 |  6.15 |  5.36 |  7.02 |  8.14 |  7.00 |  7.02 |  5.44 |  7.61 |  6.16 |  5.55 |  6.00 |  7.30 |  6.26 |  3.95 |  5.00 |
|        42 |  4.85 |  6.74 |  2.80 |  6.56 |  3.98 |  7.51 |  6.06 |  6.33 |  6.98 |  3.92 |  4.80 |  4.32 |  5.52 |  5.91 |  5.06 |  5.31 |  6.39 |  3.42 |  7.24 |  5.49 |  5.32 |  5.31 |  4.83 |  6.49 |  6.21 |  6.30 |  4.78 |  6.45 |  7.44 |  7.12 |  6.90 |  4.76 |  7.82 |  5.80 |  4.23 |  6.09 |  7.36 |  4.49 |  3.43 |  4.32 |
|        43 |  5.08 |  5.70 |  3.30 |  8.12 |  3.31 |  5.99 |  4.31 |  6.92 |  6.48 |  3.58 |  3.78 |  4.81 |  5.09 |  4.76 |  5.49 |  4.09 |  6.08 |  2.89 |  6.13 |  6.79 |  5.02 |  6.53 |  3.69 |  7.16 |  5.05 |  6.80 |  5.36 |  6.59 |  6.68 |  6.90 |  6.77 |  4.78 |  7.85 |  4.75 |  3.48 |  6.27 |  6.91 |  3.73 |  2.49 |  4.28 |
|        44 |  5.81 |  5.46 |  3.12 |  7.53 |  3.83 |  5.45 |  3.02 |  6.76 |  6.55 |  2.95 |  2.74 |  4.74 |  5.32 |  4.15 |  5.69 |  1.05 |  5.42 |  2.38 |  6.28 |  7.68 |  3.96 |  7.04 |  3.29 |  6.09 |  3.38 |  6.44 |  5.18 |  6.47 |  5.98 |  7.09 |  6.62 |  5.15 |  7.04 |  3.54 |  3.22 |  6.37 |  6.83 |  2.70 |  2.32 |  5.65 |
|        45 |  6.08 |  4.82 |  1.86 |  5.28 |  4.14 |  3.27 |  2.78 |  6.31 |  5.86 |  2.96 |  3.29 |  4.85 |  5.32 |  2.51 |  2.63 |  0.60 |  4.54 |  2.78 |  5.59 |  7.51 |  2.75 |  7.14 |  2.78 |  5.92 |  3.07 |  5.31 |  4.89 |  7.07 |  5.25 |  6.24 |  5.70 |  4.67 |  6.18 |  3.23 |  3.23 |  5.88 |  6.80 |  4.74 |  2.73 |  5.83 |
|        46 |  6.47 |  4.94 |  0.93 |  4.42 |  4.35 |  2.41 |  1.98 |  5.71 |  5.75 |  4.34 |  3.96 |  5.45 |  5.23 |  0.28 |  1.70 |  0.86 |  2.35 |  2.89 |  5.05 |  6.41 |  2.53 |  7.27 |  2.97 |  6.09 |  2.96 |  4.63 |  5.69 |  6.38 |  5.36 |  5.75 |  4.02 |  4.84 |  5.83 |  3.85 |  4.50 |  5.60 |  6.63 |  4.59 |  3.68 |  5.72 |
|        47 |  6.72 |  4.99 |  0.97 |  4.67 |  4.72 |  3.83 |  1.12 |  4.92 |  4.50 |  4.84 |  4.78 |  5.20 |  4.74 |  0.44 |  1.99 |  2.04 |  2.24 |  3.25 |  5.23 |  5.04 |  3.93 |  6.85 |  2.79 |  6.28 |  3.64 |  4.06 |  5.72 |  5.53 |  5.77 |  6.12 |  2.18 |  5.24 |  5.11 |  4.05 |  5.18 |  5.75 |  6.05 |  4.05 |  4.06 |  5.39 |
|        48 |  6.54 |  5.55 |  0.54 |  4.75 |  4.86 |  4.25 |  0.19 |  5.12 |  4.50 |  5.04 |  4.95 |  5.05 |  4.71 |  0.91 |  3.18 |  3.76 |  3.31 |  3.84 |  5.98 |  4.97 |  3.27 |  5.78 |  3.00 |  5.50 |  3.56 |  4.14 |  5.95 |  5.11 |  7.32 |  5.17 |  1.18 |  5.52 |  4.46 |  4.49 |  5.24 |  6.58 |  5.18 |  4.11 |  4.31 |  5.33 |
|        51 |  5.59 |  3.25 |  0.89 |  4.85 |  5.22 |  2.71 |  1.71 |  5.34 |  2.50 |  5.10 |  4.66 |  4.35 |  4.03 |  2.03 |  4.49 |  4.76 |  4.04 |  5.54 |  4.65 |  4.89 |  2.58 |  2.15 |  4.35 |  3.77 |  3.68 |  3.75 |  4.91 |  3.57 |  4.26 |  3.87 | -0.07 |  4.21 |  3.01 |  5.12 |  4.36 |  4.94 |  2.82 |  3.36 |  4.12 |  3.98 |
|        54 |  4.48 |  3.50 |  0.94 |  5.26 |  4.51 |  2.44 |  3.11 |  4.69 |  2.11 |  3.62 |  3.30 |  4.87 |  2.22 |  2.53 |  3.68 |  4.39 |  3.27 |  5.26 |  4.56 |  5.06 |  2.34 |  2.03 |  3.84 |  3.12 |  2.44 |  2.33 |  4.60 |  3.50 |  4.48 |  3.72 |  0.22 |  4.56 |  2.59 |  5.13 |  2.89 |  2.86 |  3.66 |  3.61 |  2.68 |  3.42 |
|        57 |  3.63 |  3.40 |  1.70 |  3.20 |  3.31 |  2.20 |  3.23 |  4.62 |  0.73 |  1.46 |  2.42 |  4.11 |  1.48 |  3.23 |  3.84 |  4.82 |  2.45 |  4.48 |  4.31 |  4.38 |  1.52 |  2.82 |  2.54 |  2.51 |  2.74 |  1.69 |  2.72 |  3.77 |  4.05 |  3.60 |  1.18 |  4.46 |  4.07 |  3.95 |  2.57 |  2.78 |  3.01 |  0.86 |  1.78 |  2.12 |
|        60 |  2.14 |  2.92 |  3.80 |  3.39 |  2.17 |  2.46 |  3.58 |  3.71 |  0.67 |  2.27 |  0.89 |  2.61 |  2.78 |  2.11 |  3.59 |  4.12 |  0.27 |  4.51 |  4.02 |  4.25 |  0.72 |  2.29 |  0.37 |  2.55 |  2.15 |  1.90 |  3.40 |  3.47 |  0.83 |  3.42 |  1.44 |  5.64 |  4.79 |  0.70 |  1.62 |  1.40 |  2.43 |  1.21 |  1.30 |  2.28 |
|        63 |  1.78 |  0.12 |  6.27 |  4.34 |  3.16 |  2.53 |  1.61 |  1.23 | -0.82 |  2.30 |  1.04 | -0.06 |  2.70 |  0.89 |  2.01 |  2.91 |  2.31 |  3.16 |  2.89 |  0.04 |  4.14 |  2.64 |  1.48 |  1.07 |  1.94 |  2.22 |  2.51 |  3.28 | -0.27 |  2.19 |  0.59 |  2.26 |  5.48 |  0.57 |  1.32 |  3.40 |  1.34 |  3.18 |  1.13 |  3.36 |
|        66 |  0.80 | -0.61 |  5.73 |  3.00 |  3.20 |  1.70 |  2.17 |  1.21 |  0.60 |  3.09 |  4.18 |  0.96 |  2.85 |  0.03 |  0.33 |  0.58 |  5.28 |  0.82 |  2.12 | -0.26 |  2.12 |  3.40 |  1.68 |  1.12 |  4.80 |  1.14 |  2.30 |  3.67 |  0.96 |  0.53 |  0.44 |  1.31 |  5.35 |  0.74 |  0.75 |  5.07 | -0.20 |  2.86 |  0.41 |  1.70 |
|        69 |  0.04 | -0.51 |  4.13 |  3.07 |  0.48 | -0.02 |  0.74 |  1.10 |  0.45 |  3.74 |  4.30 |  0.87 |  0.54 |  1.78 |  0.99 |  0.15 |  4.20 | -0.31 |  0.27 |  1.56 |  0.53 |  2.07 |  0.56 |  1.67 |  5.35 |  0.15 |  3.27 |  1.53 |  1.51 |  0.68 |  0.90 |  0.64 |  4.48 |  0.53 |  0.79 |  3.66 | -0.22 |  1.56 |  0.34 |  0.30 |
|        72 | -0.38 |  0.68 |  3.32 |  3.12 | -0.92 |  0.41 |  3.84 |  3.94 | -0.02 |  4.04 |  1.68 |  0.54 | -0.34 |  0.59 |  1.11 | -0.93 |  2.90 | -0.79 |  0.17 |  2.51 |  0.37 |  3.28 |  1.45 |  0.65 |  2.95 |  0.67 |  2.40 |  0.46 |  0.51 |  0.71 |  1.51 |  1.51 |  2.46 |  3.71 |  0.08 |  2.57 |  0.19 |  0.48 |  1.66 |  0.11 |
|        78 |  2.23 | -1.40 |  1.15 |  3.02 | -0.52 |  1.23 |  1.96 |  1.99 |  0.76 |  0.39 |  1.67 |  2.11 |  0.32 | -2.13 |  1.75 | -0.61 |  0.08 |  1.35 |  0.84 |  0.35 |  4.87 |  2.82 | -0.70 | -0.64 |  2.01 | -1.71 |  0.07 |  1.83 | -2.15 |  0.61 |  1.10 |  2.71 |  1.11 |  0.54 | -0.87 |  2.06 |  0.78 |  2.00 | -0.33 |  2.07 |
|        84 |  1.12 | -1.97 | -0.21 |  1.27 | -1.64 | -2.02 |  0.90 | -0.88 |  0.60 | -0.90 |  1.02 |  0.30 |  0.93 | -2.86 |  0.37 |  0.84 | -1.00 | -0.36 | -0.36 |  0.49 | -0.29 |  0.51 | -1.51 | -0.50 |  2.28 | -3.12 |  0.71 | -0.40 | -1.14 |  0.38 |  1.59 |  0.45 |  2.02 | -0.69 | -1.08 |  1.88 |  1.28 |  0.48 | -2.70 | -0.21 |
|        90 |  0.91 | -3.63 | -2.04 | -0.06 | -2.46 | -1.89 | -0.10 | -0.89 | -0.91 | -3.08 | -0.52 | -0.08 | -1.74 | -3.94 | -0.75 | -2.86 | -0.54 | -1.86 | -2.95 | -1.54 |  0.70 | -0.68 | -3.39 | -1.57 | -0.07 | -3.95 |  0.43 | -3.05 | -3.26 | -1.12 |  0.27 | -1.44 |  0.51 | -2.71 |  0.08 |  0.11 | -0.66 | -0.34 | -3.44 | -1.98 |
|        96 |  0.20 | -4.72 | -3.32 | -1.17 | -4.55 | -4.00 | -2.28 | -0.94 | -1.65 | -3.77 | -1.79 | -1.22 | -2.24 | -4.01 | -2.44 | -2.81 | -0.60 | -4.18 | -3.53 | -2.51 |  0.23 | -3.56 | -4.38 | -1.17 | -0.74 | -4.88 | -1.19 | -4.47 | -4.76 | -2.27 |  0.43 | -1.97 | -0.61 | -3.90 | -0.69 | -0.20 | -1.04 | -2.91 | -5.02 | -3.22 |
|       102 | -1.22 | -5.51 | -6.15 | -1.42 | -6.38 | -5.74 | -4.87 | -1.95 | -4.85 | -4.42 | -4.54 | -2.76 | -5.07 | -5.63 | -3.60 | -3.99 | -0.91 | -4.67 | -2.41 | -2.30 | -0.63 | -4.29 | -5.00 | -2.63 | -2.82 | -6.06 | -2.15 | -8.19 | -5.85 | -4.81 | -1.57 | -3.94 | -1.49 | -4.76 | -3.20 |  0.06 | -3.27 | -2.53 | -4.78 | -4.61 |
|       108 | -3.41 | -5.95 | -7.16 | -1.13 | -6.20 | -5.87 | -4.40 | -3.50 | -5.03 | -4.80 | -3.42 | -3.12 | -5.67 | -6.63 | -4.09 | -4.43 | -1.80 | -5.53 | -3.80 | -2.81 | -1.42 | -4.19 | -4.82 | -4.72 | -4.17 | -5.93 | -3.66 | -8.32 | -5.57 | -4.91 | -3.41 | -5.58 | -2.23 | -5.72 | -3.67 | -0.28 | -3.50 | -4.11 | -3.19 | -4.46 |
|       114 | -4.46 | -3.88 | -5.59 | -1.46 | -5.36 | -5.06 | -4.42 | -2.58 | -6.74 | -4.38 | -4.46 | -2.63 | -4.90 | -5.49 | -6.84 | -4.84 | -2.50 | -5.35 | -3.40 | -2.58 | -1.15 | -3.95 | -5.17 | -3.64 | -4.57 | -6.64 | -4.19 | -7.04 | -4.00 | -4.91 | -4.98 | -7.33 | -3.37 | -6.56 | -4.86 | -0.96 | -4.03 | -5.23 |     0 | -5.53 |
|       120 | -4.80 | -4.10 | -4.87 | -3.04 | -3.88 | -3.55 | -4.49 | -1.29 | -6.62 | -3.80 | -3.95 | -2.10 | -4.20 | -4.18 | -6.93 | -5.25 | -2.98 | -4.38 | -3.44 | -1.14 | -1.33 | -1.38 | -5.42 | -3.28 | -3.96 | -5.85 | -4.73 | -7.25 | -4.16 | -4.68 | -4.75 | -5.84 | -4.97 | -4.50 | -4.86 | -1.91 | -4.77 | -5.16 | -2.58 | -3.48 |
