# variable: Total Cloud Cover
# units: percent
# 
| fcst_hour |      1 |      2 |      3 |      4 |      5 |      6 |      7 |      8 |      9 |     10 |     11 |     12 |     13 |     14 |     15 |     16 |     17 |     18 |     19 |     20 |     21 |     22 |     23 |     24 |     25 |     26 |     27 |     28 |     29 |     30 |     31 |     32 |     33 |     34 |     35 |     36 |     37 |     38 |     39 |     40 |
|         0 | 100.00 | 100.00 | 100.00 |  97.01 |  99.89 | 100.00 | 100.00 | 100.00 |  97.28 | 100.00 |  99.28 | 100.00 | 100.00 | 100.00 | 100.00 | 100.00 |  99.48 |  97.22 | 100.00 |  99.53 | 100.00 |  99.89 | 100.00 | 100.00 |  99.36 |  99.95 | 100.00 |  99.59 | 100.00 |  98.02 | 100.00 |  99.78 | 100.00 | 100.00 | 100.00 | 100.00 | 100.00 |  96.04 | 100.00 | 100.00 |
|         1 | 100.00 |  99.60 | 100.00 |  98.43 | 100.00 | 100.00 | 100.00 | 100.00 |  99.87 | 100.00 | 100.00 | 100.00 | 100.00 | 100.00 | 100.00 | 100.00 |  96.85 |  97.78 | 100.00 | 100.00 | 100.00 | 100.00 |  95.95 | 100.00 |  97.50 |  99.26 |  97.96 |  98.23 | 100.00 | 100.00 | 100.00 | 100.00 | 100.00 | 100.00 | 100.00 | 100.00 | 100.00 |  96.35 | 100.00 | 100.00 |
|         2 | 100.00 |  99.90 | 100.00 |  98.81 | 100.00 | 100.00 | 100.00 |  98.96 | 100.00 |  99.09 | 100.00 | 100.00 | 100.00 | 100.00 | 100.00 | 100.00 |  99.78 |  99.84 | 100.00 |  98.93 | 100.00 | 100.00 | 100.00 | 100.00 |  96.52 |  99.40 |  96.79 |  96.64 | 100.00 | 100.00 | 100.00 | 100.00 | 100.00 | 100.00 | 100.00 | 100.00 | 100.00 | 100.00 | 100.00 | 100.00 |
|         3 | 100.00 | 100.00 |  99.94 | 100.00 | 100.00 |  98.39 | 100.00 |  99.74 | 100.00 |  99.48 | 100.00 | 100.00 | 100.00 | 100.00 | 100.00 | 100.00 | 100.00 |  98.41 | 100.00 |  99.47 | 100.00 |  97.84 | 100.00 | 100.00 |  99.80 | 100.00 |  98.81 |  99.25 | 100.00 | 100.00 | 100.00 | 100.00 | 100.00 |  99.69 | 100.00 | 100.00 | 100.00 | 100.00 | 100.00 | 100.00 |
|         4 | 100.00 | 100.00 |  98.90 | 100.00 | 100.00 | 100.00 |  98.41 |  99.97 | 100.00 |  99.37 |  99.99 | 100.00 | 100.00 | 100.00 | 100.00 | 100.00 |  99.72 |  99.47 | 100.00 |  99.34 | 100.00 |  95.22 | 100.00 | 100.00 |  95.96 |  99.64 |  94.99 |  97.97 | 100.00 | 100.00 | 100.00 | 100.00 | 100.00 | 100.00 | 100.00 | 100.00 | 100.00 | 100.00 | 100.00 | 100.00 |
|         5 |  98.03 | 100.00 |  99.14 | 100.00 | 100.00 | 100.00 |  98.69 |  99.93 | 100.00 |  99.87 | 100.00 | 100.00 | 100.00 | 100.00 | 100.00 | 100.00 |  99.34 |  99.01 | 100.00 |  98.98 |  98.45 |  98.49 |  99.45 | 100.00 |  97.15 | 100.00 |  98.05 | 100.00 | 100.00 | 100.00 | 100.00 |  98.17 | 100.00 | 100.00 | 100.00 | 100.00 | 100.00 | 100.00 |  99.24 | 100.00 |
|         6 | 100.00 |  94.52 | 100.00 | 100.00 | 100.00 | 100.00 |  96.57 |  99.81 | 100.00 | 100.00 | 100.00 | 100.00 | 100.00 | 100.00 | 100.00 | 100.00 |  99.70 |  98.29 |  99.60 | 100.00 | 100.00 | 100.00 | 100.00 | 100.00 |  98.70 | 100.00 |  97.73 | 100.00 | 100.00 |  99.71 | 100.00 |  96.74 | 100.00 | 100.00 |  99.31 | 100.00 | 100.00 | 100.00 | 100.00 | 100.00 |
|         7 |  96.62 | 100.00 |  97.39 |  91.10 | 100.00 |  98.48 |  96.17 |  97.96 | 100.00 |  95.25 | 100.00 | 100.00 | 100.00 | 100.00 | 100.00 | 100.00 |  99.50 | 100.00 |  97.54 | 100.00 |  97.02 | 100.00 | 100.00 | 100.00 |  99.95 | 100.00 |  94.78 | 100.00 |  92.87 | 100.00 | 100.00 | 100.00 | 100.00 |  99.23 | 100.00 |  98.36 | 100.00 |  90.07 | 100.00 | 100.00 |
|         8 | 100.00 | 100.00 |  94.17 |  94.36 | 100.00 |  85.63 |  93.26 | 100.00 |  98.33 |  96.66 | 100.00 | 100.00 | 100.00 | 100.00 | 100.00 | 100.00 | 100.00 | 100.00 | 100.00 |  97.56 |  96.04 |  98.44 |  95.72 |  93.97 | 100.00 |  99.58 |  92.66 |  95.12 | 100.00 |  99.28 |  93.48 |  99.08 |  94.77 |  99.59 | 100.00 |  74.94 | 100.00 |  95.03 |  97.41 | 100.00 |
|         9 |  96.53 | 100.00 |  93.19 |  93.20 | 100.00 |  94.63 |  96.54 |  97.47 | 100.00 |  95.72 |  99.61 | 100.00 |  95.32 | 100.00 |  89.09 |  99.35 |  95.85 | 100.00 |  99.18 |  73.67 | 100.00 | 100.00 |  79.05 |  90.04 |  97.71 |  95.04 |  96.93 |  87.17 | 100.00 |  94.73 |  89.86 |  96.66 | 100.00 | 100.00 |  89.99 |  76.33 | 100.00 |  98.56 | 100.00 | 100.00 |
|        10 |  93.20 | 100.00 | 100.00 |  91.15 |  97.37 |  91.35 | 100.00 |  99.47 | 100.00 |  98.71 | 100.00 |  93.24 |  98.19 | 100.00 | 100.00 |  95.94 | 100.00 | 100.00 |  96.98 |  80.27 | 100.00 |  98.26 |  92.86 |  96.69 |  96.89 |  91.43 | 100.00 |  93.93 | 100.00 |  94.85 |  97.16 |  77.05 | 100.00 | 100.00 |  70.77 |  80.45 | 100.00 | 100.00 |  85.61 | 100.00 |
|        11 |  93.81 | 100.00 |  95.25 |  97.63 |  99.91 | 100.00 |  98.96 |  98.75 | 100.00 |  97.11 |  96.74 |  87.74 |  90.42 | 100.00 |  94.48 |  97.30 |  94.88 | 100.00 |  98.40 |  70.66 |  98.66 | 100.00 | 100.00 |  99.17 |  84.67 |  80.53 |  97.76 |  83.98 |  98.06 |  94.75 |  90.11 | 100.00 |  91.01 | 100.00 |  70.90 |  46.86 | 100.00 |  94.89 |  88.57 | 100.00 |
|        12 |  89.59 | 100.00 |  90.36 |  89.57 | 100.00 | 100.00 |  92.89 |  95.37 | 100.00 | 100.00 | 100.00 |  77.08 |  75.27 |  97.41 |  96.53 |  93.45 |  96.51 |  95.54 |  96.99 |  95.39 | 100.00 | 100.00 |  99.02 | 100.00 |  77.58 | 100.00 |  86.33 |  96.37 |  97.84 | 100.00 |  80.57 | 100.00 |  95.79 | 100.00 |  95.53 |  83.11 |  96.93 |  94.15 |  86.49 | 100.00 |
|        13 | 100.00 | 100.00 |  89.05 |  92.87 | 100.00 | 100.00 |  98.19 |  82.77 | 100.00 |  90.24 | 100.00 |  98.48 |  99.04 | 100.00 | 100.00 |  76.81 |  97.55 |  97.91 | 100.00 |  99.71 | 100.00 | 100.00 | 100.00 | 100.00 |  91.46 |  97.95 |  87.79 | 100.00 | 100.00 | 100.00 | 100.00 | 100.00 |  99.56 | 100.00 |  98.67 |  84.91 |  96.09 |  80.78 | 100.00 |  95.74 |
|        14 |  99.68 | 100.00 |  92.87 | 100.00 | 100.00 | 100.00 |  96.61 |  79.51 | 100.00 | 100.00 | 100.00 | 100.00 | 100.00 | 100.00 |  90.03 |  65.47 |  84.57 | 100.00 | 100.00 |  89.86 | 100.00 |  97.54 | 100.00 | 100.00 | 100.00 | 100.00 |  90.66 |  95.93 | 100.00 |  95.97 | 100.00 | 100.00 | 100.00 | 100.00 | 100.00 |  87.35 |  96.55 | 100.00 | 100.00 | 100.00 |
|        15 | 100.00 | 100.00 | 100.00 |  99.91 | 100.00 | 100.00 |  83.18 | 100.00 | 100.00 | 100.00 | 100.00 | 100.00 | 100.00 | 100.00 | 100.00 | 100.00 | 100.00 | 100.00 | 100.00 |  99.92 | 100.00 |  72.21 | 100.00 | 100.00 | 100.00 | 100.00 | 100.00 | 100.00 | 100.00 | 100.00 | 100.00 | 100.00 | 100.00 | 100.00 | 100.00 |  99.80 |  97.70 | 100.00 | 100.00 | 100.00 |
|        16 | 100.00 | 100.00 | 100.00 | 100.00 | 100.00 | 100.00 | 100.00 | 100.00 | 100.00 | 100.00 | 100.00 | 100.00 | 100.00 | 100.00 | 100.00 | 100.00 |  99.35 | 100.00 | 100.00 | 100.00 | 100.00 | 100.00 | 100.00 | 100.00 |  98.68 | 100.00 | 100.00 | 100.00 | 100.00 | 100.00 | 100.00 | 100.00 | 100.00 | 100.00 | 100.00 | 100.00 | 100.00 | 100.00 | 100.00 | 100.00 |
|        17 | 100.00 | 100.00 | 100.00 | 100.00 | 100.00 | 100.00 | 100.00 | 100.00 | 100.00 | 100.00 | 100.00 | 100.00 | 100.00 | 100.00 | 100.00 | 100.00 | 100.00 | 100.00 | 100.00 | 100.00 | 100.00 | 100.00 | 100.00 | 100.00 | 100.00 | 100.00 | 100.00 | 100.00 | 100.00 | 100.00 | 100.00 | 100.00 | 100.00 | 100.00 | 100.00 | 100.00 | 100.00 | 100.00 | 100.00 | 100.00 |
|        18 | 100.00 | 100.00 | 100.00 | 100.00 | 100.00 | 100.00 | 100.00 | 100.00 | 100.00 | 100.00 |  99.68 | 100.00 | 100.00 | 100.00 | 100.00 | 100.00 | 100.00 | 100.00 | 100.00 | 100.00 | 100.00 | 100.00 | 100.00 | 100.00 | 100.00 | 100.00 | 100.00 | 100.00 | 100.00 | 100.00 | 100.00 | 100.00 | 100.00 | 100.00 | 100.00 | 100.00 | 100.00 | 100.00 | 100.00 | 100.00 |
|        19 | 100.00 | 100.00 | 100.00 | 100.00 | 100.00 |  99.52 | 100.00 |  99.66 | 100.00 |  99.89 |  99.59 | 100.00 | 100.00 | 100.00 | 100.00 | 100.00 |  97.79 |  99.98 |  99.12 | 100.00 | 100.00 |  99.39 | 100.00 | 100.00 | 100.00 | 100.00 | 100.00 | 100.00 | 100.00 | 100.00 | 100.00 | 100.00 | 100.00 | 100.00 | 100.00 | 100.00 |  97.79 | 100.00 | 100.00 | 100.00 |
|        20 | 100.00 |  99.04 | 100.00 | 100.00 | 100.00 | 100.00 | 100.00 | 100.00 | 100.00 |  99.44 |  96.96 | 100.00 | 100.00 | 100.00 | 100.00 | 100.00 | 100.00 | 100.00 | 100.00 | 100.00 | 100.00 | 100.00 | 100.00 | 100.00 | 100.00 | 100.00 | 100.00 | 100.00 | 100.00 | 100.00 | 100.00 | 100.00 | 100.00 | 100.00 | 100.00 | 100.00 | 100.00 | 100.00 | 100.00 | 100.00 |
|        21 | 100.00 | 100.00 | 100.00 | 100.00 | 100.00 | 100.00 | 100.00 | 100.00 | 100.00 | 100.00 |  99.98 | 100.00 | 100.00 | 100.00 | 100.00 | 100.00 | 100.00 | 100.00 | 100.00 | 100.00 | 100.00 | 100.00 | 100.00 | 100.00 | 100.00 | 100.00 | 100.00 | 100.00 | 100.00 | 100.00 | 100.00 | 100.00 | 100.00 | 100.00 | 100.00 | 100.00 | 100.00 | 100.00 | 100.00 | 100.00 |
|        22 | 100.00 |  99.66 | 100.00 | 100.00 | 100.00 | 100.00 | 100.00 | 100.00 | 100.00 | 100.00 | 100.00 | 100.00 | 100.00 | 100.00 | 100.00 | 100.00 | 100.00 |  99.16 | 100.00 |  94.18 | 100.00 | 100.00 | 100.00 | 100.00 | 100.00 | 100.00 | 100.00 | 100.00 | 100.00 | 100.00 | 100.00 | 100.00 | 100.00 | 100.00 | 100.00 | 100.00 | 100.00 | 100.00 | 100.00 | 100.00 |
|        23 | 100.00 |  97.55 | 100.00 | 100.00 |  99.96 | 100.00 | 100.00 | 100.00 |  99.04 | 100.00 |  99.13 | 100.00 | 100.00 | 100.00 | 100.00 | 100.00 | 100.00 |  97.94 | 100.00 | 100.00 |  99.31 | 100.00 | 100.00 | 100.00 | 100.00 | 100.00 | 100.00 | 100.00 | 100.00 | 100.00 | 100.00 | 100.00 | 100.00 | 100.00 | 100.00 | 100.00 | 100.00 | 100.00 | 100.00 | 100.00 |
|        24 | 100.00 | 100.00 | 100.00 | 100.00 | 100.00 | 100.00 | 100.00 |  99.67 | 100.00 | 100.00 |  99.91 | 100.00 | 100.00 | 100.00 | 100.00 | 100.00 | 100.00 |  97.98 | 100.00 | 100.00 |  99.79 | 100.00 | 100.00 | 100.00 | 100.00 | 100.00 | 100.00 | 100.00 | 100.00 | 100.00 | 100.00 | 100.00 | 100.00 | 100.00 | 100.00 | 100.00 | 100.00 | 100.00 | 100.00 | 100.00 |
|        25 |  99.35 | 100.00 | 100.00 | 100.00 | 100.00 | 100.00 | 100.00 | 100.00 | 100.00 | 100.00 | 100.00 | 100.00 | 100.00 | 100.00 | 100.00 |  99.18 | 100.00 |  99.83 | 100.00 | 100.00 |  99.96 | 100.00 | 100.00 | 100.00 | 100.00 | 100.00 | 100.00 | 100.00 | 100.00 |  99.74 | 100.00 | 100.00 | 100.00 | 100.00 | 100.00 | 100.00 | 100.00 | 100.00 | 100.00 | 100.00 |
|        26 | 100.00 | 100.00 |  99.71 | 100.00 | 100.00 | 100.00 | 100.00 | 100.00 | 100.00 | 100.00 | 100.00 | 100.00 |  99.55 | 100.00 | 100.00 |  99.79 |  99.98 |  99.60 | 100.00 | 100.00 | 100.00 | 100.00 | 100.00 | 100.00 | 100.00 | 100.00 | 100.00 | 100.00 | 100.00 | 100.00 |  99.88 | 100.00 | 100.00 | 100.00 | 100.00 | 100.00 | 100.00 | 100.00 | 100.00 | 100.00 |
|        27 | 100.00 | 100.00 |  99.50 | 100.00 | 100.00 | 100.00 | 100.00 | 100.00 |  99.93 | 100.00 | 100.00 | 100.00 | 100.00 | 100.00 | 100.00 | 100.00 | 100.00 |  99.26 | 100.00 |  98.34 | 100.00 | 100.00 | 100.00 | 100.00 | 100.00 | 100.00 | 100.00 | 100.00 | 100.00 | 100.00 | 100.00 | 100.00 | 100.00 | 100.00 | 100.00 | 100.00 | 100.00 | 100.00 | 100.00 | 100.00 |
|        28 | 100.00 | 100.00 | 100.00 | 100.00 | 100.00 | 100.00 | 100.00 | 100.00 | 100.00 | 100.00 |  99.68 | 100.00 | 100.00 | 100.00 | 100.00 | 100.00 | 100.00 | 100.00 | 100.00 | 100.00 | 100.00 | 100.00 | 100.00 | 100.00 | 100.00 | 100.00 | 100.00 | 100.00 | 100.00 | 100.00 | 100.00 | 100.00 | 100.00 | 100.00 | 100.00 | 100.00 | 100.00 | 100.00 | 100.00 | 100.00 |
|        29 | 100.00 | 100.00 | 100.00 | 100.00 | 100.00 |  99.38 | 100.00 | 100.00 |  99.89 |  97.62 | 100.00 | 100.00 |  98.09 | 100.00 | 100.00 | 100.00 | 100.00 | 100.00 |  98.48 | 100.00 | 100.00 | 100.00 | 100.00 | 100.00 | 100.00 |  99.74 |  99.97 | 100.00 | 100.00 | 100.00 | 100.00 |  99.28 | 100.00 | 100.00 | 100.00 |  99.84 | 100.00 |  99.69 | 100.00 | 100.00 |
|        30 | 100.00 |  99.96 | 100.00 | 100.00 | 100.00 |  97.39 | 100.00 | 100.00 | 100.00 | 100.00 |  97.86 | 100.00 |  99.79 | 100.00 | 100.00 | 100.00 | 100.00 | 100.00 |  99.73 | 100.00 | 100.00 | 100.00 | 100.00 | 100.00 | 100.00 | 100.00 |  98.59 | 100.00 | 100.00 |  98.69 | 100.00 |  98.71 |  98.95 | 100.00 | 100.00 |  96.22 | 100.00 | 100.00 | 100.00 | 100.00 |
|        31 | 100.00 | 100.00 |  99.17 | 100.00 | 100.00 | 100.00 | 100.00 | 100.00 |  99.85 | 100.00 |  99.82 | 100.00 |  99.36 | 100.00 | 100.00 | 100.00 | 100.00 | 100.00 | 100.00 | 100.00 | 100.00 | 100.00 | 100.00 |  99.79 | 100.00 | 100.00 | 100.00 | 100.00 | 100.00 | 100.00 | 100.00 | 100.00 | 100.00 | 100.00 | 100.00 |  98.91 | 100.00 | 100.00 | 100.00 | 100.00 |
|        32 | 100.00 | 100.00 | 100.00 |  99.21 | 100.00 | 100.00 | 100.00 |  97.76 |  99.91 | 100.00 | 100.00 | 100.00 | 100.00 | 100.00 | 100.00 |  99.74 |  99.39 | 100.00 | 100.00 | 100.00 | 100.00 | 100.00 | 100.00 | 100.00 | 100.00 | 100.00 | 100.00 | 100.00 | 100.00 | 100.00 |  99.97 | 100.00 | 100.00 | 100.00 | 100.00 | 100.00 | 100.00 | 100.00 |  99.73 |  99.30 |
|        33 | 100.00 | 100.00 | 100.00 | 100.00 | 100.00 | 100.00 | 100.00 | 100.00 | 100.00 | 100.00 | 100.00 | 100.00 | 100.00 | 100.00 | 100.00 | 100.00 | 100.00 | 100.00 | 100.00 | 100.00 | 100.00 | 100.00 |  99.42 | 100.00 |  99.42 | 100.00 | 100.00 | 100.00 | 100.00 | 100.00 | 100.00 | 100.00 | 100.00 | 100.00 | 100.00 | 100.00 | 100.00 | 100.00 | 100.00 | 100.00 |
|        34 | 100.00 | 100.00 | 100.00 | 100.00 | 100.00 | 100.00 | 100.00 |  99.80 | 100.00 | 100.00 | 100.00 | 100.00 |  99.54 | 100.00 | 100.00 | 100.00 | 100.00 | 100.00 | 100.00 | 100.00 | 100.00 | 100.00 | 100.00 | 100.00 | 100.00 | 100.00 | 100.00 | 100.00 | 100.00 | 100.00 | 100.00 | 100.00 | 100.00 | 100.00 | 100.00 | 100.00 |  96.99 | 100.00 | 100.00 | 100.00 |
|        35 | 100.00 | 100.00 | 100.00 | 100.00 | 100.00 | 100.00 | 100.00 | 100.00 | 100.00 | 100.00 | 100.00 | 100.00 |  98.45 | 100.00 | 100.00 | 100.00 | 100.00 | 100.00 | 100.00 | 100.00 | 100.00 | 100.00 | 100.00 | 100.00 | 100.00 | 100.00 | 100.00 | 100.00 | 100.00 | 100.00 | 100.00 | 100.00 | 100.00 | 100.00 | 100.00 | 100.00 | 100.00 | 100.00 | 100.00 | 100.00 |
|        36 | 100.00 | 100.00 | 100.00 | 100.00 | 100.00 | 100.00 | 100.00 | 100.00 | 100.00 | 100.00 | 100.00 | 100.00 | 100.00 | 100.00 | 100.00 | 100.00 | 100.00 | 100.00 | 100.00 | 100.00 | 100.00 | 100.00 | 100.00 | 100.00 | 100.00 | 100.00 | 100.00 | 100.00 | 100.00 | 100.00 | 100.00 | 100.00 | 100.00 | 100.00 | 100.00 | 100.00 | 100.00 | 100.00 | 100.00 | 100.00 |
|        37 | 100.00 | 100.00 | 100.00 | 100.00 | 100.00 | 100.00 | 100.00 | 100.00 | 100.00 | 100.00 | 100.00 | 100.00 | 100.00 | 100.00 | 100.00 | 100.00 | 100.00 | 100.00 | 100.00 | 100.00 | 100.00 | 100.00 | 100.00 | 100.00 |  99.55 | 100.00 | 100.00 | 100.00 | 100.00 | 100.00 | 100.00 | 100.00 | 100.00 | 100.00 | 100.00 | 100.00 | 100.00 | 100.00 | 100.00 | 100.00 |
|        38 | 100.00 | 100.00 | 100.00 |  99.52 | 100.00 | 100.00 | 100.00 | 100.00 | 100.00 |  94.81 | 100.00 | 100.00 | 100.00 | 100.00 | 100.00 |  99.60 | 100.00 | 100.00 |  98.84 |  96.81 | 100.00 | 100.00 | 100.00 | 100.00 | 100.00 | 100.00 | 100.00 | 100.00 | 100.00 | 100.00 | 100.00 |  99.17 |  98.27 | 100.00 | 100.00 | 100.00 |  99.12 | 100.00 | 100.00 | 100.00 |
|        39 | 100.00 | 100.00 | 100.00 |  94.88 | 100.00 | 100.00 | 100.00 | 100.00 | 100.00 |  97.85 | 100.00 | 100.00 |  98.03 | 100.00 | 100.00 | 100.00 | 100.00 |  94.87 | 100.00 |  98.40 | 100.00 | 100.00 | 100.00 | 100.00 | 100.00 | 100.00 | 100.00 | 100.00 |  97.04 | 100.00 |  99.98 | 100.00 | 100.00 |  87.41 | 100.00 |  94.92 | 100.00 | 100.00 |  99.98 | 100.00 |
|        40 |  96.57 | 100.00 | 100.00 |  99.28 |  98.43 | 100.00 |  99.44 |  88.85 |  83.28 |  95.85 | 100.00 |  89.26 | 100.00 | 100.00 | 100.00 | 100.00 | 100.00 |  93.83 |  99.54 |  74.17 |  95.96 | 100.00 | 100.00 | 100.00 |  96.92 | 100.00 |  95.82 |  99.33 |  94.14 |  98.97 | 100.00 | 100.00 | 100.00 |  92.50 |  96.18 |  92.52 |  98.60 |  93.34 |  86.06 | 100.00 |
|        41 | 100.00 |  98.28 | 100.00 |  99.51 | 100.00 | 100.00 | 100.00 |  86.16 | 100.00 |  72.25 |  97.20 |  99.44 |  95.22 | 100.00 | 100.00 | 100.00 |  94.74 |  88.49 |  74.48 |  93.70 |  94.10 | 100.00 | 100.00 | 100.00 |  99.07 |  96.55 |  99.97 |  91.66 |  95.20 |  99.74 | 100.00 |  99.04 |  97.93 |  89.45 |  51.42 | 100.00 |  93.28 |  92.24 |  99.37 | 100.00 |
|        42 | 100.00 |  99.19 |  98.12 |  93.90 | 100.00 |  96.62 |  99.44 |  80.25 |  96.02 |  70.67 |  94.74 |  92.85 |  95.99 | 100.00 |  98.06 |  98.35 | 100.00 |  84.21 |  95.36 |  76.36 |  75.47 | 100.00 | 100.00 |  99.83 |  88.82 | 100.00 |  93.83 |  85.19 | 100.00 | 100.00 |  97.03 | 100.00 |  99.18 | 100.00 |  70.98 |  85.70 |  96.52 |  93.16 |  87.08 |  93.13 |
|        43 |  95.96 |  88.91 |  88.04 |  94.45 |  75.42 |  94.66 | 100.00 |  77.12 | 100.00 |  94.77 |  94.58 | 100.00 |  83.28 | 100.00 |  89.32 |  88.67 |  94.39 |  88.61 |  96.99 |  46.07 |  79.45 |  94.46 | 100.00 |  99.05 |  73.03 |  97.77 |  96.07 |  93.51 |  90.61 | 100.00 | 100.00 |  83.91 | 100.00 |  92.55 |  82.34 |  83.18 |  71.87 | 100.00 |  92.72 |  88.01 |
|        44 | 100.00 | 100.00 |  95.53 |  77.85 |  92.16 |  43.04 | 100.00 |  90.37 |  96.67 |  87.06 |  89.16 | 100.00 |  76.75 |  94.30 | 100.00 |  80.21 | 100.00 |  87.85 | 100.00 |  72.99 |  87.46 |  75.73 | 100.00 |  97.11 |  59.04 |  93.42 |  88.31 | 100.00 | 100.00 | 100.00 |  95.37 |  93.26 |  79.90 | 100.00 | 100.00 | 100.00 |  84.52 |  91.61 | 100.00 |  97.63 |
|        45 | 100.00 | 100.00 |  86.27 |  92.88 |  86.61 | 100.00 | 100.00 |  84.28 |  98.10 |  91.02 |  94.71 |  95.24 |  97.14 |  99.90 |  54.88 | 100.00 |  95.37 |  93.87 | 100.00 |  56.81 |  93.15 |  97.44 |  77.84 |  80.56 |  48.56 |  71.67 |  83.63 |  97.21 |  90.02 |  99.17 |  67.68 |  97.32 | 100.00 | 100.00 |  97.49 | 100.00 |  85.55 |  80.51 | 100.00 | 100.00 |
|        46 |  95.90 |  90.53 |  85.52 |  92.19 | 100.00 |  97.77 |  61.20 |  94.74 |  98.65 | 100.00 |  91.45 |  63.60 |  89.24 | 100.00 |  96.52 |  97.83 |  79.13 |  71.71 |  95.36 |  93.06 | 100.00 |  62.24 | 100.00 |  64.83 |  46.01 | 100.00 |  99.69 |  85.27 |  97.96 |  96.96 |  89.36 | 100.00 | 100.00 |  89.06 | 100.00 | 100.00 |  86.32 |  98.24 |  88.35 |  96.93 |
|        47 |  83.52 |  88.46 |  97.97 |  97.74 |  98.29 |  96.79 |  62.56 | 100.00 | 100.00 |  91.24 | 100.00 | 100.00 |  85.20 |  88.68 | 100.00 |  93.77 | 100.00 |  92.89 |  85.19 |  93.50 | 100.00 | 100.00 |  97.74 | 100.00 |  71.92 | 100.00 |  84.69 |  79.21 |  76.57 |  86.90 |  70.46 |  88.44 | 100.00 |  94.65 | 100.00 |  96.40 |  88.36 |  97.82 | 100.00 |  60.95 |
|        48 |  97.21 |  73.82 |  77.72 |  98.19 | 100.00 | 100.00 |  80.38 |  97.88 | 100.00 |  96.81 |  98.69 |  73.63 | 100.00 |  84.63 | 100.00 |  99.60 |  97.16 |  97.86 |  41.60 |  97.66 | 100.00 |  99.58 | 100.00 | 100.00 |  98.73 |  88.72 |  90.47 |  56.09 |  78.03 |  85.27 |  77.52 |  87.40 |  99.98 |  99.30 | 100.00 |  84.34 |  92.04 |  93.15 | 100.00 | 100.00 |
|        51 |  88.00 |  96.48 |  99.53 |  98.66 | 100.00 |  86.55 |  89.30 |  91.13 |  98.05 |  46.02 | 100.00 | 100.00 | 100.00 | 100.00 | 100.00 |  69.65 |  95.68 |  96.53 |  91.50 |  96.82 |  89.39 |  96.99 |  95.44 |  91.68 |  79.05 | 100.00 |  73.94 |  75.58 |  97.48 | 100.00 | 100.00 |  83.52 |  96.08 |  99.26 |  97.23 |  94.77 |  98.54 |  93.20 | 100.00 |  95.60 |
|        54 |  67.10 |  71.97 |  95.99 | 100.00 |  80.98 |  78.77 | 100.00 |  94.86 |  72.34 |      0 |  83.52 | 100.00 |  94.30 |  99.92 |  99.21 |  76.71 |  75.34 | 100.00 |  72.04 |  86.45 |  86.71 | 100.00 |  73.94 |  92.26 |  81.58 |  93.80 |  87.80 |  93.58 |  68.19 | 100.00 |  92.70 |  33.12 |  76.32 |  70.82 | 100.00 |  93.89 |  97.20 |  99.25 |  97.94 |  94.18 |
|        57 |  78.66 |  83.32 |  88.32 |  51.65 |  12.19 |  89.20 | 100.00 |  64.43 |  77.75 |  90.73 |  79.36 | 100.00 |  77.09 |  84.78 |  64.11 |  62.72 |  65.57 |  96.73 |  90.06 |  70.61 |  76.66 |  58.58 |  63.76 |  68.93 |  84.68 |  89.30 |  72.97 |  90.19 |  57.74 |  96.74 |  79.48 |  27.23 |  63.67 |      0 |  83.93 |  88.47 |  78.54 |  83.67 |  99.57 |  97.61 |
|        60 |  38.69 |  48.99 |  59.41 |  48.79 |  23.68 |  17.85 |  89.77 |  64.53 |  23.99 |  26.38 |  42.67 | 100.00 |  59.12 |  33.13 |  53.78 |  22.58 |  47.04 |  85.94 |  58.28 |  84.22 |  61.52 |  65.97 |  83.52 |  83.07 |  51.63 |  96.88 |  22.29 |  96.93 |  30.67 |  31.59 |  72.62 |      0 |  33.97 |   7.05 |  90.52 |  98.18 |  70.83 |  70.73 | 100.00 |  55.61 |
|        63 |  36.83 |  63.18 |  81.02 |   6.98 |   0.70 |      0 |  75.24 |  52.82 |  95.26 |  49.76 |      0 | 100.00 |  51.30 | 100.00 |  18.17 | 100.00 |  38.71 |  62.21 |  28.98 |  27.95 |  62.12 |  27.38 |  40.36 |  11.01 |  38.04 |  21.59 |  27.29 |   9.16 |      0 |      0 |  67.33 | 100.00 |      0 |  34.84 |  91.80 |  48.88 |  55.57 |  80.68 |  74.82 |      0 |
|        66 |  23.99 |  57.22 |  74.75 |  65.16 |  61.33 |  16.80 |  50.38 |  32.14 |  35.29 |  29.35 |      0 | 100.00 |  15.85 |      0 |      0 |  96.88 |  37.10 |  43.30 |  48.88 |  90.17 |      0 |   0.70 |   0.97 |  41.14 |  32.72 |      0 |  50.58 |      0 |  76.94 |  35.61 |  91.44 | 100.00 |      0 | 100.00 |  40.40 |  90.30 |  76.92 |  91.56 |  50.13 |      0 |
|        69 |  75.27 |  78.36 |  41.11 |  82.98 |  95.37 |   0.24 |      0 |  70.79 |  99.70 |  80.21 |      0 | 100.00 |  76.78 |  68.28 |  42.71 | 100.00 |  90.59 |  25.86 |  56.95 |   6.27 |  49.13 |  61.54 |  28.84 |  81.60 |  60.63 |  23.82 | 100.00 | 100.00 |  72.83 |      0 |  96.53 | 100.00 |      0 | 100.00 |  50.50 |  74.83 |  95.80 |  93.89 |  48.80 |   8.17 |
|        72 | 100.00 | 100.00 |  96.81 |  97.70 | 100.00 |  84.84 | 100.00 | 100.00 |  95.24 | 100.00 |  73.36 | 100.00 |  69.33 | 100.00 |  91.38 | 100.00 |  94.44 |  92.46 | 100.00 |  89.52 | 100.00 |  92.41 |  94.56 |  98.04 |  80.65 |  17.37 |   3.65 |  83.14 |  89.77 |  92.56 |  97.97 |  99.40 |  96.56 | 100.00 | 100.00 |  11.89 | 100.00 |  99.02 |  74.79 |  75.70 |
|        78 | 100.00 | 100.00 | 100.00 | 100.00 | 100.00 |  98.41 |  97.96 | 100.00 | 100.00 | 100.00 | 100.00 | 100.00 |  89.54 | 100.00 | 100.00 | 100.00 | 100.00 | 100.00 |  98.42 | 100.00 | 100.00 | 100.00 |  80.14 | 100.00 | 100.00 |  95.12 |  94.90 | 100.00 | 100.00 | 100.00 | 100.00 | 100.00 |  99.71 | 100.00 | 100.00 |  94.02 | 100.00 | 100.00 |  99.90 | 100.00 |
|        84 | 100.00 |  99.73 | 100.00 | 100.00 | 100.00 | 100.00 | 100.00 | 100.00 | 100.00 | 100.00 | 100.00 |  99.71 | 100.00 | 100.00 | 100.00 | 100.00 | 100.00 | 100.00 | 100.00 | 100.00 | 100.00 | 100.00 | 100.00 | 100.00 | 100.00 | 100.00 | 100.00 | 100.00 | 100.00 | 100.00 | 100.00 | 100.00 | 100.00 | 100.00 | 100.00 | 100.00 | 100.00 | 100.00 |  99.25 | 100.00 |
|        90 |  90.45 |  99.72 | 100.00 |  84.77 | 100.00 | 100.00 |  76.02 |  80.91 | 100.00 | 100.00 | 100.00 | 100.00 | 100.00 | 100.00 |  89.02 | 100.00 |  36.42 | 100.00 |  60.98 |  91.55 | 100.00 | 100.00 |  98.75 |  57.23 |  78.26 | 100.00 | 100.00 |  59.91 |  63.82 |  78.25 | 100.00 | 100.00 | 100.00 | 100.00 | 100.00 |  99.12 | 100.00 | 100.00 | 100.00 |  97.53 |
|        96 | 100.00 | 100.00 |  45.07 |  95.83 | 100.00 |  88.66 |  94.96 |  87.94 |  93.58 |  94.53 |  86.55 | 100.00 |  78.31 |  89.55 |  92.83 |  69.86 |  84.28 | 100.00 |  91.41 |  91.52 |  74.25 | 100.00 |  89.36 |  89.62 |  97.66 |  72.87 |  31.98 | 100.00 |  76.56 |  99.01 | 100.00 |  64.82 |  90.40 |  76.37 |  93.08 |  98.71 |  86.55 |  96.47 |  56.38 |  90.41 |
|       102 |  92.55 | 100.00 |  98.40 | 100.00 |  90.53 |  98.44 |  96.74 |  87.81 |  99.77 |  33.88 |  21.65 | 100.00 |  95.96 | 100.00 |  96.73 |  92.65 |  44.55 | 100.00 |  29.54 |  63.28 |  89.44 |  50.59 | 100.00 |  88.75 |  94.64 | 100.00 |  64.44 | 100.00 |  70.94 |  43.28 |  51.10 |  94.99 |  96.39 |  73.55 |  95.14 |  89.91 |  98.78 |  82.54 |  78.39 |  59.40 |
|       108 |  68.00 |  36.78 |  64.28 |  33.92 |  94.50 |  82.43 | 100.00 |  55.56 |  53.99 |  81.18 |  55.53 | 100.00 |  75.94 |  97.10 | 100.00 | 100.00 |  78.61 |  71.16 |  61.08 |  53.85 |  82.57 |  53.93 |  47.18 |  46.95 |  15.85 |  71.77 |  82.43 | 100.00 |  51.38 |  50.71 |  67.22 |  89.81 |  26.99 |  92.51 |  81.41 |  88.27 | 100.00 |  86.99 | 100.00 |  47.27 |
|       114 |  36.94 |  86.66 |  90.51 |  50.97 |      0 |  37.62 |  55.18 |  91.58 |  76.58 |  85.39 |  38.09 |  84.01 |  79.16 |  54.19 |  84.02 |  69.72 | 100.00 |  40.01 |  56.01 |  80.18 |  94.03 |  62.17 |  68.47 |      0 |      0 |  92.86 |  91.60 | 100.00 |  51.13 |      0 |  52.20 |  25.11 |  16.25 |  61.79 |  55.67 |      0 | 100.00 |  57.77 |  30.58 |      0 |
|       120 |  90.89 |  35.43 |  26.09 | 100.00 |  29.68 |  85.26 | 100.00 | 100.00 | 100.00 | 100.00 |  82.65 |  17.06 |  89.99 |  36.25 | 100.00 |  82.40 | 100.00 | 100.00 | 100.00 |  41.92 |  98.64 | 100.00 | 100.00 |  98.55 |  74.24 |  49.76 | 100.00 | 100.00 | 100.00 | 100.00 | 100.00 |      0 |      0 |   5.37 |  73.75 | 100.00 |  24.09 | 100.00 | 100.00 | 100.00 |
