# variable: Total Cloud Cover
# units: percent
# 
| fcst_hour |      1 |      2 |      3 |      4 |      5 |      6 |      7 |      8 |      9 |     10 |     11 |     12 |     13 |     14 |     15 |     16 |     17 |     18 |     19 |     20 |     21 |     22 |     23 |     24 |     25 |     26 |     27 |     28 |     29 |     30 |     31 |     32 |     33 |     34 |     35 |     36 |     37 |     38 |     39 |     40 |
|         0 |  85.06 |  89.12 |  80.57 |  88.04 |  77.57 |  82.54 |  93.50 |  65.18 |  89.97 |  48.34 |  55.57 |  60.98 |  41.86 |  78.68 |  74.68 |  87.53 |  61.84 |  92.32 |  57.14 |  63.57 |  74.09 |  72.87 |  99.06 |  72.16 |  89.61 |  81.58 |  44.08 |  65.52 |  60.56 |  65.66 |  46.79 |  62.92 |  63.32 |  79.71 |  61.12 |  65.30 |  75.79 |  51.84 |  73.38 |  76.53 |
|         1 |  91.34 |  70.06 |  91.99 |  86.09 |  77.09 |  79.05 |  91.33 |  82.40 |  83.22 |  43.16 |  70.76 |  70.61 |  69.48 |  94.85 |  89.58 |  87.28 |  51.22 |  72.22 |  81.36 |  63.35 |  79.21 |  72.00 |  85.50 |  83.17 |  86.29 |  90.42 |  87.64 |  96.64 |  59.82 |  89.17 |  64.95 |  92.26 |  91.12 |  91.26 |  66.03 |  64.92 |  89.43 |  79.96 |  81.52 |  80.51 |
|         2 |  90.82 |  83.46 |  89.35 |  20.83 |  64.91 |  59.97 |  80.22 |  77.65 |  75.75 |  13.06 |  87.96 |  81.41 |  71.80 |  80.57 |  87.41 |  82.12 |  53.89 |  78.91 |  54.43 |  81.97 |  67.02 |  82.94 |  66.80 |  89.42 |  72.37 |  91.47 |  94.45 |  93.10 |  69.13 |  89.62 |  56.42 |  89.62 |  93.63 |  85.11 |  66.47 |  92.69 |  90.75 |  91.94 |  81.96 |  52.42 |
|         3 |  87.88 |  89.13 |  79.57 |  69.30 |  81.19 |  88.04 |  85.88 |  97.45 |  93.71 |  70.23 |  84.43 |  99.50 |  65.15 |  85.98 |  68.09 |  89.49 |  92.42 |  73.89 |  71.34 |  86.93 |  81.35 |  55.35 |  59.29 |  78.07 |  57.66 |  83.42 |  82.88 |  45.29 |  81.75 |  97.49 |  83.58 |  92.76 |  94.52 |  48.03 |  88.57 |  89.74 |  86.89 |  96.08 |  95.80 |  81.09 |
|         4 |  90.35 |  98.13 |  98.68 |  99.61 |  88.21 |  89.64 |  90.90 |  92.73 |  98.92 | 100.00 | 100.00 |  87.42 | 100.00 |  94.58 |  96.50 |  93.20 | 100.00 |  87.19 |  86.56 |  99.37 |  94.99 |  93.97 |  75.88 |  81.30 | 100.00 |  84.77 |  80.26 | 100.00 |  81.59 |  93.10 |  82.41 |  75.90 |  96.54 |  77.78 |  97.07 |  83.76 |  87.84 |  91.02 |  84.86 |  84.07 |
|         5 |  98.63 | 100.00 | 100.00 |  98.75 | 100.00 | 100.00 |  99.20 | 100.00 | 100.00 | 100.00 | 100.00 | 100.00 |  99.93 | 100.00 | 100.00 | 100.00 | 100.00 | 100.00 |  95.04 | 100.00 | 100.00 |  99.33 | 100.00 |  90.19 |  98.37 |  95.54 |  97.92 | 100.00 | 100.00 |  85.79 |  89.21 | 100.00 |  98.86 | 100.00 | 100.00 | 100.00 | 100.00 |  99.19 | 100.00 | 100.00 |
|         6 |  90.76 | 100.00 | 100.00 | 100.00 | 100.00 | 100.00 | 100.00 | 100.00 |  97.73 | 100.00 | 100.00 | 100.00 | 100.00 | 100.00 | 100.00 | 100.00 | 100.00 |  92.37 | 100.00 | 100.00 | 100.00 | 100.00 | 100.00 | 100.00 | 100.00 |  99.06 | 100.00 | 100.00 |  98.18 | 100.00 | 100.00 | 100.00 |  99.80 | 100.00 |  97.20 | 100.00 | 100.00 |  97.97 | 100.00 | 100.00 |
|         7 | 100.00 | 100.00 | 100.00 | 100.00 | 100.00 | 100.00 | 100.00 | 100.00 | 100.00 | 100.00 | 100.00 | 100.00 | 100.00 | 100.00 |  88.44 | 100.00 | 100.00 |  98.60 | 100.00 | 100.00 | 100.00 |  97.27 | 100.00 |  95.92 |  98.48 | 100.00 | 100.00 | 100.00 | 100.00 | 100.00 | 100.00 | 100.00 |  95.44 | 100.00 | 100.00 | 100.00 | 100.00 |  91.48 | 100.00 | 100.00 |
|         8 | 100.00 | 100.00 |  99.96 | 100.00 | 100.00 | 100.00 | 100.00 | 100.00 |  99.47 | 100.00 | 100.00 | 100.00 | 100.00 | 100.00 |  99.58 | 100.00 | 100.00 | 100.00 |  97.71 | 100.00 | 100.00 | 100.00 | 100.00 | 100.00 |  98.69 | 100.00 | 100.00 | 100.00 | 100.00 |  99.07 | 100.00 | 100.00 | 100.00 | 100.00 | 100.00 | 100.00 | 100.00 | 100.00 | 100.00 | 100.00 |
|         9 | 100.00 |  99.31 |  99.30 | 100.00 | 100.00 | 100.00 |  98.43 |  95.88 |  99.08 |  92.54 |  98.28 | 100.00 |  97.35 | 100.00 |  99.38 |  97.87 | 100.00 |  98.16 |  97.16 |  98.58 |  96.04 | 100.00 | 100.00 | 100.00 |  91.10 | 100.00 |  94.39 |  95.35 |  98.15 | 100.00 |  95.69 |  99.92 | 100.00 |  98.36 | 100.00 | 100.00 | 100.00 | 100.00 | 100.00 |  99.13 |
|        10 |  96.70 |  99.83 |  87.01 | 100.00 |  99.05 | 100.00 |  96.60 | 100.00 | 100.00 |  98.15 | 100.00 |  96.49 | 100.00 | 100.00 | 100.00 | 100.00 | 100.00 |  97.40 |  92.36 |  98.67 | 100.00 | 100.00 | 100.00 |  97.58 |  97.81 | 100.00 |  92.95 |  99.72 |  97.37 |  96.15 |  97.53 |  99.59 | 100.00 |  95.04 | 100.00 |  94.51 | 100.00 |  95.87 | 100.00 |  88.37 |
|        11 |  94.30 | 100.00 | 100.00 | 100.00 |  98.65 |  98.45 |  99.94 | 100.00 | 100.00 | 100.00 |  96.97 | 100.00 |  98.95 | 100.00 |  99.66 |  98.63 | 100.00 |  97.11 | 100.00 | 100.00 | 100.00 | 100.00 | 100.00 | 100.00 |  99.45 | 100.00 | 100.00 | 100.00 | 100.00 | 100.00 |  99.74 |  99.41 |  97.55 |  93.59 | 100.00 | 100.00 | 100.00 |  99.02 | 100.00 | 100.00 |
|        12 | 100.00 | 100.00 | 100.00 | 100.00 | 100.00 | 100.00 | 100.00 | 100.00 | 100.00 | 100.00 | 100.00 | 100.00 | 100.00 | 100.00 | 100.00 | 100.00 | 100.00 | 100.00 | 100.00 | 100.00 | 100.00 | 100.00 | 100.00 | 100.00 | 100.00 | 100.00 | 100.00 | 100.00 | 100.00 |  95.20 |  99.34 |  99.23 | 100.00 |  96.29 | 100.00 | 100.00 | 100.00 | 100.00 | 100.00 | 100.00 |
|        13 | 100.00 | 100.00 | 100.00 | 100.00 | 100.00 | 100.00 | 100.00 | 100.00 | 100.00 | 100.00 | 100.00 | 100.00 |  94.31 | 100.00 | 100.00 | 100.00 | 100.00 | 100.00 | 100.00 | 100.00 | 100.00 | 100.00 | 100.00 | 100.00 | 100.00 | 100.00 | 100.00 | 100.00 | 100.00 | 100.00 | 100.00 | 100.00 | 100.00 |  99.10 | 100.00 | 100.00 | 100.00 | 100.00 | 100.00 | 100.00 |
|        14 | 100.00 | 100.00 |  98.79 | 100.00 | 100.00 | 100.00 | 100.00 | 100.00 | 100.00 | 100.00 | 100.00 | 100.00 |  99.45 | 100.00 | 100.00 | 100.00 | 100.00 | 100.00 | 100.00 | 100.00 | 100.00 |  99.08 | 100.00 | 100.00 | 100.00 | 100.00 | 100.00 | 100.00 | 100.00 | 100.00 | 100.00 | 100.00 | 100.00 | 100.00 | 100.00 | 100.00 | 100.00 | 100.00 | 100.00 | 100.00 |
|        15 | 100.00 | 100.00 | 100.00 | 100.00 | 100.00 | 100.00 | 100.00 | 100.00 | 100.00 | 100.00 | 100.00 | 100.00 | 100.00 | 100.00 | 100.00 | 100.00 | 100.00 |  99.65 | 100.00 | 100.00 | 100.00 |  98.45 | 100.00 | 100.00 | 100.00 | 100.00 | 100.00 | 100.00 | 100.00 | 100.00 | 100.00 | 100.00 | 100.00 | 100.00 | 100.00 | 100.00 | 100.00 | 100.00 | 100.00 | 100.00 |
|        16 | 100.00 | 100.00 | 100.00 | 100.00 | 100.00 | 100.00 | 100.00 | 100.00 | 100.00 | 100.00 | 100.00 | 100.00 | 100.00 | 100.00 | 100.00 | 100.00 | 100.00 | 100.00 | 100.00 | 100.00 | 100.00 | 100.00 | 100.00 | 100.00 | 100.00 | 100.00 | 100.00 | 100.00 | 100.00 | 100.00 | 100.00 | 100.00 | 100.00 | 100.00 | 100.00 | 100.00 | 100.00 | 100.00 | 100.00 | 100.00 |
|        17 | 100.00 | 100.00 | 100.00 | 100.00 | 100.00 | 100.00 | 100.00 | 100.00 | 100.00 | 100.00 | 100.00 |  98.09 | 100.00 | 100.00 | 100.00 | 100.00 | 100.00 | 100.00 | 100.00 |  93.70 | 100.00 | 100.00 | 100.00 | 100.00 | 100.00 | 100.00 | 100.00 | 100.00 | 100.00 | 100.00 | 100.00 | 100.00 | 100.00 | 100.00 | 100.00 | 100.00 | 100.00 | 100.00 | 100.00 | 100.00 |
|        18 | 100.00 | 100.00 | 100.00 | 100.00 | 100.00 | 100.00 | 100.00 | 100.00 | 100.00 | 100.00 | 100.00 |  99.45 | 100.00 | 100.00 | 100.00 | 100.00 | 100.00 | 100.00 | 100.00 |  92.49 | 100.00 | 100.00 | 100.00 | 100.00 | 100.00 | 100.00 | 100.00 | 100.00 | 100.00 | 100.00 | 100.00 | 100.00 | 100.00 |  99.63 | 100.00 |  97.79 | 100.00 | 100.00 | 100.00 | 100.00 |
|        19 | 100.00 | 100.00 | 100.00 | 100.00 | 100.00 | 100.00 | 100.00 | 100.00 | 100.00 | 100.00 | 100.00 | 100.00 | 100.00 | 100.00 | 100.00 | 100.00 | 100.00 | 100.00 | 100.00 |  98.27 | 100.00 | 100.00 | 100.00 | 100.00 | 100.00 | 100.00 | 100.00 | 100.00 | 100.00 |  97.96 | 100.00 | 100.00 | 100.00 | 100.00 | 100.00 | 100.00 | 100.00 | 100.00 | 100.00 | 100.00 |
|        20 |  97.55 | 100.00 | 100.00 | 100.00 | 100.00 | 100.00 | 100.00 | 100.00 | 100.00 | 100.00 | 100.00 | 100.00 | 100.00 | 100.00 | 100.00 | 100.00 | 100.00 | 100.00 | 100.00 |  99.69 | 100.00 | 100.00 | 100.00 | 100.00 | 100.00 | 100.00 | 100.00 | 100.00 | 100.00 |  97.68 | 100.00 | 100.00 | 100.00 | 100.00 |  98.61 | 100.00 | 100.00 |  99.46 | 100.00 |  99.93 |
|        21 | 100.00 | 100.00 | 100.00 | 100.00 | 100.00 | 100.00 | 100.00 | 100.00 | 100.00 |  98.41 |  99.69 | 100.00 | 100.00 | 100.00 | 100.00 | 100.00 | 100.00 | 100.00 | 100.00 |  99.59 | 100.00 | 100.00 | 100.00 | 100.00 | 100.00 | 100.00 | 100.00 | 100.00 | 100.00 |  97.97 | 100.00 | 100.00 | 100.00 | 100.00 |  99.61 | 100.00 | 100.00 |  98.02 | 100.00 | 100.00 |
|        22 |  99.97 | 100.00 | 100.00 | 100.00 | 100.00 | 100.00 | 100.00 | 100.00 | 100.00 | 100.00 |  99.09 | 100.00 | 100.00 | 100.00 | 100.00 | 100.00 |  99.81 | 100.00 | 100.00 | 100.00 | 100.00 | 100.00 | 100.00 | 100.00 |  99.80 | 100.00 | 100.00 | 100.00 | 100.00 |  96.09 | 100.00 | 100.00 | 100.00 | 100.00 | 100.00 | 100.00 | 100.00 | 100.00 | 100.00 | 100.00 |
|        23 |  99.06 | 100.00 | 100.00 |  99.37 | 100.00 | 100.00 | 100.00 | 100.00 | 100.00 | 100.00 | 100.00 | 100.00 | 100.00 | 100.00 | 100.00 | 100.00 | 100.00 | 100.00 | 100.00 | 100.00 | 100.00 | 100.00 | 100.00 | 100.00 | 100.00 | 100.00 | 100.00 | 100.00 | 100.00 | 100.00 | 100.00 | 100.00 | 100.00 | 100.00 |  99.03 | 100.00 | 100.00 | 100.00 | 100.00 | 100.00 |
|        24 | 100.00 | 100.00 | 100.00 |  99.31 | 100.00 | 100.00 | 100.00 | 100.00 | 100.00 | 100.00 | 100.00 | 100.00 | 100.00 | 100.00 | 100.00 | 100.00 | 100.00 |  98.81 | 100.00 | 100.00 | 100.00 | 100.00 | 100.00 | 100.00 | 100.00 | 100.00 | 100.00 | 100.00 | 100.00 | 100.00 | 100.00 | 100.00 | 100.00 | 100.00 | 100.00 |  99.91 | 100.00 | 100.00 | 100.00 | 100.00 |
|        25 | 100.00 | 100.00 | 100.00 |  99.19 | 100.00 | 100.00 | 100.00 | 100.00 | 100.00 | 100.00 |  97.73 | 100.00 |  98.15 | 100.00 | 100.00 | 100.00 | 100.00 | 100.00 | 100.00 | 100.00 | 100.00 | 100.00 | 100.00 | 100.00 | 100.00 | 100.00 |  98.36 | 100.00 | 100.00 | 100.00 | 100.00 | 100.00 | 100.00 | 100.00 | 100.00 | 100.00 | 100.00 | 100.00 | 100.00 | 100.00 |
|        26 | 100.00 | 100.00 | 100.00 |  99.82 | 100.00 | 100.00 | 100.00 | 100.00 | 100.00 | 100.00 | 100.00 | 100.00 |  98.66 | 100.00 | 100.00 | 100.00 | 100.00 | 100.00 | 100.00 | 100.00 | 100.00 | 100.00 | 100.00 | 100.00 | 100.00 |  98.32 |  99.85 | 100.00 | 100.00 | 100.00 | 100.00 | 100.00 | 100.00 | 100.00 | 100.00 | 100.00 | 100.00 | 100.00 | 100.00 | 100.00 |
|        27 |  99.90 | 100.00 | 100.00 |  99.77 | 100.00 |  97.78 | 100.00 | 100.00 | 100.00 |  98.06 | 100.00 | 100.00 | 100.00 | 100.00 |  99.80 |  99.62 | 100.00 |  98.70 | 100.00 | 100.00 | 100.00 | 100.00 | 100.00 | 100.00 | 100.00 |  99.71 | 100.00 |  98.20 | 100.00 | 100.00 | 100.00 | 100.00 | 100.00 | 100.00 | 100.00 | 100.00 |  99.60 | 100.00 | 100.00 | 100.00 |
|        28 |  98.15 | 100.00 | 100.00 |  99.94 | 100.00 | 100.00 | 100.00 | 100.00 |  98.96 |  97.14 | 100.00 | 100.00 | 100.00 | 100.00 |  99.03 |  98.95 | 100.00 | 100.00 |  98.43 | 100.00 |  99.20 | 100.00 | 100.00 | 100.00 | 100.00 |  96.21 |  99.76 |  98.56 | 100.00 |  99.08 | 100.00 | 100.00 |  99.75 | 100.00 |  99.78 | 100.00 | 100.00 | 100.00 | 100.00 | 100.00 |
|        29 |  95.61 | 100.00 | 100.00 | 100.00 | 100.00 |  95.46 | 100.00 | 100.00 |  97.71 |  96.13 | 100.00 | 100.00 |  98.61 | 100.00 | 100.00 |  96.05 | 100.00 | 100.00 |  97.17 |  98.12 |  98.60 |  98.24 | 100.00 |  97.19 |  94.97 |  92.84 |  97.87 |  94.61 | 100.00 | 100.00 |  98.73 | 100.00 |  99.67 | 100.00 |  96.14 | 100.00 | 100.00 |  95.47 | 100.00 | 100.00 |
|        30 |  99.32 |  99.39 |  95.40 | 100.00 | 100.00 |  91.91 |  95.89 | 100.00 |  96.37 |  98.12 | 100.00 | 100.00 | 100.00 | 100.00 |  91.12 | 100.00 | 100.00 |  99.28 | 100.00 |  97.82 |  98.05 | 100.00 | 100.00 |  95.08 |  96.60 |  92.62 |  98.82 |  89.02 |  99.84 |  99.37 |  99.97 | 100.00 |  99.04 | 100.00 |  99.22 | 100.00 | 100.00 |  93.14 | 100.00 | 100.00 |
|        31 |  99.55 |  97.11 |  97.92 |  88.51 | 100.00 |  91.04 |  95.06 |  97.86 |  98.08 |  99.72 | 100.00 |  97.96 | 100.00 | 100.00 |  97.03 |  99.88 | 100.00 |  97.98 | 100.00 |  96.52 | 100.00 |  99.42 |  98.05 |  95.90 |  95.99 |  93.90 |  94.72 |  89.20 |  96.90 |  98.98 | 100.00 | 100.00 |  98.11 |  95.18 |  99.64 | 100.00 |  98.96 |  90.90 | 100.00 | 100.00 |
|        32 |  98.63 | 100.00 |  90.55 |  99.36 | 100.00 | 100.00 |  97.65 |  97.34 |  90.89 |  99.05 |  97.31 |  96.91 | 100.00 | 100.00 |  97.76 |  99.01 | 100.00 |  99.78 | 100.00 |  94.34 | 100.00 |  99.61 | 100.00 |  88.10 |  96.83 |  88.81 |  96.09 |  92.64 |  81.89 |  97.05 |  95.99 | 100.00 |  92.93 |  89.79 |  98.02 | 100.00 |  98.61 |  86.75 | 100.00 |  98.67 |
|        33 |  95.71 | 100.00 | 100.00 |  96.03 |  95.32 | 100.00 | 100.00 |  95.53 |  66.62 | 100.00 |  98.29 |  94.60 | 100.00 | 100.00 |  98.39 |  86.68 |  88.48 |  98.54 | 100.00 |  93.64 | 100.00 |  98.72 |  94.56 |  92.11 |  93.00 |  85.07 |  98.17 |  88.32 |  84.62 |  92.69 |  97.78 | 100.00 |  85.16 |  60.87 |  97.84 | 100.00 |  97.54 |  96.47 | 100.00 |  95.05 |
|        34 |  97.08 | 100.00 | 100.00 |  91.55 |  92.26 |  97.51 |  96.28 |  95.49 |  92.04 |  97.57 |  96.15 |  99.36 | 100.00 | 100.00 |  91.87 | 100.00 |  69.45 |  98.52 |  98.55 |  78.50 | 100.00 | 100.00 |  99.41 |  97.73 |  95.67 |  95.02 |  95.51 |  94.89 | 100.00 |  96.90 | 100.00 | 100.00 |  98.13 |  84.95 |  96.93 | 100.00 | 100.00 |  96.57 | 100.00 | 100.00 |
|        35 |  95.69 | 100.00 | 100.00 |  90.09 |  84.17 |  92.79 |  98.52 |  95.70 | 100.00 |  90.68 |  92.59 |  95.26 |  98.45 |  99.32 |  95.40 |  94.76 |  85.05 |  98.65 |  90.99 |  92.48 | 100.00 | 100.00 |  97.04 |  99.80 |  99.15 |  96.03 |  95.46 |  91.42 | 100.00 |  97.82 | 100.00 | 100.00 | 100.00 | 100.00 |  98.74 |  97.20 | 100.00 |  96.95 |  98.14 | 100.00 |
|        36 |  95.21 | 100.00 | 100.00 |  93.30 |  90.74 |  98.68 |  98.53 |  93.77 | 100.00 |  99.93 |  95.16 | 100.00 | 100.00 | 100.00 |  93.12 |  87.48 |  50.29 | 100.00 |  88.93 |  93.96 | 100.00 | 100.00 |  99.27 | 100.00 |  99.67 |  87.77 |  95.85 |  96.66 |  87.50 |  98.70 | 100.00 | 100.00 |  87.14 |  98.89 |  95.80 | 100.00 | 100.00 |  96.00 | 100.00 |  95.39 |
|        37 |  99.58 |  79.43 |  95.19 |  99.37 |  95.01 | 100.00 |  97.06 | 100.00 |  90.01 |  93.04 |  92.74 | 100.00 |  97.54 |  98.59 |  91.84 |  98.10 |  89.67 | 100.00 |  61.10 | 100.00 | 100.00 | 100.00 | 100.00 | 100.00 |  97.06 |  97.65 |  93.69 |  96.24 |  90.97 |  93.63 | 100.00 | 100.00 |  58.25 |  93.74 |  99.52 | 100.00 |  96.16 |  98.37 |  99.86 |  93.89 |
|        38 |  94.22 | 100.00 |  99.44 | 100.00 |  95.55 | 100.00 |  99.81 |  99.99 | 100.00 |  92.29 |  89.27 |  99.85 |  96.61 |  98.48 | 100.00 | 100.00 |  54.82 | 100.00 |  57.32 |  99.83 | 100.00 | 100.00 | 100.00 |  99.83 |  97.88 | 100.00 | 100.00 |  98.72 |  89.54 | 100.00 | 100.00 | 100.00 |  97.98 |  87.81 |  47.09 | 100.00 |  96.57 | 100.00 |  93.09 | 100.00 |
|        39 |  92.04 | 100.00 |  96.36 |  96.38 | 100.00 |  96.20 | 100.00 | 100.00 | 100.00 | 100.00 |  54.16 |  87.15 |  88.68 |  89.92 | 100.00 | 100.00 |  52.29 | 100.00 |  79.31 |  93.22 |  98.88 | 100.00 | 100.00 | 100.00 |  93.56 | 100.00 | 100.00 |  76.00 | 100.00 | 100.00 | 100.00 | 100.00 | 100.00 | 100.00 |  42.96 | 100.00 | 100.00 | 100.00 | 100.00 | 100.00 |
|        40 |  98.85 | 100.00 | 100.00 |  76.19 |  87.77 |  90.89 |  96.23 | 100.00 | 100.00 | 100.00 | 100.00 |  98.04 |  89.37 |  83.78 | 100.00 | 100.00 |  86.97 | 100.00 | 100.00 |  96.16 |  89.57 | 100.00 | 100.00 | 100.00 |  87.95 | 100.00 | 100.00 |  94.23 | 100.00 | 100.00 | 100.00 | 100.00 |  70.11 |  99.83 |  96.55 | 100.00 | 100.00 | 100.00 | 100.00 | 100.00 |
|        41 | 100.00 | 100.00 | 100.00 |  88.90 |  76.38 |  85.57 | 100.00 | 100.00 |  97.04 | 100.00 | 100.00 | 100.00 |  90.16 |  75.07 | 100.00 | 100.00 | 100.00 | 100.00 | 100.00 |  95.94 |  81.59 | 100.00 | 100.00 | 100.00 |  97.18 | 100.00 | 100.00 |  97.74 | 100.00 | 100.00 | 100.00 |  81.27 | 100.00 | 100.00 | 100.00 | 100.00 | 100.00 |  99.86 | 100.00 | 100.00 |
|        42 | 100.00 | 100.00 | 100.00 |  82.25 |  85.12 |  82.39 | 100.00 | 100.00 | 100.00 | 100.00 |  95.77 | 100.00 |  91.54 |  91.40 | 100.00 | 100.00 | 100.00 | 100.00 | 100.00 |  99.21 |  82.94 | 100.00 | 100.00 | 100.00 |  96.71 | 100.00 | 100.00 |  88.04 | 100.00 | 100.00 | 100.00 |  90.47 | 100.00 | 100.00 | 100.00 | 100.00 | 100.00 |  96.65 | 100.00 |  94.04 |
|        43 | 100.00 | 100.00 | 100.00 | 100.00 |  87.68 |  80.92 | 100.00 | 100.00 | 100.00 | 100.00 | 100.00 | 100.00 |  94.80 | 100.00 |  98.63 | 100.00 | 100.00 | 100.00 | 100.00 |  93.98 |  73.86 | 100.00 | 100.00 | 100.00 | 100.00 | 100.00 | 100.00 |  83.51 | 100.00 | 100.00 | 100.00 |  95.25 |  97.90 | 100.00 | 100.00 | 100.00 | 100.00 | 100.00 | 100.00 |  92.83 |
|        44 | 100.00 | 100.00 |  99.23 |  99.61 |  91.09 |  78.64 | 100.00 | 100.00 | 100.00 | 100.00 | 100.00 | 100.00 |  98.21 |  95.17 |  95.92 | 100.00 |  95.21 |  96.00 | 100.00 |  91.26 |  57.87 | 100.00 | 100.00 | 100.00 | 100.00 | 100.00 |  98.47 |  96.85 | 100.00 | 100.00 |  84.08 |  98.92 |  96.81 | 100.00 |  91.74 | 100.00 |  98.66 | 100.00 | 100.00 | 100.00 |
|        45 | 100.00 | 100.00 | 100.00 | 100.00 |  91.83 |  83.33 | 100.00 | 100.00 |  99.83 | 100.00 | 100.00 | 100.00 | 100.00 |  94.10 | 100.00 | 100.00 | 100.00 | 100.00 |  96.31 | 100.00 |   8.18 | 100.00 |  98.61 | 100.00 |  99.17 |  99.16 | 100.00 |  92.64 | 100.00 | 100.00 |  86.22 |  96.99 |  86.89 | 100.00 | 100.00 | 100.00 |  93.47 |  98.30 |  98.40 | 100.00 |
|        46 | 100.00 | 100.00 |  99.86 | 100.00 |  91.84 |  81.31 |  99.67 | 100.00 | 100.00 |  99.70 |  99.66 | 100.00 | 100.00 |  98.19 | 100.00 |  99.58 | 100.00 | 100.00 | 100.00 |  95.99 |      0 | 100.00 |  99.22 | 100.00 |  99.07 |  99.14 | 100.00 | 100.00 | 100.00 | 100.00 |  91.95 |  99.56 |  85.18 |  98.36 | 100.00 | 100.00 | 100.00 | 100.00 |  97.93 | 100.00 |
|        47 | 100.00 | 100.00 | 100.00 | 100.00 |  92.70 |  73.60 |  97.43 | 100.00 | 100.00 |  99.94 | 100.00 | 100.00 |  99.53 |  87.29 | 100.00 |  97.59 | 100.00 | 100.00 |  99.02 |  97.65 |  66.82 |  99.88 | 100.00 | 100.00 | 100.00 | 100.00 |  99.07 |  99.69 |  99.88 | 100.00 |  93.10 | 100.00 |  94.09 |  99.80 | 100.00 | 100.00 | 100.00 |  98.35 |  99.91 | 100.00 |
|        48 | 100.00 | 100.00 | 100.00 | 100.00 |  75.37 |  71.11 |  96.66 |  98.60 |  98.97 | 100.00 | 100.00 |  99.94 |  94.95 |  94.72 | 100.00 | 100.00 | 100.00 | 100.00 | 100.00 |  96.13 |  70.30 |  99.30 | 100.00 | 100.00 | 100.00 | 100.00 | 100.00 |  93.25 |  97.31 |  99.08 |  89.75 | 100.00 |  97.59 |  99.79 | 100.00 | 100.00 | 100.00 |  96.83 | 100.00 | 100.00 |
|        51 | 100.00 | 100.00 | 100.00 | 100.00 |  85.40 |  69.23 | 100.00 |  90.23 | 100.00 | 100.00 |  96.49 | 100.00 | 100.00 | 100.00 | 100.00 | 100.00 | 100.00 |  97.41 | 100.00 |  99.10 |  92.20 |  97.11 | 100.00 |  99.24 | 100.00 | 100.00 |  95.25 | 100.00 |  98.53 | 100.00 |  74.71 | 100.00 |  98.15 | 100.00 | 100.00 |  97.29 | 100.00 | 100.00 | 100.00 | 100.00 |
|        54 |  99.16 | 100.00 | 100.00 | 100.00 |  84.45 |  77.44 | 100.00 |  98.89 |  97.45 | 100.00 | 100.00 | 100.00 |  98.06 | 100.00 | 100.00 | 100.00 | 100.00 |  80.20 | 100.00 | 100.00 |  99.55 | 100.00 | 100.00 |  95.99 | 100.00 | 100.00 |  99.43 | 100.00 | 100.00 | 100.00 | 100.00 | 100.00 | 100.00 | 100.00 |  98.47 | 100.00 |  95.72 | 100.00 | 100.00 |  94.55 |
|        57 |  99.42 | 100.00 | 100.00 | 100.00 | 100.00 | 100.00 |  52.09 | 100.00 | 100.00 |  98.91 | 100.00 | 100.00 | 100.00 |  99.84 |  92.59 | 100.00 |  87.10 | 100.00 |  99.75 | 100.00 | 100.00 | 100.00 |  99.64 |  99.90 | 100.00 |  62.21 |  99.94 |  99.95 | 100.00 | 100.00 | 100.00 | 100.00 | 100.00 | 100.00 |  83.52 |  52.26 | 100.00 |  96.55 |  98.17 |  99.75 |
|        60 |  98.92 | 100.00 | 100.00 | 100.00 |  98.13 |  95.21 |  31.40 |  93.62 | 100.00 |  99.80 | 100.00 | 100.00 | 100.00 |  98.24 |  94.04 | 100.00 | 100.00 | 100.00 | 100.00 |  99.47 |  88.22 | 100.00 | 100.00 |  94.41 | 100.00 | 100.00 | 100.00 |  96.36 | 100.00 | 100.00 |  99.94 |  97.54 | 100.00 | 100.00 |  83.11 | 100.00 | 100.00 | 100.00 |  74.50 |  99.40 |
|        63 |  99.18 | 100.00 |  88.37 | 100.00 |  94.21 |  93.19 | 100.00 |  97.25 | 100.00 | 100.00 |  95.13 | 100.00 |  99.35 | 100.00 | 100.00 | 100.00 |  96.42 | 100.00 |  99.48 | 100.00 | 100.00 | 100.00 |  92.67 |  96.16 |  93.65 |  95.46 | 100.00 |  97.46 | 100.00 |  94.23 | 100.00 |  69.86 |  99.56 |  98.42 | 100.00 | 100.00 | 100.00 | 100.00 |  64.72 | 100.00 |
|        66 |  99.78 |  92.12 |  83.05 |  97.88 | 100.00 |  93.74 |  99.15 |  98.47 | 100.00 | 100.00 |  97.32 | 100.00 |  90.58 |  97.22 |  97.54 |  97.38 | 100.00 |  98.93 |  98.14 |  99.91 | 100.00 | 100.00 |  99.06 |  70.86 |  91.81 |  80.54 | 100.00 |  99.85 |  97.74 |  98.25 | 100.00 |  90.59 | 100.00 |  99.24 |  98.70 | 100.00 |  96.22 |  98.51 | 100.00 | 100.00 |
|        69 | 100.00 |  97.43 |  99.77 |  95.79 |  98.53 |  82.38 |  92.72 | 100.00 | 100.00 |  98.77 |  59.73 |  99.84 |  97.50 |  99.27 |  97.50 | 100.00 |  99.69 |  98.14 |  99.62 |  93.93 | 100.00 |  98.84 | 100.00 |  13.96 |  99.92 |  63.75 |  56.25 |      0 |  68.80 | 100.00 | 100.00 |  98.76 |  96.47 |  99.57 | 100.00 |  94.07 |  98.35 | 100.00 | 100.00 | 100.00 |
|        72 |  89.79 |  89.06 | 100.00 | 100.00 |  99.55 |  48.97 | 100.00 | 100.00 | 100.00 |  97.84 |  73.56 | 100.00 | 100.00 | 100.00 | 100.00 |  84.09 |  99.08 | 100.00 |  92.52 | 100.00 |  93.68 |  77.94 | 100.00 |  92.85 | 100.00 |  99.54 |  83.64 |  71.32 |  68.31 |  72.36 | 100.00 |  99.67 |  25.57 | 100.00 | 100.00 | 100.00 |  88.19 | 100.00 |  99.99 | 100.00 |
|        78 |  31.03 |  29.76 | 100.00 |  98.96 | 100.00 |  80.34 | 100.00 |  70.21 |  91.81 |  87.17 |  61.66 |  93.26 |  96.70 |  63.89 |  97.66 |  85.98 | 100.00 |  85.32 |  47.71 |  96.87 | 100.00 |  77.80 |  93.38 | 100.00 |  98.73 | 100.00 |  96.91 | 100.00 |  91.35 | 100.00 |  99.80 |  70.41 |  77.88 |  91.18 | 100.00 |  93.52 |  88.18 | 100.00 | 100.00 | 100.00 |
|        84 |  47.91 |  34.17 |  62.50 |  46.06 |  98.52 |  36.69 | 100.00 |  59.51 |  59.16 |  68.00 |  21.98 |  47.66 |  76.06 | 100.00 |  37.03 |  38.87 |  62.86 |  44.24 |  28.66 |  47.28 | 100.00 |  74.57 |  45.69 |  52.96 | 100.00 |  45.09 |  77.88 | 100.00 |   8.32 | 100.00 | 100.00 |  52.56 |  48.50 |  33.62 |  31.38 |  98.88 |  77.13 |  54.16 |  80.35 |  78.63 |
|        90 |      0 |      0 |      0 |  82.24 |  73.00 |      0 | 100.00 |  40.19 |  45.61 |  63.56 |  58.68 |  62.09 |  65.10 |  62.62 |  58.35 |  62.47 |      0 |  57.85 |      0 |      0 |  58.65 |  50.43 |  49.87 |  53.16 |  56.27 |  43.52 |  34.47 |      0 |      0 |      0 |  59.79 |  47.86 |      0 |  28.23 |      0 |  71.08 |  83.11 |      0 |  21.52 |  35.19 |
|        96 |      0 |  70.00 |      0 |      0 |  50.24 |      0 |      0 |      0 |  26.67 |      0 |  80.40 |  35.17 |  69.54 |      0 |      0 |  74.74 |      0 |  31.26 |      0 |   8.11 |      0 |      0 |  31.11 |  56.52 |      0 |  42.42 |      0 |      0 |      0 |      0 |      0 |      0 |      0 |   9.66 |      0 |  56.37 |  65.11 |      0 |      0 |      0 |
|       102 | 100.00 | 100.00 |      0 |      0 |  12.50 |  92.39 |  81.18 |   0.97 |  89.00 |  94.00 | 100.00 |      0 |  50.95 | 100.00 |  59.89 |      0 |      0 |   9.60 |      0 | 100.00 |      0 |  24.96 |  75.80 |  67.73 |  64.28 |  44.74 |  99.15 |  88.58 |   1.59 |      0 |  41.70 |  81.83 |      0 |  70.06 |  84.91 |  67.50 |      0 |  60.59 | 100.00 |  52.42 |
|       108 |  81.06 |  32.61 |  83.48 |  87.89 |      0 |  59.19 |  35.01 |  82.46 |  51.22 | 100.00 |  70.30 |      0 |      0 |  85.55 |  30.38 |      0 |      0 |      0 |      0 |  39.77 |  37.48 |   0.24 |  74.69 |  99.38 |      0 |  48.63 |  23.92 | 100.00 | 100.00 |  87.49 |  85.94 |   3.25 |      0 |   2.18 |   1.08 |   9.31 |  49.78 |   0.62 | 100.00 |  53.20 |
|       114 | 100.00 |  14.02 |  78.59 |  85.19 | 100.00 |   1.31 |      0 |   1.00 |      0 |      0 |      0 | 100.00 |  73.75 | 100.00 |      0 |  14.11 |      0 |  49.43 |      0 |  76.21 |      0 | 100.00 |      0 |   5.35 |      0 |      0 |  25.77 |  92.44 | 100.00 | 100.00 |  66.64 |  90.32 | 100.00 |  39.82 |  66.39 |      0 |      0 |  43.87 | 100.00 |      0 |
|       120 |      0 | 100.00 |  87.97 |  64.65 |      0 |  17.68 |      0 |      0 |  59.11 |      0 |      0 |   2.96 |  98.79 |   5.38 |  55.19 |  26.38 |      0 |      0 |      0 | 100.00 |  95.82 |  28.59 |  25.81 |      0 |      0 |      0 |  22.80 |  67.77 | 100.00 |  65.60 |  80.30 |   8.56 |  72.15 |  99.09 | 100.00 |      0 |      0 |  82.23 | 100.00 |  21.53 |
