# variable: Mean Sea Level Pressure
# units: hPa
# 
| fcst_hour |       1 |       2 |       3 |       4 |       5 |       6 |       7 |       8 |       9 |      10 |      11 |      12 |      13 |      14 |      15 |      16 |      17 |      18 |      19 |      20 |      21 |      22 |      23 |      24 |      25 |      26 |      27 |      28 |      29 |      30 |      31 |      32 |      33 |      34 |      35 |      36 |      37 |      38 |      39 |      40 |
|         0 | 1032.64 | 1032.43 | 1033.99 | 1034.13 | 1033.62 | 1034.22 | 1033.53 | 1032.74 | 1033.29 | 1032.66 | 1033.10 | 1033.81 | 1033.21 | 1033.23 | 1033.21 | 1032.96 | 1033.25 | 1034.20 | 1033.14 | 1032.91 | 1033.75 | 1033.92 | 1033.53 | 1033.41 | 1033.76 | 1033.14 | 1032.87 | 1032.50 | 1033.25 | 1033.04 | 1033.43 | 1034.59 | 1032.64 | 1033.17 | 1034.57 | 1033.05 | 1033.02 | 1032.61 | 1033.19 | 1033.96 |
|         1 | 1032.46 | 1032.13 | 1033.72 | 1034.12 | 1033.40 | 1033.87 | 1033.05 | 1032.47 | 1032.95 | 1032.66 | 1032.79 | 1033.57 | 1033.50 | 1033.21 | 1032.88 | 1033.02 | 1033.05 | 1033.87 | 1032.77 | 1032.62 | 1033.47 | 1033.83 | 1033.12 | 1033.09 | 1033.41 | 1033.10 | 1032.76 | 1032.16 | 1033.02 | 1032.72 | 1033.16 | 1034.16 | 1032.26 | 1033.12 | 1034.21 | 1032.63 | 1032.51 | 1032.44 | 1033.02 | 1033.67 |
|         2 | 1031.98 | 1031.34 | 1033.16 | 1033.70 | 1032.80 | 1033.35 | 1032.30 | 1031.79 | 1032.50 | 1032.35 | 1032.15 | 1033.02 | 1033.12 | 1032.67 | 1032.32 | 1032.33 | 1032.40 | 1033.20 | 1032.32 | 1032.24 | 1032.86 | 1033.27 | 1032.34 | 1032.71 | 1032.65 | 1032.75 | 1032.27 | 1031.59 | 1032.80 | 1032.25 | 1032.73 | 1033.70 | 1031.51 | 1032.76 | 1033.41 | 1032.16 | 1032.07 | 1031.77 | 1032.83 | 1033.17 |
|         3 | 1031.71 | 1031.19 | 1032.77 | 1033.30 | 1032.37 | 1032.95 | 1031.81 | 1031.23 | 1032.47 | 1032.14 | 1031.64 | 1032.46 | 1032.45 | 1032.20 | 1031.98 | 1032.15 | 1031.79 | 1032.60 | 1031.80 | 1031.84 | 1032.32 | 1032.80 | 1032.05 | 1032.55 | 1032.22 | 1032.15 | 1031.96 | 1031.19 | 1032.24 | 1031.83 | 1032.24 | 1033.21 | 1031.19 | 1032.49 | 1032.90 | 1031.78 | 1031.76 | 1031.29 | 1032.55 | 1032.50 |
|         4 | 1031.86 | 1031.49 | 1032.71 | 1033.13 | 1032.49 | 1033.07 | 1031.73 | 1031.32 | 1032.80 | 1032.03 | 1031.80 | 1032.34 | 1032.06 | 1032.22 | 1032.04 | 1032.22 | 1031.62 | 1032.52 | 1031.98 | 1031.95 | 1032.14 | 1032.62 | 1032.25 | 1032.52 | 1032.14 | 1031.94 | 1031.86 | 1031.15 | 1032.00 | 1031.84 | 1032.23 | 1033.11 | 1031.38 | 1032.51 | 1033.06 | 1031.89 | 1031.86 | 1031.52 | 1032.53 | 1032.45 |
|         5 | 1031.97 | 1031.92 | 1032.62 | 1033.20 | 1032.72 | 1033.26 | 1031.86 | 1031.33 | 1033.10 | 1031.87 | 1032.29 | 1032.40 | 1031.97 | 1032.11 | 1032.16 | 1032.16 | 1031.76 | 1032.64 | 1032.33 | 1031.96 | 1032.56 | 1032.63 | 1032.46 | 1032.61 | 1032.05 | 1032.05 | 1031.84 | 1031.05 | 1032.00 | 1032.11 | 1032.26 | 1033.12 | 1031.67 | 1032.66 | 1033.43 | 1032.08 | 1031.98 | 1031.73 | 1032.37 | 1032.39 |
|         6 | 1032.16 | 1032.01 | 1032.76 | 1033.18 | 1033.03 | 1033.38 | 1032.09 | 1031.51 | 1032.98 | 1032.05 | 1032.50 | 1032.46 | 1032.17 | 1032.12 | 1032.24 | 1031.83 | 1031.81 | 1032.88 | 1032.56 | 1032.13 | 1032.94 | 1032.79 | 1032.49 | 1032.67 | 1032.06 | 1032.30 | 1032.12 | 1031.05 | 1032.24 | 1032.32 | 1032.46 | 1033.17 | 1031.86 | 1032.64 | 1033.61 | 1032.36 | 1032.26 | 1031.84 | 1032.47 | 1032.50 |
|         7 | 1032.23 | 1031.85 | 1032.78 | 1032.99 | 1033.02 | 1033.34 | 1031.99 | 1031.52 | 1032.69 | 1032.06 | 1032.42 | 1032.37 | 1032.12 | 1031.99 | 1032.39 | 1031.68 | 1031.74 | 1032.98 | 1032.19 | 1031.96 | 1033.07 | 1032.86 | 1032.46 | 1032.47 | 1032.12 | 1032.35 | 1032.31 | 1031.16 | 1032.46 | 1032.31 | 1032.26 | 1033.28 | 1031.81 | 1032.40 | 1033.41 | 1032.26 | 1032.37 | 1031.81 | 1032.50 | 1032.36 |
|         8 | 1032.05 | 1031.61 | 1032.66 | 1032.72 | 1032.45 | 1033.15 | 1031.43 | 1031.24 | 1032.29 | 1031.79 | 1032.05 | 1032.11 | 1031.96 | 1031.68 | 1031.91 | 1031.62 | 1031.40 | 1032.79 | 1031.76 | 1031.45 | 1032.87 | 1032.61 | 1031.99 | 1032.10 | 1031.80 | 1032.11 | 1032.10 | 1031.13 | 1032.09 | 1031.88 | 1032.23 | 1033.11 | 1031.43 | 1032.04 | 1032.75 | 1032.01 | 1031.91 | 1031.66 | 1032.29 | 1032.23 |
|         9 | 1032.13 | 1031.69 | 1032.77 | 1032.97 | 1032.20 | 1033.15 | 1031.45 | 1031.20 | 1032.36 | 1031.74 | 1031.95 | 1032.31 | 1032.16 | 1031.83 | 1031.85 | 1031.93 | 1031.47 | 1032.81 | 1031.95 | 1031.19 | 1032.94 | 1032.69 | 1031.95 | 1032.16 | 1031.83 | 1032.13 | 1032.01 | 1031.46 | 1031.91 | 1031.74 | 1032.50 | 1033.12 | 1031.39 | 1032.18 | 1032.76 | 1031.82 | 1031.82 | 1031.51 | 1032.36 | 1032.48 |
|        10 | 1032.30 | 1031.81 | 1032.83 | 1033.05 | 1032.12 | 1033.11 | 1031.65 | 1031.01 | 1032.28 | 1031.84 | 1032.10 | 1032.47 | 1032.23 | 1032.05 | 1031.66 | 1031.85 | 1031.58 | 1032.61 | 1031.97 | 1031.04 | 1032.78 | 1032.52 | 1031.83 | 1032.33 | 1031.48 | 1032.14 | 1031.96 | 1031.57 | 1031.96 | 1031.58 | 1032.56 | 1033.29 | 1031.36 | 1032.29 | 1032.91 | 1031.61 | 1031.76 | 1031.39 | 1032.27 | 1032.53 |
|        11 | 1031.96 | 1031.49 | 1032.55 | 1032.74 | 1031.72 | 1032.47 | 1031.35 | 1030.64 | 1031.95 | 1031.66 | 1031.68 | 1032.17 | 1031.79 | 1031.73 | 1031.23 | 1031.42 | 1031.15 | 1032.17 | 1031.64 | 1030.70 | 1032.17 | 1031.92 | 1031.61 | 1031.86 | 1031.03 | 1031.71 | 1031.57 | 1031.35 | 1031.94 | 1031.20 | 1031.97 | 1032.78 | 1031.04 | 1031.98 | 1032.56 | 1031.29 | 1031.51 | 1030.94 | 1031.84 | 1032.13 |
|        12 | 1031.19 | 1030.80 | 1031.73 | 1032.07 | 1030.82 | 1031.39 | 1030.50 | 1029.92 | 1031.30 | 1031.12 | 1030.75 | 1031.27 | 1030.87 | 1030.91 | 1030.84 | 1030.56 | 1030.45 | 1031.37 | 1030.76 | 1029.89 | 1031.30 | 1030.88 | 1031.00 | 1030.92 | 1030.22 | 1030.86 | 1030.83 | 1030.41 | 1031.21 | 1030.47 | 1031.10 | 1031.70 | 1030.29 | 1031.29 | 1031.63 | 1030.68 | 1030.64 | 1030.24 | 1031.02 | 1031.35 |
|        13 | 1030.62 | 1030.33 | 1031.13 | 1031.79 | 1030.51 | 1030.92 | 1029.96 | 1029.51 | 1031.18 | 1030.85 | 1030.29 | 1030.65 | 1030.16 | 1030.42 | 1030.52 | 1030.04 | 1029.85 | 1030.91 | 1030.30 | 1029.31 | 1030.83 | 1030.45 | 1030.45 | 1030.50 | 1029.83 | 1030.47 | 1030.43 | 1029.85 | 1030.50 | 1030.16 | 1030.61 | 1030.89 | 1029.89 | 1030.65 | 1030.92 | 1030.11 | 1030.13 | 1029.59 | 1030.63 | 1030.94 |
|        14 | 1030.60 | 1030.30 | 1030.96 | 1031.87 | 1030.59 | 1031.20 | 1029.95 | 1029.44 | 1031.48 | 1030.69 | 1030.25 | 1030.43 | 1030.03 | 1030.31 | 1030.57 | 1030.02 | 1029.58 | 1030.83 | 1030.39 | 1029.35 | 1031.01 | 1030.53 | 1030.49 | 1030.57 | 1029.73 | 1030.41 | 1030.58 | 1029.67 | 1030.39 | 1030.30 | 1030.71 | 1030.84 | 1029.85 | 1030.40 | 1030.70 | 1029.91 | 1030.12 | 1029.27 | 1030.61 | 1030.99 |
|        15 | 1030.57 | 1030.43 | 1031.16 | 1031.90 | 1030.82 | 1031.43 | 1030.02 | 1029.61 | 1031.68 | 1030.49 | 1030.24 | 1030.55 | 1029.99 | 1030.33 | 1030.62 | 1030.15 | 1029.67 | 1030.84 | 1030.60 | 1029.58 | 1031.35 | 1030.77 | 1030.71 | 1030.84 | 1029.78 | 1030.48 | 1030.70 | 1029.66 | 1030.62 | 1030.46 | 1030.87 | 1030.83 | 1029.99 | 1030.40 | 1030.68 | 1029.86 | 1030.34 | 1029.59 | 1030.75 | 1031.12 |
|        16 | 1030.69 | 1030.72 | 1031.41 | 1031.62 | 1031.06 | 1031.56 | 1030.32 | 1029.81 | 1031.93 | 1030.44 | 1030.20 | 1030.81 | 1030.15 | 1030.55 | 1030.93 | 1030.46 | 1029.97 | 1031.01 | 1030.95 | 1029.81 | 1031.59 | 1031.11 | 1031.04 | 1030.99 | 1030.01 | 1030.67 | 1030.82 | 1029.97 | 1030.98 | 1030.63 | 1031.00 | 1030.96 | 1030.28 | 1030.63 | 1030.91 | 1029.98 | 1030.56 | 1030.02 | 1030.80 | 1031.29 |
|        17 | 1030.79 | 1030.84 | 1031.32 | 1031.41 | 1031.02 | 1031.48 | 1030.36 | 1029.87 | 1031.83 | 1030.35 | 1030.17 | 1030.80 | 1030.23 | 1030.57 | 1030.99 | 1030.73 | 1029.98 | 1031.03 | 1030.95 | 1029.74 | 1031.40 | 1031.12 | 1031.11 | 1030.95 | 1030.09 | 1030.75 | 1030.86 | 1030.22 | 1031.12 | 1030.64 | 1031.04 | 1030.94 | 1030.37 | 1030.73 | 1030.96 | 1030.10 | 1030.58 | 1030.21 | 1030.69 | 1031.35 |
|        18 | 1030.98 | 1030.89 | 1031.22 | 1031.39 | 1030.96 | 1031.45 | 1030.35 | 1029.87 | 1031.67 | 1030.48 | 1030.13 | 1030.66 | 1030.29 | 1030.56 | 1030.89 | 1030.96 | 1029.92 | 1030.99 | 1030.84 | 1029.62 | 1031.28 | 1031.02 | 1031.12 | 1030.94 | 1029.95 | 1030.74 | 1030.82 | 1030.43 | 1031.05 | 1030.62 | 1031.12 | 1030.78 | 1030.53 | 1030.78 | 1030.95 | 1030.12 | 1030.52 | 1030.09 | 1030.55 | 1031.33 |
|        19 | 1030.87 | 1030.70 | 1030.95 | 1031.37 | 1030.63 | 1031.28 | 1030.00 | 1029.80 | 1031.20 | 1030.29 | 1030.06 | 1030.35 | 1030.07 | 1030.28 | 1030.69 | 1030.77 | 1029.70 | 1030.64 | 1030.53 | 1029.59 | 1031.08 | 1030.74 | 1030.98 | 1030.83 | 1029.67 | 1030.38 | 1030.53 | 1030.22 | 1030.81 | 1030.46 | 1031.05 | 1030.50 | 1030.35 | 1030.58 | 1030.62 | 1029.81 | 1030.34 | 1029.85 | 1030.22 | 1031.01 |
|        20 | 1030.66 | 1030.49 | 1030.99 | 1031.42 | 1030.35 | 1031.16 | 1029.79 | 1029.68 | 1031.01 | 1030.07 | 1029.94 | 1030.38 | 1030.04 | 1030.00 | 1030.45 | 1030.47 | 1029.54 | 1030.43 | 1030.35 | 1029.64 | 1030.98 | 1030.52 | 1030.82 | 1030.63 | 1029.44 | 1030.11 | 1030.27 | 1030.06 | 1030.73 | 1030.18 | 1030.75 | 1030.31 | 1030.06 | 1030.35 | 1030.42 | 1029.58 | 1030.16 | 1029.68 | 1030.08 | 1030.76 |
|        21 | 1030.69 | 1030.26 | 1031.27 | 1031.42 | 1030.39 | 1031.24 | 1029.85 | 1029.69 | 1031.10 | 1030.05 | 1029.97 | 1030.62 | 1030.15 | 1029.90 | 1030.43 | 1030.32 | 1029.56 | 1030.27 | 1030.46 | 1029.66 | 1030.89 | 1030.36 | 1030.94 | 1030.51 | 1029.43 | 1029.91 | 1030.22 | 1030.01 | 1030.76 | 1030.04 | 1030.52 | 1030.17 | 1030.12 | 1030.31 | 1030.53 | 1029.52 | 1030.00 | 1029.55 | 1030.20 | 1030.79 |
|        22 | 1030.73 | 1030.17 | 1031.29 | 1031.54 | 1030.50 | 1031.22 | 1030.22 | 1029.68 | 1031.08 | 1029.98 | 1030.10 | 1030.70 | 1030.04 | 1030.05 | 1030.59 | 1030.33 | 1029.48 | 1030.31 | 1030.50 | 1029.61 | 1030.80 | 1030.36 | 1031.08 | 1030.47 | 1029.48 | 1029.70 | 1030.28 | 1029.98 | 1030.91 | 1029.90 | 1030.35 | 1030.20 | 1030.31 | 1030.31 | 1030.64 | 1029.63 | 1029.92 | 1029.52 | 1030.23 | 1030.89 |
|        23 | 1030.53 | 1029.98 | 1031.04 | 1031.22 | 1030.48 | 1030.74 | 1029.97 | 1029.49 | 1030.59 | 1029.72 | 1029.97 | 1030.30 | 1029.68 | 1029.86 | 1030.59 | 1030.04 | 1029.20 | 1030.06 | 1030.26 | 1029.30 | 1030.56 | 1030.19 | 1030.87 | 1030.34 | 1029.30 | 1029.22 | 1030.05 | 1029.72 | 1030.73 | 1029.53 | 1030.20 | 1029.98 | 1030.17 | 1030.14 | 1030.44 | 1029.55 | 1029.87 | 1029.48 | 1029.98 | 1030.71 |
|        24 | 1030.23 | 1029.72 | 1030.67 | 1030.81 | 1030.33 | 1030.39 | 1029.64 | 1029.21 | 1030.10 | 1029.47 | 1029.61 | 1029.77 | 1029.14 | 1029.63 | 1030.44 | 1029.68 | 1028.92 | 1029.72 | 1029.81 | 1029.01 | 1030.31 | 1029.95 | 1030.60 | 1030.16 | 1029.00 | 1028.74 | 1029.87 | 1029.41 | 1030.27 | 1029.06 | 1030.09 | 1029.55 | 1030.02 | 1030.08 | 1030.10 | 1029.35 | 1029.73 | 1029.33 | 1029.69 | 1030.29 |
|        25 | 1030.10 | 1029.51 | 1030.34 | 1030.39 | 1030.19 | 1030.25 | 1029.35 | 1029.13 | 1029.96 | 1029.31 | 1029.23 | 1029.36 | 1028.81 | 1029.56 | 1030.20 | 1029.56 | 1028.59 | 1029.26 | 1029.36 | 1028.87 | 1029.95 | 1029.74 | 1030.37 | 1030.05 | 1028.85 | 1028.57 | 1029.62 | 1029.18 | 1029.87 | 1028.58 | 1029.98 | 1029.23 | 1029.83 | 1029.96 | 1029.68 | 1029.11 | 1029.35 | 1029.00 | 1029.61 | 1029.95 |
|        26 | 1029.96 | 1029.08 | 1030.00 | 1030.01 | 1030.05 | 1030.15 | 1029.00 | 1028.88 | 1029.79 | 1028.94 | 1029.05 | 1028.99 | 1028.67 | 1029.31 | 1029.76 | 1029.30 | 1028.21 | 1028.80 | 1028.92 | 1028.47 | 1029.61 | 1029.35 | 1030.05 | 1029.75 | 1028.76 | 1028.43 | 1029.37 | 1028.86 | 1029.52 | 1028.20 | 1029.63 | 1029.05 | 1029.58 | 1029.55 | 1029.37 | 1028.77 | 1028.85 | 1028.54 | 1029.20 | 1029.54 |
|        27 | 1029.79 | 1028.74 | 1029.80 | 1029.73 | 1029.95 | 1029.92 | 1028.70 | 1028.60 | 1029.50 | 1028.45 | 1029.15 | 1028.84 | 1028.63 | 1028.99 | 1029.24 | 1029.21 | 1028.14 | 1028.62 | 1028.48 | 1027.92 | 1029.45 | 1029.12 | 1029.58 | 1029.50 | 1028.69 | 1028.26 | 1029.27 | 1028.63 | 1029.48 | 1027.97 | 1029.38 | 1028.86 | 1029.41 | 1029.26 | 1029.19 | 1028.44 | 1028.61 | 1028.22 | 1028.72 | 1029.33 |
|        28 | 1029.67 | 1028.39 | 1029.58 | 1029.62 | 1029.87 | 1029.78 | 1028.74 | 1028.42 | 1029.20 | 1028.07 | 1029.33 | 1028.79 | 1028.67 | 1028.88 | 1028.96 | 1029.13 | 1028.20 | 1028.50 | 1028.31 | 1027.64 | 1029.39 | 1028.97 | 1029.13 | 1029.34 | 1028.48 | 1027.92 | 1029.20 | 1028.45 | 1029.48 | 1027.74 | 1029.26 | 1028.81 | 1029.24 | 1029.07 | 1029.07 | 1028.37 | 1028.62 | 1028.02 | 1028.32 | 1029.37 |
|        29 | 1029.49 | 1028.23 | 1029.29 | 1029.44 | 1029.62 | 1029.41 | 1028.87 | 1028.43 | 1028.95 | 1027.80 | 1029.21 | 1028.63 | 1028.45 | 1028.64 | 1028.54 | 1028.78 | 1028.26 | 1028.20 | 1028.30 | 1027.35 | 1029.13 | 1028.82 | 1028.88 | 1029.15 | 1028.06 | 1027.37 | 1028.92 | 1028.38 | 1029.11 | 1027.30 | 1029.10 | 1028.55 | 1028.84 | 1028.95 | 1028.98 | 1028.28 | 1028.46 | 1027.89 | 1027.91 | 1029.15 |
|        30 | 1029.21 | 1027.92 | 1029.02 | 1029.02 | 1029.33 | 1028.98 | 1028.93 | 1028.29 | 1028.76 | 1027.52 | 1028.93 | 1028.19 | 1028.16 | 1028.35 | 1028.13 | 1028.35 | 1028.12 | 1027.59 | 1028.22 | 1027.12 | 1028.75 | 1028.43 | 1028.69 | 1029.12 | 1027.42 | 1026.93 | 1028.71 | 1028.11 | 1028.70 | 1026.65 | 1028.84 | 1028.00 | 1028.51 | 1028.92 | 1028.82 | 1027.93 | 1028.10 | 1027.48 | 1027.74 | 1028.65 |
|        31 | 1029.06 | 1027.76 | 1029.17 | 1028.85 | 1029.17 | 1028.70 | 1028.87 | 1028.11 | 1028.64 | 1027.48 | 1028.74 | 1028.09 | 1028.01 | 1028.15 | 1027.94 | 1028.12 | 1028.12 | 1027.11 | 1027.97 | 1027.11 | 1028.59 | 1028.06 | 1028.62 | 1029.23 | 1027.28 | 1026.76 | 1028.76 | 1028.01 | 1028.52 | 1026.03 | 1028.72 | 1027.72 | 1028.55 | 1029.01 | 1028.57 | 1027.62 | 1027.93 | 1027.13 | 1027.98 | 1028.22 |
|        32 | 1028.82 | 1027.79 | 1028.99 | 1028.69 | 1029.26 | 1028.50 | 1028.63 | 1027.88 | 1028.54 | 1027.31 | 1028.75 | 1028.23 | 1027.98 | 1028.05 | 1027.76 | 1028.25 | 1028.05 | 1027.09 | 1027.83 | 1027.11 | 1028.86 | 1028.10 | 1028.51 | 1029.22 | 1027.50 | 1026.46 | 1028.52 | 1028.20 | 1028.75 | 1025.58 | 1028.79 | 1027.69 | 1028.60 | 1029.15 | 1028.67 | 1027.43 | 1028.14 | 1027.17 | 1028.00 | 1028.23 |
|        33 | 1028.88 | 1027.84 | 1028.91 | 1028.78 | 1029.60 | 1028.48 | 1028.59 | 1028.19 | 1028.66 | 1027.36 | 1028.69 | 1028.25 | 1028.06 | 1028.17 | 1027.35 | 1028.57 | 1027.92 | 1027.29 | 1027.70 | 1027.05 | 1029.28 | 1028.27 | 1028.65 | 1028.94 | 1027.58 | 1026.43 | 1028.41 | 1028.55 | 1028.93 | 1025.79 | 1028.75 | 1027.91 | 1028.92 | 1029.32 | 1028.90 | 1027.61 | 1028.42 | 1027.48 | 1028.12 | 1028.58 |
|        34 | 1029.45 | 1028.02 | 1028.95 | 1029.04 | 1029.64 | 1028.46 | 1028.56 | 1028.58 | 1028.60 | 1027.19 | 1028.56 | 1028.45 | 1027.94 | 1028.23 | 1027.34 | 1028.56 | 1027.85 | 1027.62 | 1027.53 | 1026.99 | 1029.57 | 1028.42 | 1028.91 | 1028.78 | 1027.72 | 1026.41 | 1028.73 | 1028.70 | 1028.96 | 1025.85 | 1028.71 | 1028.89 | 1029.32 | 1029.44 | 1029.07 | 1027.91 | 1028.36 | 1027.34 | 1028.63 | 1028.58 |
|        35 | 1029.27 | 1027.40 | 1028.51 | 1028.29 | 1029.05 | 1027.94 | 1028.20 | 1028.38 | 1027.99 | 1026.33 | 1027.96 | 1028.07 | 1027.32 | 1027.87 | 1027.28 | 1028.16 | 1027.47 | 1027.41 | 1027.02 | 1026.45 | 1029.16 | 1028.07 | 1028.67 | 1028.88 | 1027.28 | 1026.22 | 1028.78 | 1028.38 | 1028.66 | 1025.35 | 1028.22 | 1028.35 | 1028.87 | 1029.30 | 1028.53 | 1027.12 | 1027.95 | 1026.76 | 1028.27 | 1027.97 |
|        36 | 1028.80 | 1027.17 | 1027.76 | 1027.75 | 1028.63 | 1027.44 | 1027.88 | 1027.72 | 1027.29 | 1025.15 | 1027.57 | 1027.53 | 1026.83 | 1027.33 | 1026.98 | 1027.86 | 1026.88 | 1026.26 | 1026.51 | 1025.79 | 1028.72 | 1027.36 | 1027.96 | 1028.65 | 1026.32 | 1025.49 | 1028.69 | 1027.92 | 1027.96 | 1024.36 | 1027.61 | 1027.28 | 1027.94 | 1028.63 | 1027.58 | 1026.19 | 1027.11 | 1026.07 | 1027.58 | 1027.50 |
|        37 | 1028.11 | 1026.62 | 1027.11 | 1026.88 | 1028.20 | 1027.07 | 1027.54 | 1027.43 | 1026.58 | 1024.65 | 1027.37 | 1027.12 | 1026.43 | 1026.73 | 1026.47 | 1027.32 | 1026.57 | 1025.46 | 1026.05 | 1025.25 | 1028.24 | 1026.88 | 1026.99 | 1027.78 | 1025.94 | 1024.71 | 1027.65 | 1027.99 | 1027.39 | 1023.57 | 1027.11 | 1026.89 | 1027.45 | 1028.24 | 1026.94 | 1025.85 | 1026.76 | 1025.66 | 1026.91 | 1026.98 |
|        38 | 1027.82 | 1025.87 | 1026.38 | 1026.44 | 1028.25 | 1026.94 | 1027.27 | 1026.89 | 1026.40 | 1024.07 | 1026.91 | 1027.21 | 1026.37 | 1026.34 | 1025.79 | 1026.93 | 1026.51 | 1024.93 | 1025.80 | 1024.63 | 1028.43 | 1026.78 | 1027.06 | 1027.67 | 1026.03 | 1023.88 | 1027.78 | 1027.76 | 1027.46 | 1023.12 | 1027.06 | 1026.60 | 1027.07 | 1028.09 | 1026.70 | 1025.18 | 1026.75 | 1025.22 | 1026.84 | 1026.87 |
|        39 | 1027.55 | 1026.39 | 1026.02 | 1026.28 | 1028.13 | 1025.78 | 1027.27 | 1026.83 | 1026.32 | 1023.68 | 1026.37 | 1027.16 | 1026.20 | 1026.27 | 1025.36 | 1026.43 | 1026.38 | 1024.25 | 1025.29 | 1024.16 | 1028.17 | 1026.81 | 1026.87 | 1027.61 | 1025.35 | 1023.03 | 1027.32 | 1027.32 | 1027.04 | 1022.59 | 1026.55 | 1026.19 | 1026.61 | 1027.79 | 1026.32 | 1024.76 | 1026.20 | 1025.34 | 1026.50 | 1026.70 |
|        40 | 1027.51 | 1025.88 | 1026.08 | 1025.67 | 1028.00 | 1025.77 | 1026.88 | 1026.64 | 1026.12 | 1023.46 | 1026.46 | 1027.23 | 1026.06 | 1025.48 | 1024.85 | 1026.31 | 1026.12 | 1023.85 | 1025.40 | 1023.85 | 1027.76 | 1026.59 | 1026.15 | 1027.32 | 1025.39 | 1022.60 | 1026.70 | 1027.32 | 1026.48 | 1022.23 | 1026.64 | 1025.90 | 1026.60 | 1027.58 | 1026.59 | 1024.16 | 1026.06 | 1025.09 | 1026.17 | 1026.55 |
|        41 | 1027.55 | 1025.83 | 1025.99 | 1025.08 | 1027.58 | 1025.44 | 1026.81 | 1026.40 | 1025.91 | 1023.25 | 1026.55 | 1026.53 | 1026.04 | 1025.03 | 1024.60 | 1026.36 | 1026.38 | 1023.91 | 1025.34 | 1023.64 | 1027.72 | 1025.68 | 1026.28 | 1026.86 | 1025.55 | 1022.13 | 1026.49 | 1027.41 | 1026.75 | 1022.33 | 1026.51 | 1025.74 | 1026.59 | 1027.42 | 1026.61 | 1024.14 | 1025.96 | 1024.44 | 1026.24 | 1026.41 |
|        42 | 1027.42 | 1025.22 | 1025.64 | 1025.23 | 1027.61 | 1025.31 | 1026.79 | 1026.50 | 1025.73 | 1023.13 | 1026.19 | 1026.50 | 1025.94 | 1024.82 | 1024.23 | 1026.16 | 1026.34 | 1023.70 | 1024.84 | 1023.57 | 1027.79 | 1025.65 | 1026.09 | 1026.56 | 1025.20 | 1021.78 | 1025.88 | 1027.49 | 1026.72 | 1022.23 | 1026.03 | 1025.23 | 1026.24 | 1027.11 | 1026.56 | 1023.99 | 1025.81 | 1024.19 | 1025.71 | 1025.88 |
|        43 | 1027.28 | 1024.61 | 1025.27 | 1025.01 | 1027.70 | 1024.87 | 1026.56 | 1026.35 | 1025.25 | 1022.77 | 1026.07 | 1026.06 | 1025.56 | 1024.49 | 1024.06 | 1025.84 | 1025.94 | 1023.74 | 1024.29 | 1023.28 | 1027.76 | 1025.51 | 1025.88 | 1026.58 | 1024.23 | 1021.51 | 1025.20 | 1026.49 | 1026.41 | 1022.09 | 1025.71 | 1024.81 | 1025.80 | 1026.61 | 1025.87 | 1023.54 | 1025.73 | 1023.56 | 1025.18 | 1025.41 |
|        44 | 1026.78 | 1024.22 | 1024.95 | 1024.62 | 1027.20 | 1024.48 | 1025.96 | 1025.96 | 1024.89 | 1022.35 | 1025.45 | 1025.11 | 1024.88 | 1024.05 | 1023.51 | 1025.34 | 1025.11 | 1023.29 | 1023.79 | 1023.08 | 1027.30 | 1025.06 | 1025.32 | 1026.19 | 1023.74 | 1021.22 | 1024.66 | 1025.82 | 1026.12 | 1022.03 | 1025.28 | 1023.94 | 1025.09 | 1025.77 | 1025.25 | 1022.50 | 1025.35 | 1022.72 | 1025.27 | 1024.95 |
|        45 | 1026.32 | 1023.90 | 1024.52 | 1024.22 | 1026.63 | 1024.09 | 1025.37 | 1025.53 | 1024.53 | 1021.85 | 1024.77 | 1024.59 | 1024.26 | 1023.75 | 1022.91 | 1025.12 | 1024.62 | 1023.09 | 1023.20 | 1022.46 | 1026.43 | 1024.55 | 1024.82 | 1025.71 | 1023.24 | 1021.12 | 1023.91 | 1025.90 | 1025.84 | 1022.24 | 1024.84 | 1023.24 | 1024.42 | 1024.82 | 1024.80 | 1021.67 | 1024.74 | 1022.16 | 1024.91 | 1024.52 |
|        46 | 1025.85 | 1023.53 | 1024.48 | 1023.91 | 1026.54 | 1024.04 | 1025.29 | 1025.28 | 1024.16 | 1021.38 | 1024.29 | 1024.06 | 1023.40 | 1023.70 | 1022.58 | 1024.84 | 1024.49 | 1022.79 | 1022.84 | 1022.20 | 1025.67 | 1024.40 | 1024.34 | 1025.47 | 1022.63 | 1021.01 | 1023.28 | 1025.88 | 1025.56 | 1022.40 | 1025.05 | 1022.84 | 1024.00 | 1024.14 | 1024.54 | 1021.09 | 1024.30 | 1021.97 | 1024.74 | 1024.09 |
|        47 | 1025.49 | 1022.97 | 1024.32 | 1023.48 | 1026.55 | 1023.85 | 1025.30 | 1024.79 | 1023.54 | 1020.90 | 1024.01 | 1023.91 | 1023.01 | 1023.55 | 1022.28 | 1024.30 | 1024.45 | 1022.77 | 1022.38 | 1021.83 | 1025.08 | 1024.04 | 1024.01 | 1025.28 | 1022.21 | 1020.75 | 1022.68 | 1025.76 | 1025.45 | 1022.48 | 1024.89 | 1022.64 | 1023.67 | 1023.28 | 1024.11 | 1020.58 | 1024.11 | 1021.85 | 1024.46 | 1023.80 |
|        48 | 1024.82 | 1022.44 | 1024.05 | 1023.05 | 1025.79 | 1023.64 | 1025.11 | 1024.25 | 1023.07 | 1020.22 | 1023.54 | 1023.71 | 1022.47 | 1023.49 | 1021.96 | 1023.78 | 1024.07 | 1022.29 | 1021.78 | 1021.25 | 1024.69 | 1023.68 | 1023.65 | 1024.95 | 1021.88 | 1020.22 | 1021.58 | 1025.36 | 1025.25 | 1022.39 | 1024.19 | 1022.02 | 1022.92 | 1022.10 | 1023.66 | 1020.26 | 1023.81 | 1021.61 | 1024.06 | 1023.24 |
|        51 | 1021.60 | 1020.24 | 1022.36 | 1020.73 | 1023.22 | 1022.36 | 1023.59 | 1021.96 | 1020.82 | 1016.54 | 1020.93 | 1021.36 | 1020.67 | 1022.48 | 1019.83 | 1020.80 | 1022.45 | 1020.52 | 1019.05 | 1018.37 | 1021.91 | 1021.71 | 1020.78 | 1023.06 | 1019.97 | 1017.84 | 1017.77 | 1023.31 | 1023.18 | 1021.41 | 1021.88 | 1018.99 | 1019.61 | 1016.69 | 1020.98 | 1017.64 | 1022.29 | 1020.37 | 1021.90 | 1021.34 |
|        54 | 1018.17 | 1017.03 | 1019.59 | 1018.21 | 1020.23 | 1020.07 | 1021.33 | 1018.99 | 1017.40 | 1012.73 | 1017.50 | 1018.35 | 1018.36 | 1019.93 | 1017.06 | 1017.23 | 1020.02 | 1018.10 | 1016.24 | 1014.79 | 1018.16 | 1019.05 | 1017.13 | 1020.67 | 1017.86 | 1015.36 | 1014.82 | 1021.46 | 1020.60 | 1017.87 | 1019.68 | 1015.66 | 1016.37 | 1012.98 | 1018.66 | 1014.68 | 1020.28 | 1017.89 | 1019.19 | 1018.26 |
|        57 | 1015.19 | 1014.02 | 1017.24 | 1016.14 | 1016.97 | 1017.60 | 1019.60 | 1016.64 | 1014.33 | 1010.49 | 1013.32 | 1015.74 | 1015.86 | 1017.15 | 1014.49 | 1013.93 | 1017.43 | 1015.61 | 1014.02 | 1012.25 | 1015.05 | 1016.75 | 1013.81 | 1018.50 | 1015.33 | 1013.81 | 1013.35 | 1019.71 | 1017.59 | 1014.24 | 1017.01 | 1012.46 | 1013.91 | 1011.61 | 1016.07 | 1012.79 | 1017.91 | 1015.05 | 1016.36 | 1014.54 |
|        60 | 1012.84 | 1010.52 | 1015.34 | 1013.52 | 1015.19 | 1015.16 | 1016.02 | 1013.34 | 1011.91 | 1008.75 | 1011.57 | 1013.59 | 1012.82 | 1015.16 | 1012.53 | 1011.34 | 1014.82 | 1013.48 | 1013.56 | 1009.87 | 1013.54 | 1014.76 | 1011.22 | 1014.88 | 1013.38 | 1012.26 | 1012.78 | 1018.10 | 1015.03 | 1010.44 | 1014.24 | 1011.34 | 1012.10 | 1012.84 | 1014.72 | 1010.96 | 1014.66 | 1012.38 | 1013.59 | 1012.05 |
|        63 | 1010.87 | 1007.68 | 1014.43 | 1011.91 | 1014.17 | 1012.85 | 1013.08 | 1011.00 | 1009.75 | 1006.59 | 1011.11 | 1011.21 | 1010.91 | 1012.77 | 1010.07 | 1009.38 | 1013.00 | 1011.42 | 1013.20 | 1008.42 | 1014.13 | 1013.60 | 1009.12 | 1011.88 | 1011.80 | 1009.79 | 1013.02 | 1017.41 | 1012.61 | 1007.85 | 1012.68 | 1010.45 | 1011.60 | 1014.41 | 1014.25 | 1008.67 | 1011.48 | 1009.34 | 1011.88 | 1009.88 |
|        66 | 1010.88 | 1004.46 | 1014.36 | 1011.86 | 1014.39 | 1010.64 | 1011.91 | 1009.42 | 1010.39 | 1006.38 | 1012.25 | 1009.23 | 1010.42 | 1011.62 | 1008.65 | 1008.85 | 1012.45 | 1009.52 | 1015.09 | 1006.86 | 1016.08 | 1013.40 | 1009.21 | 1011.31 | 1011.77 | 1008.24 | 1014.95 | 1017.77 | 1012.70 | 1007.19 | 1012.14 | 1013.48 | 1011.24 | 1017.78 | 1014.86 | 1007.40 | 1009.99 | 1008.10 | 1011.48 | 1009.81 |
|        69 | 1012.64 | 1003.67 | 1013.78 | 1011.97 | 1015.52 | 1009.15 | 1010.78 | 1010.13 | 1010.74 | 1007.20 | 1013.45 | 1009.70 | 1009.60 | 1011.04 | 1007.89 | 1009.83 | 1012.09 | 1007.85 | 1015.70 | 1007.30 | 1018.73 | 1013.39 | 1010.36 | 1011.13 | 1011.97 | 1006.27 | 1017.18 | 1017.99 | 1011.97 | 1005.89 | 1011.55 | 1017.70 | 1011.60 | 1020.47 | 1015.59 | 1006.17 | 1009.37 | 1007.28 | 1010.78 | 1009.87 |
|        72 | 1017.58 | 1006.76 | 1013.49 | 1012.25 | 1017.16 | 1009.08 | 1011.38 | 1010.76 | 1014.44 | 1010.90 | 1015.24 | 1010.14 | 1008.75 | 1011.37 | 1007.47 | 1013.53 | 1013.56 | 1007.40 | 1015.32 | 1007.64 | 1020.85 | 1016.22 | 1015.26 | 1010.46 | 1013.04 | 1005.24 | 1019.03 | 1017.70 | 1011.27 | 1005.89 | 1012.12 | 1021.53 | 1013.53 | 1023.07 | 1017.17 | 1007.33 | 1008.34 | 1006.85 | 1009.95 | 1011.39 |
|        78 | 1025.38 | 1013.48 | 1016.88 | 1018.72 | 1017.81 | 1016.47 | 1014.29 | 1013.86 | 1020.09 | 1020.54 | 1020.61 | 1013.05 | 1010.63 | 1014.33 | 1006.39 | 1020.86 | 1018.58 | 1009.36 | 1016.79 | 1010.09 | 1025.02 | 1023.34 | 1020.80 | 1017.18 | 1017.30 | 1011.64 | 1023.61 | 1018.81 | 1019.98 | 1011.07 | 1016.71 | 1027.78 | 1018.03 | 1026.90 | 1022.11 | 1013.79 | 1017.56 | 1009.37 | 1010.36 | 1017.78 |
|        84 | 1028.10 | 1024.02 | 1020.73 | 1024.67 | 1023.52 | 1026.25 | 1021.60 | 1021.18 | 1020.79 | 1024.84 | 1026.28 | 1018.63 | 1020.15 | 1020.43 | 1013.35 | 1021.04 | 1024.70 | 1016.74 | 1022.47 | 1015.98 | 1024.32 | 1024.98 | 1024.44 | 1025.17 | 1024.46 | 1019.70 | 1027.08 | 1021.18 | 1025.42 | 1017.50 | 1020.11 | 1029.44 | 1021.81 | 1026.79 | 1024.63 | 1020.54 | 1024.13 | 1016.91 | 1018.12 | 1022.68 |
|        90 | 1025.70 | 1025.78 | 1022.06 | 1023.37 | 1025.49 | 1029.49 | 1026.10 | 1021.28 | 1013.04 | 1023.94 | 1028.13 | 1017.82 | 1024.43 | 1022.93 | 1017.12 | 1008.75 | 1024.05 | 1021.30 | 1026.33 | 1016.86 | 1024.83 | 1018.04 | 1027.36 | 1025.91 | 1027.04 | 1023.23 | 1025.07 | 1021.38 | 1024.60 | 1021.06 | 1018.75 | 1024.61 | 1021.91 | 1024.05 | 1022.68 | 1022.82 | 1024.26 | 1019.66 | 1023.63 | 1025.82 |
|        96 | 1018.88 | 1020.83 | 1020.43 | 1014.52 | 1023.09 | 1028.35 | 1025.66 | 1013.23 | 1001.71 | 1015.79 | 1025.81 | 1008.88 | 1023.06 | 1017.50 | 1016.61 | 1002.41 | 1018.66 | 1018.78 | 1025.59 | 1013.91 | 1023.37 | 1006.68 | 1027.32 | 1019.50 | 1025.65 | 1019.91 | 1018.35 | 1018.57 | 1016.46 | 1017.06 | 1011.62 | 1012.07 | 1017.61 | 1018.13 | 1016.03 | 1019.65 | 1017.95 | 1015.67 | 1024.59 | 1024.96 |
|       102 | 1014.37 | 1010.33 | 1013.59 | 1013.12 | 1015.33 | 1022.56 | 1015.70 | 1001.70 |  997.54 | 1003.43 | 1018.42 | 1003.49 | 1012.53 | 1002.94 | 1007.03 |  999.34 | 1008.81 | 1006.49 | 1017.03 | 1005.40 | 1016.37 | 1003.49 | 1021.11 | 1007.09 | 1017.75 | 1011.53 | 1010.81 | 1009.03 | 1008.23 | 1009.60 | 1002.55 | 1004.39 | 1005.95 | 1012.53 | 1004.57 | 1008.64 | 1007.40 | 1003.91 | 1018.62 | 1014.26 |
|       108 | 1015.87 | 1006.33 | 1005.84 | 1015.32 | 1014.70 | 1018.48 | 1005.67 |  996.95 |  994.50 |  999.70 | 1014.39 | 1007.46 | 1004.61 | 1002.16 | 1000.92 | 1002.20 | 1005.13 | 1001.52 | 1008.72 |  997.47 | 1009.00 | 1002.82 | 1013.60 | 1002.70 | 1011.92 | 1005.78 | 1006.44 |  997.84 | 1001.38 | 1002.31 | 1002.91 | 1004.53 | 1000.10 | 1009.51 | 1008.36 | 1003.22 | 1000.74 |  993.13 | 1010.59 | 1009.45 |
|       114 | 1019.80 | 1002.86 | 1001.20 | 1016.44 | 1014.05 | 1015.19 | 1005.77 |  999.65 |  996.33 | 1004.79 | 1011.06 | 1005.80 | 1007.91 | 1002.53 | 1000.13 | 1011.51 | 1006.43 |  998.97 | 1009.30 |  991.92 | 1000.73 | 1004.16 | 1009.38 | 1003.80 | 1012.79 |  996.65 | 1010.27 |  997.88 | 1005.87 | 1004.53 |  997.20 | 1009.77 | 1002.56 | 1007.40 | 1008.41 |  997.80 |  996.40 |  998.86 | 1011.88 | 1011.70 |
|       120 | 1022.26 | 1001.65 | 1004.99 | 1017.58 | 1010.36 | 1010.60 | 1002.90 |  998.04 |  996.18 | 1008.84 | 1012.95 | 1000.39 | 1005.11 | 1001.07 |  999.18 | 1017.80 | 1011.71 |  993.84 | 1008.17 |  990.09 | 1006.18 | 1009.87 | 1013.11 | 1001.48 | 1014.42 | 1001.37 | 1014.60 |  997.72 | 1005.44 | 1004.09 |  999.09 | 1017.60 |  997.96 | 1008.50 | 1007.15 |  991.81 | 1000.70 |  998.27 | 1015.07 | 1011.75 |
