# variable: Wind Gust at 10m, Maximum of Time Interval before fcst_hour
# units: km/h
# 
| fcst_hour |     1 |     2 |     3 |     4 |     5 |     6 |     7 |     8 |     9 |    10 |    11 |    12 |    13 |    14 |    15 |    16 |    17 |    18 |    19 |    20 |    21 |    22 |    23 |    24 |    25 |    26 |    27 |    28 |    29 |    30 |    31 |    32 |    33 |    34 |    35 |    36 |    37 |    38 |    39 |    40 |
|         1 | 18.79 | 20.56 | 14.66 | 30.31 | 20.27 | 17.83 | 18.71 | 23.43 | 17.78 | 20.17 | 21.71 | 18.18 | 21.07 | 18.01 | 16.41 | 17.56 | 18.87 | 16.79 | 14.47 | 22.09 | 18.84 | 19.76 | 15.70 | 18.41 | 18.88 | 21.58 | 20.57 | 19.03 | 17.31 | 18.25 | 22.37 | 19.35 | 18.51 | 20.45 | 20.61 | 18.15 | 17.00 | 19.82 | 18.16 | 18.58 |
|         2 | 14.21 | 14.76 | 10.22 | 21.55 | 15.82 | 13.41 | 14.43 | 18.29 | 16.04 | 14.26 | 15.02 | 12.46 | 13.86 | 14.31 | 10.90 | 12.62 | 12.75 | 13.33 | 10.50 | 15.46 | 14.89 | 16.31 | 10.39 | 14.38 | 14.78 | 16.10 | 18.05 | 14.84 |  9.94 | 14.28 | 17.19 | 14.44 | 14.10 | 13.57 | 15.39 | 12.92 | 13.62 | 15.28 | 11.41 | 15.08 |
|         3 | 18.61 | 15.55 | 16.76 | 13.27 | 16.62 | 15.86 | 15.42 | 13.04 | 16.08 | 12.26 | 11.75 | 19.07 | 12.88 | 14.19 | 13.04 | 10.59 | 15.58 | 11.25 | 12.28 | 10.21 | 12.13 | 14.81 |  9.17 | 14.75 | 14.81 | 12.32 | 15.49 | 14.47 | 11.35 | 12.51 | 15.17 | 13.34 | 13.72 | 12.08 | 11.35 | 13.36 | 15.69 | 11.78 | 13.90 | 17.54 |
|         4 | 20.97 | 19.41 | 19.02 | 16.09 | 18.34 | 20.24 | 18.04 | 15.39 | 17.98 | 17.40 | 12.86 | 21.47 | 19.03 | 20.07 | 19.29 | 13.70 | 18.83 | 17.06 | 16.55 | 14.15 | 17.08 | 19.76 | 11.84 | 18.30 | 16.88 | 16.04 | 17.79 | 19.76 | 13.67 | 16.73 | 18.07 | 17.91 | 17.78 | 13.46 | 16.80 | 19.88 | 17.87 | 12.75 | 15.70 | 20.18 |
|         5 | 23.21 | 20.44 | 21.66 | 23.16 | 21.78 | 19.94 | 19.02 | 18.27 | 18.61 | 18.88 | 19.04 | 23.79 | 19.90 | 23.09 | 20.73 | 18.32 | 18.88 | 19.39 | 19.12 | 18.04 | 18.21 | 21.42 | 18.35 | 19.70 | 21.03 | 19.13 | 19.76 | 20.40 | 15.42 | 18.86 | 21.44 | 21.16 | 20.40 | 19.91 | 20.04 | 20.38 | 19.91 | 19.90 | 20.26 | 22.71 |
|         6 | 28.41 | 24.49 | 21.81 | 29.52 | 30.00 | 26.70 | 21.38 | 20.32 | 23.62 | 23.64 | 24.82 | 29.04 | 25.59 | 28.12 | 25.25 | 23.70 | 23.44 | 21.31 | 21.83 | 24.33 | 19.57 | 26.09 | 21.22 | 24.35 | 27.08 | 23.20 | 21.67 | 26.17 | 23.30 | 22.59 | 25.77 | 26.80 | 23.04 | 21.83 | 24.68 | 25.02 | 23.66 | 19.95 | 21.41 | 25.02 |
|         7 | 34.10 | 26.79 | 29.23 | 33.02 | 35.89 | 29.89 | 29.47 | 25.81 | 29.57 | 29.13 | 31.43 | 35.14 | 30.31 | 31.82 | 30.66 | 29.87 | 30.19 | 27.15 | 26.68 | 32.09 | 26.69 | 30.75 | 27.99 | 31.42 | 29.90 | 31.89 | 27.35 | 30.07 | 27.63 | 30.23 | 31.74 | 31.90 | 30.96 | 26.86 | 30.00 | 32.08 | 29.25 | 26.79 | 28.69 | 31.41 |
|         8 | 36.71 | 28.03 | 31.78 | 37.02 | 40.92 | 32.70 | 30.57 | 31.82 | 30.39 | 32.47 | 38.02 | 36.56 | 34.14 | 37.38 | 34.92 | 34.91 | 32.15 | 29.92 | 30.27 | 36.53 | 29.70 | 32.13 | 29.98 | 32.90 | 34.15 | 32.14 | 30.71 | 36.21 | 31.99 | 34.52 | 35.80 | 33.78 | 31.85 | 32.47 | 32.15 | 35.16 | 30.38 | 33.13 | 33.85 | 33.73 |
|         9 | 41.31 | 37.31 | 35.63 | 36.15 | 46.16 | 41.22 | 33.35 | 35.63 | 35.49 | 39.05 | 40.33 | 45.56 | 42.12 | 43.43 | 40.06 | 39.04 | 35.92 | 30.87 | 33.92 | 42.63 | 31.81 | 35.49 | 33.39 | 34.43 | 41.75 | 35.80 | 33.36 | 45.66 | 40.70 | 36.55 | 39.53 | 37.03 | 40.94 | 35.75 | 33.06 | 36.25 | 33.19 | 36.06 | 37.05 | 39.91 |
|        10 | 43.50 | 41.60 | 40.63 | 41.04 | 47.77 | 47.22 | 41.33 | 39.90 | 43.06 | 46.39 | 47.85 | 48.76 | 49.01 | 46.92 | 45.45 | 44.55 | 42.09 | 35.08 | 41.51 | 48.93 | 37.21 | 46.82 | 41.38 | 40.72 | 43.78 | 42.97 | 38.41 | 52.50 | 44.18 | 43.40 | 44.26 | 43.19 | 50.51 | 35.74 | 36.10 | 41.35 | 38.42 | 40.41 | 44.95 | 44.66 |
|        11 | 44.82 | 42.69 | 42.56 | 49.33 | 49.44 | 48.87 | 44.71 | 44.59 | 45.26 | 46.66 | 50.15 | 49.83 | 50.11 | 47.33 | 47.56 | 47.74 | 44.61 | 37.35 | 41.19 | 50.92 | 41.78 | 53.63 | 44.17 | 45.60 | 44.25 | 45.89 | 39.37 | 53.44 | 44.64 | 48.77 | 48.69 | 46.27 | 50.25 | 39.08 | 40.59 | 42.28 | 39.93 | 43.22 | 46.95 | 46.07 |
|        12 | 44.81 | 42.67 | 44.58 | 51.82 | 48.60 | 47.81 | 45.67 | 44.79 | 46.40 | 46.67 | 50.42 | 49.55 | 49.90 | 48.05 | 48.00 | 47.72 | 48.52 | 37.97 | 41.22 | 52.76 | 42.73 | 54.16 | 43.77 | 46.78 | 44.29 | 45.64 | 38.84 | 52.52 | 45.70 | 49.12 | 48.72 | 47.01 | 47.96 | 42.60 | 40.53 | 43.10 | 40.43 | 44.58 | 46.98 | 46.68 |
|        13 | 43.65 | 39.10 | 43.66 | 49.84 | 48.57 | 47.44 | 46.55 | 42.99 | 44.77 | 45.27 | 48.19 | 47.79 | 46.95 | 48.00 | 48.86 | 44.79 | 48.18 | 39.99 | 41.16 | 52.93 | 42.76 | 51.16 | 42.85 | 46.59 | 41.83 | 43.18 | 39.32 | 49.14 | 47.05 | 48.48 | 46.08 | 47.03 | 47.20 | 43.71 | 42.34 | 43.50 | 41.09 | 44.62 | 46.34 | 45.50 |
|        14 | 43.02 | 39.27 | 40.70 | 50.18 | 48.63 | 47.54 | 46.05 | 42.57 | 44.66 | 45.30 | 46.37 | 45.78 | 44.63 | 48.09 | 48.35 | 44.38 | 47.40 | 39.90 | 41.72 | 49.36 | 39.74 | 49.13 | 44.22 | 44.51 | 41.13 | 44.30 | 39.24 | 46.83 | 49.61 | 46.36 | 43.21 | 44.94 | 44.51 | 43.97 | 42.45 | 43.85 | 40.86 | 44.07 | 46.05 | 43.65 |
|        15 | 45.35 | 38.86 | 42.05 | 48.67 | 47.19 | 47.14 | 44.34 | 43.51 | 45.33 | 44.50 | 47.28 | 46.76 | 41.77 | 46.09 | 45.23 | 43.28 | 46.73 | 38.99 | 44.71 | 49.74 | 38.43 | 49.17 | 44.62 | 43.32 | 41.39 | 46.93 | 43.14 | 44.84 | 50.37 | 44.40 | 41.78 | 45.39 | 42.41 | 43.37 | 43.29 | 45.76 | 41.45 | 43.91 | 45.85 | 41.00 |
|        16 | 50.64 | 43.81 | 44.54 | 51.70 | 49.29 | 47.10 | 44.37 | 43.60 | 45.18 | 45.26 | 50.32 | 49.29 | 46.43 | 44.90 | 45.70 | 45.87 | 46.01 | 42.37 | 45.65 | 51.88 | 38.24 | 54.99 | 44.77 | 47.37 | 41.65 | 48.62 | 43.15 | 43.46 | 50.55 | 44.20 | 43.40 | 46.08 | 45.05 | 43.66 | 45.64 | 50.73 | 41.49 | 42.32 | 44.32 | 40.07 |
|        17 | 55.80 | 45.57 | 46.77 | 51.99 | 49.25 | 48.06 | 46.19 | 42.94 | 44.92 | 45.75 | 52.05 | 49.89 | 48.56 | 48.61 | 49.07 | 47.19 | 44.66 | 44.04 | 49.32 | 53.19 | 39.08 | 55.77 | 44.48 | 47.76 | 43.02 | 48.28 | 45.26 | 47.91 | 50.58 | 45.10 | 43.49 | 45.64 | 47.99 | 44.39 | 46.37 | 53.41 | 42.98 | 43.86 | 46.45 | 39.69 |
|        18 | 61.00 | 48.20 | 51.59 | 50.43 | 48.46 | 50.54 | 49.21 | 45.41 | 45.07 | 45.97 | 53.03 | 53.05 | 55.30 | 51.83 | 53.47 | 47.21 | 44.69 | 46.53 | 51.25 | 52.89 | 41.61 | 61.34 | 46.93 | 47.49 | 48.63 | 44.74 | 48.60 | 51.92 | 51.16 | 44.85 | 42.94 | 51.87 | 50.64 | 45.72 | 46.30 | 53.12 | 46.94 | 45.80 | 51.48 | 39.92 |
|        19 | 66.47 | 50.40 | 53.29 | 54.96 | 52.84 | 53.12 | 49.81 | 46.98 | 45.39 | 50.26 | 57.22 | 58.61 | 60.89 | 56.23 | 58.85 | 49.59 | 48.83 | 49.47 | 50.75 | 53.90 | 44.08 | 62.99 | 50.59 | 51.36 | 48.75 | 42.36 | 50.76 | 55.89 | 55.52 | 42.70 | 45.02 | 52.20 | 52.25 | 46.62 | 46.48 | 50.93 | 51.01 | 47.27 | 57.67 | 40.55 |
|        20 | 70.35 | 58.13 | 57.62 | 60.77 | 59.81 | 57.63 | 52.51 | 52.50 | 47.90 | 59.13 | 61.08 | 64.32 | 63.77 | 60.80 | 66.64 | 55.57 | 54.86 | 53.68 | 54.68 | 56.95 | 48.63 | 65.15 | 53.16 | 57.72 | 57.09 | 48.93 | 52.01 | 64.18 | 63.61 | 43.00 | 53.63 | 59.31 | 56.61 | 47.95 | 50.29 | 54.19 | 56.79 | 47.40 | 60.95 | 45.98 |
|        21 | 75.69 | 64.37 | 59.50 | 65.48 | 65.73 | 66.83 | 56.43 | 58.83 | 51.13 | 67.79 | 64.64 | 68.26 | 68.76 | 67.96 | 71.14 | 61.97 | 64.71 | 58.03 | 57.34 | 64.09 | 52.28 | 69.25 | 56.45 | 63.85 | 62.33 | 58.87 | 54.75 | 69.66 | 68.71 | 48.63 | 61.39 | 64.36 | 61.08 | 49.81 | 56.80 | 59.09 | 60.26 | 50.10 | 65.47 | 53.60 |
|        22 | 77.53 | 64.28 | 61.76 | 67.59 | 71.09 | 75.13 | 61.38 | 66.19 | 57.20 | 80.15 | 66.87 | 78.90 | 69.94 | 73.56 | 75.22 | 66.69 | 73.21 | 60.14 | 59.13 | 69.53 | 59.58 | 79.03 | 61.89 | 69.66 | 71.79 | 59.15 | 59.43 | 77.79 | 73.30 | 56.10 | 68.11 | 68.86 | 65.84 | 54.86 | 63.60 | 62.93 | 64.05 | 56.40 | 66.97 | 62.88 |
|        23 | 80.37 | 63.47 | 64.61 | 74.04 | 81.21 | 82.83 | 67.14 | 68.82 | 64.86 | 85.55 | 74.27 | 88.12 | 74.63 | 81.66 | 78.48 | 73.19 | 79.20 | 61.18 | 60.40 | 72.92 | 67.54 | 88.75 | 66.04 | 78.51 | 76.38 | 64.61 | 61.71 | 81.79 | 81.60 | 66.37 | 74.23 | 77.80 | 67.70 | 60.08 | 73.74 | 66.16 | 66.83 | 59.35 | 77.57 | 74.61 |
|        24 | 86.13 | 66.00 | 68.11 | 74.02 | 81.36 | 83.39 | 72.44 | 73.67 | 72.32 | 82.65 | 83.05 | 87.74 | 79.98 | 81.65 | 76.43 | 77.02 | 80.54 | 65.23 | 61.99 | 68.95 | 69.30 | 88.98 | 67.44 | 81.13 | 80.96 | 69.38 | 67.97 | 81.90 | 83.43 | 73.62 | 76.15 | 82.21 | 76.93 | 65.69 | 81.35 | 66.43 | 73.02 | 62.52 | 80.68 | 78.68 |
|        25 | 85.77 | 66.43 | 71.40 | 70.95 | 76.26 | 75.09 | 76.91 | 76.55 | 78.51 | 70.95 | 83.10 | 78.34 | 79.33 | 71.73 | 67.13 | 74.94 | 81.01 | 70.65 | 65.54 | 60.03 | 68.97 | 81.35 | 72.31 | 80.11 | 80.33 | 72.31 | 68.07 | 75.31 | 83.45 | 73.93 | 75.17 | 82.10 | 77.79 | 72.26 | 77.04 | 70.95 | 73.51 | 67.90 | 79.76 | 79.06 |
|        26 | 75.55 | 66.45 | 71.19 | 62.77 | 72.04 | 75.69 | 77.60 | 76.28 | 81.17 | 70.09 | 81.00 | 76.22 | 74.06 | 67.54 | 64.06 | 70.94 | 81.33 | 83.18 | 72.45 | 56.49 | 69.62 | 68.04 | 74.29 | 71.50 | 76.30 | 72.31 | 67.54 | 68.59 | 77.57 | 72.97 | 73.06 | 76.69 | 73.26 | 79.13 | 70.21 | 74.56 | 73.51 | 73.75 | 77.20 | 80.71 |
|        27 | 64.26 | 72.04 | 66.08 | 61.83 | 70.06 | 69.56 | 74.34 | 75.76 | 69.61 | 65.06 | 75.38 | 71.51 | 68.55 | 58.59 | 59.98 | 68.89 | 75.66 | 86.43 | 73.12 | 54.10 | 72.98 | 64.75 | 69.12 | 67.34 | 71.54 | 69.06 | 70.19 | 65.43 | 72.53 | 65.59 | 71.75 | 72.90 | 68.90 | 78.13 | 70.46 | 73.83 | 71.36 | 73.33 | 70.93 | 80.18 |
|        28 | 61.77 | 69.92 | 64.93 | 58.50 | 63.53 | 67.79 | 69.12 | 75.92 | 69.66 | 57.64 | 71.91 | 66.67 | 62.41 | 50.88 | 55.55 | 64.65 | 69.11 | 82.86 | 68.62 | 52.40 | 73.13 | 56.96 | 63.98 | 63.50 | 66.79 | 68.25 | 70.19 | 57.30 | 67.49 | 64.96 | 68.25 | 68.54 | 62.35 | 75.13 | 66.66 | 69.14 | 71.38 | 70.95 | 69.19 | 73.87 |
|        29 | 54.61 | 67.01 | 57.49 | 54.20 | 59.55 | 62.74 | 66.76 | 72.19 | 62.96 | 51.93 | 64.31 | 60.22 | 56.11 | 47.46 | 53.35 | 61.71 | 60.84 | 72.50 | 61.43 | 46.82 | 68.29 | 51.61 | 62.61 | 57.69 | 62.75 | 63.04 | 69.11 | 53.95 | 61.21 | 60.81 | 63.11 | 63.09 | 55.65 | 69.98 | 60.55 | 66.43 | 66.71 | 66.22 | 63.13 | 69.24 |
|        30 | 50.37 | 64.86 | 50.84 | 48.33 | 57.63 | 58.50 | 58.32 | 67.63 | 59.01 | 42.96 | 58.41 | 52.25 | 53.27 | 43.74 | 48.77 | 60.71 | 55.03 | 71.88 | 52.71 | 40.59 | 61.65 | 50.39 | 53.40 | 50.18 | 60.52 | 58.11 | 66.54 | 49.03 | 55.84 | 55.40 | 57.00 | 59.04 | 51.37 | 68.64 | 59.56 | 63.24 | 64.20 | 61.91 | 58.94 | 64.88 |
|        31 | 48.54 | 59.58 | 47.52 | 42.51 | 54.15 | 53.78 | 53.43 | 62.47 | 56.15 | 34.53 | 54.66 | 47.37 | 49.99 | 39.59 | 43.00 | 57.79 | 49.21 | 69.02 | 43.40 | 35.94 | 58.82 | 45.23 | 45.45 | 42.46 | 56.58 | 53.05 | 66.50 | 42.06 | 50.36 | 51.87 | 53.63 | 53.13 | 47.34 | 58.36 | 55.55 | 57.53 | 60.13 | 58.41 | 53.94 | 61.69 |
|        32 | 45.27 | 56.43 | 43.68 | 38.77 | 51.77 | 49.72 | 51.47 | 59.14 | 55.34 | 27.46 | 49.05 | 43.31 | 46.34 | 34.43 | 37.70 | 54.40 | 43.44 | 65.56 | 40.89 | 32.29 | 53.83 | 35.74 | 41.70 | 36.55 | 54.18 | 47.96 | 63.29 | 36.06 | 45.79 | 50.64 | 49.61 | 48.89 | 41.53 | 58.10 | 50.11 | 54.47 | 54.52 | 55.02 | 46.98 | 59.30 |
|        33 | 41.28 | 53.63 | 42.80 | 36.41 | 52.02 | 47.96 | 52.24 | 55.97 | 52.88 | 22.66 | 45.02 | 41.12 | 43.99 | 30.08 | 34.89 | 56.03 | 44.65 | 61.94 | 43.80 | 28.80 | 54.64 | 29.02 | 39.25 | 34.15 | 52.49 | 45.23 | 61.49 | 32.22 | 42.76 | 50.98 | 45.82 | 45.46 | 38.47 | 55.41 | 45.70 | 50.71 | 50.38 | 54.52 | 39.34 | 58.77 |
|        34 | 40.84 | 49.35 | 43.16 | 36.39 | 51.22 | 48.00 | 52.42 | 56.01 | 50.97 | 20.05 | 47.10 | 39.28 | 44.01 | 26.23 | 34.40 | 56.13 | 45.69 | 59.73 | 43.30 | 27.10 | 55.16 | 31.79 | 37.46 | 33.73 | 50.31 | 44.96 | 62.00 | 32.98 | 42.51 | 49.84 | 46.82 | 42.86 | 38.24 | 55.24 | 42.69 | 48.75 | 48.18 | 52.89 | 37.99 | 58.56 |
|        35 | 43.46 | 46.78 | 39.75 | 35.01 | 49.50 | 45.61 | 50.16 | 55.32 | 47.58 | 31.09 | 46.39 | 36.77 | 42.38 | 23.77 | 34.52 | 55.33 | 43.93 | 56.90 | 40.53 | 26.92 | 54.91 | 31.03 | 36.13 | 33.39 | 48.27 | 43.69 | 61.59 | 32.39 | 39.27 | 48.74 | 46.81 | 40.61 | 35.95 | 53.29 | 39.23 | 47.70 | 44.94 | 51.33 | 36.91 | 57.61 |
|        36 | 38.67 | 45.74 | 36.00 | 33.19 | 48.58 | 44.12 | 45.92 | 52.07 | 42.52 | 29.66 | 42.56 | 36.99 | 39.52 | 21.87 | 34.45 | 54.29 | 40.57 | 54.11 | 39.70 | 27.13 | 52.66 | 29.57 | 34.34 | 31.97 | 45.04 | 38.74 | 60.12 | 30.23 | 34.56 | 46.99 | 45.24 | 39.47 | 32.87 | 50.53 | 37.62 | 46.32 | 43.80 | 49.70 | 31.67 | 54.58 |
|        37 | 35.89 | 43.88 | 33.63 | 32.23 | 45.14 | 43.05 | 42.43 | 49.00 | 37.02 | 24.64 | 39.67 | 38.54 | 41.54 | 19.19 | 32.84 | 53.22 | 38.80 | 50.15 | 37.94 | 27.47 | 49.59 | 29.53 | 32.29 | 31.73 | 43.17 | 34.65 | 57.74 | 29.59 | 31.31 | 43.89 | 42.60 | 38.52 | 29.93 | 47.25 | 34.85 | 41.66 | 40.95 | 47.26 | 29.85 | 55.99 |
|        38 | 33.53 | 43.54 | 31.11 | 29.78 | 40.83 | 40.13 | 36.38 | 44.35 | 30.94 | 20.22 | 35.40 | 37.63 | 35.71 | 16.12 | 28.82 | 47.34 | 36.18 | 44.76 | 34.27 | 26.33 | 44.72 | 23.89 | 31.07 | 31.23 | 41.57 | 32.21 | 53.63 | 28.06 | 29.23 | 40.54 | 38.82 | 34.58 | 26.67 | 43.84 | 33.72 | 35.79 | 35.99 | 42.89 | 27.95 | 56.89 |
|        39 | 35.97 | 36.29 | 26.53 | 24.94 | 37.52 | 36.35 | 30.01 | 40.21 | 24.90 | 18.17 | 30.26 | 30.47 | 28.76 | 11.83 | 25.88 | 41.19 | 32.64 | 39.46 | 30.42 | 24.14 | 40.64 | 19.34 | 30.32 | 27.29 | 37.09 | 28.20 | 50.65 | 25.26 | 27.86 | 34.47 | 34.58 | 29.52 | 23.30 | 39.71 | 31.10 | 31.95 | 33.56 | 38.18 | 24.85 | 46.74 |
|        40 | 31.19 | 29.07 | 18.36 | 19.93 | 32.76 | 32.16 | 22.17 | 35.80 | 18.72 | 16.34 | 24.36 | 26.33 | 27.44 |  9.73 | 19.02 | 34.86 | 25.36 | 35.53 | 25.01 | 20.62 | 37.17 | 16.81 | 25.74 | 19.88 | 30.93 | 23.17 | 47.31 | 20.57 | 21.85 | 26.62 | 30.57 | 25.11 | 18.98 | 34.11 | 25.51 | 29.89 | 31.03 | 34.65 | 19.45 | 39.07 |
|        41 | 31.87 | 27.20 | 15.84 | 19.36 | 29.71 | 29.94 | 21.24 | 34.00 | 18.90 | 15.13 | 20.51 | 23.66 | 25.79 | 10.05 | 18.16 | 31.82 | 20.87 | 33.56 | 23.61 | 20.75 | 35.29 | 17.94 | 26.71 | 20.32 | 30.43 | 22.46 | 45.93 | 22.84 | 17.72 | 25.52 | 28.39 | 22.55 | 19.24 | 32.08 | 25.87 | 24.94 | 30.60 | 30.11 | 17.13 | 34.73 |
|        42 | 31.71 | 25.96 | 16.51 | 19.08 | 29.12 | 29.93 | 21.93 | 32.77 | 19.53 | 15.84 | 17.64 | 22.61 | 24.35 |  9.75 | 19.21 | 30.39 | 19.70 | 30.89 | 23.89 | 20.57 | 33.66 | 19.36 | 27.13 | 21.99 | 30.46 | 23.62 | 44.70 | 23.16 | 16.71 | 26.10 | 30.92 | 23.14 | 20.37 | 32.38 | 27.01 | 23.12 | 28.05 | 28.47 | 18.36 | 31.07 |
|        43 | 28.45 | 23.88 | 18.38 | 19.42 | 28.21 | 28.27 | 21.90 | 30.76 | 20.91 | 19.31 | 17.39 | 23.39 | 23.88 | 10.47 | 19.33 | 28.62 | 20.16 | 28.72 | 23.10 | 19.71 | 33.96 | 21.31 | 26.70 | 22.00 | 28.36 | 23.63 | 40.24 | 23.58 | 15.76 | 26.03 | 35.70 | 23.11 | 22.04 | 32.30 | 26.62 | 24.19 | 28.80 | 28.31 | 19.45 | 29.27 |
|        44 | 28.10 | 23.16 | 19.80 | 19.56 | 26.62 | 26.36 | 21.55 | 29.07 | 21.89 | 23.79 | 22.67 | 23.34 | 23.58 | 13.12 | 19.67 | 26.33 | 23.16 | 25.07 | 23.34 | 19.38 | 33.56 | 21.35 | 25.65 | 20.74 | 25.72 | 21.35 | 35.73 | 23.57 | 14.93 | 23.82 | 35.50 | 22.44 | 22.86 | 31.21 | 25.24 | 24.16 | 27.91 | 26.40 | 20.02 | 27.80 |
|        45 | 26.27 | 21.61 | 19.14 | 19.04 | 24.73 | 28.18 | 20.56 | 26.20 | 22.45 | 23.86 | 22.64 | 21.20 | 23.85 | 15.05 | 21.79 | 24.32 | 28.45 | 21.78 | 22.88 | 19.67 | 31.29 | 21.36 | 24.96 | 20.52 | 24.74 | 19.77 | 34.83 | 21.81 | 15.13 | 21.44 | 28.83 | 21.18 | 23.51 | 31.16 | 24.48 | 22.66 | 25.18 | 24.56 | 20.27 | 26.89 |
|        46 | 25.18 | 20.38 | 17.65 | 18.89 | 24.23 | 27.38 | 20.64 | 26.69 | 22.33 | 23.08 | 21.45 | 21.05 | 25.39 | 17.46 | 24.70 | 24.02 | 30.74 | 23.15 | 22.73 | 20.63 | 29.15 | 22.44 | 24.43 | 21.82 | 25.02 | 21.23 | 34.00 | 22.98 | 17.64 | 19.89 | 28.20 | 21.31 | 24.50 | 29.64 | 22.93 | 21.58 | 25.71 | 23.90 | 20.62 | 24.84 |
|        47 | 24.45 | 19.19 | 17.16 | 18.65 | 24.22 | 23.78 | 20.86 | 26.50 | 21.26 | 24.63 | 20.35 | 25.87 | 25.68 | 21.27 | 27.16 | 23.80 | 35.96 | 23.28 | 24.86 | 20.77 | 26.51 | 23.61 | 25.46 | 22.89 | 24.47 | 22.46 | 32.50 | 27.55 | 19.40 | 19.80 | 28.25 | 20.40 | 24.84 | 28.22 | 22.56 | 21.84 | 24.90 | 23.31 | 21.74 | 22.29 |
|        48 | 26.77 | 17.74 | 18.54 | 19.64 | 24.07 | 22.34 | 21.32 | 25.83 | 24.35 | 27.06 | 18.24 | 30.18 | 25.29 | 27.85 | 30.43 | 23.00 | 37.02 | 22.74 | 26.18 | 20.04 | 26.18 | 23.66 | 25.25 | 25.10 | 24.27 | 24.20 | 31.95 | 29.46 | 22.73 | 19.68 | 25.50 | 18.76 | 25.09 | 27.31 | 25.63 | 21.74 | 24.50 | 23.14 | 22.33 | 22.01 |
|        51 | 34.00 | 24.83 | 22.75 | 22.78 | 20.49 | 20.41 | 23.40 | 32.07 | 31.28 | 36.37 | 26.04 | 40.45 | 23.06 | 33.50 | 35.29 | 19.73 | 33.72 | 21.17 | 24.85 | 26.65 | 25.14 | 24.94 | 22.10 | 27.90 | 25.34 | 29.63 | 25.62 | 35.81 | 34.95 | 21.17 | 40.61 | 22.43 | 28.80 | 37.17 | 29.80 | 23.98 | 26.68 | 22.56 | 27.56 | 26.76 |
|        54 | 35.73 | 29.10 | 21.55 | 25.26 | 24.49 | 20.08 | 27.11 | 32.34 | 33.42 | 36.39 | 33.20 | 31.53 | 33.42 | 34.14 | 31.36 | 26.22 | 32.43 | 28.32 | 28.03 | 31.03 | 30.48 | 28.44 | 23.90 | 28.06 | 30.87 | 31.37 | 24.24 | 37.00 | 35.21 | 22.87 | 38.00 | 23.24 | 37.57 | 36.74 | 31.46 | 28.42 | 31.05 | 28.81 | 34.48 | 32.57 |
|        57 | 34.97 | 30.92 | 24.01 | 26.92 | 28.67 | 26.49 | 31.21 | 34.98 | 33.84 | 39.88 | 43.62 | 35.53 | 42.24 | 41.76 | 35.35 | 32.32 | 42.96 | 31.54 | 33.09 | 36.52 | 33.60 | 32.88 | 32.22 | 28.57 | 36.31 | 38.77 | 26.84 | 37.19 | 36.96 | 29.48 | 36.62 | 26.98 | 33.27 | 42.48 | 32.54 | 29.97 | 30.12 | 31.41 | 33.95 | 34.06 |
|        60 | 37.40 | 37.94 | 27.32 | 30.20 | 38.78 | 29.76 | 34.74 | 36.12 | 35.70 | 42.04 | 44.28 | 35.24 | 43.47 | 41.92 | 34.60 | 39.73 | 39.85 | 38.82 | 44.21 | 39.61 | 37.40 | 31.26 | 41.16 | 31.91 | 41.12 | 44.28 | 29.85 | 43.15 | 44.01 | 34.62 | 38.31 | 30.62 | 38.14 | 40.18 | 33.23 | 33.89 | 33.51 | 35.26 | 35.40 | 35.40 |
|        63 | 33.55 | 39.83 | 22.49 | 27.72 | 28.34 | 26.51 | 30.57 | 38.10 | 31.56 | 37.20 | 35.92 | 30.24 | 34.98 | 32.69 | 33.62 | 28.24 | 30.37 | 28.14 | 33.04 | 32.36 | 28.39 | 28.03 | 32.21 | 21.84 | 30.10 | 30.88 | 29.79 | 29.15 | 32.84 | 32.59 | 37.14 | 25.20 | 35.21 | 36.32 | 28.30 | 29.86 | 26.76 | 23.38 | 29.16 | 31.83 |
|        66 | 35.34 | 50.73 | 27.02 | 25.59 | 31.00 | 33.19 | 28.10 | 38.67 | 23.96 | 45.14 | 33.58 | 29.49 | 34.03 | 25.32 | 36.47 | 35.77 | 33.64 | 27.45 | 29.49 | 35.36 | 29.88 | 26.30 | 32.28 | 22.44 | 26.89 | 33.28 | 39.28 | 22.72 | 28.88 | 32.74 | 45.35 | 31.57 | 40.74 | 37.57 | 36.02 | 31.05 | 32.49 | 24.21 | 30.27 | 31.51 |
|        69 | 34.77 | 43.95 | 27.54 | 26.42 | 31.14 | 36.63 | 25.63 | 40.67 | 19.11 | 47.19 | 30.12 | 31.74 | 32.27 | 35.94 | 38.69 | 39.86 | 39.99 | 30.39 | 29.22 | 31.28 | 32.92 | 27.87 | 32.92 | 21.76 | 29.38 | 33.30 | 44.02 | 23.04 | 29.33 | 42.73 | 45.26 | 33.71 | 36.19 | 45.09 | 38.89 | 31.65 | 35.10 | 26.69 | 27.15 | 39.99 |
|        72 | 33.49 | 43.21 | 30.62 | 22.03 | 33.62 | 38.99 | 23.64 | 36.76 | 20.66 | 40.74 | 29.05 | 23.22 | 22.34 | 37.55 | 31.32 | 33.43 | 35.50 | 30.88 | 26.58 | 28.91 | 31.14 | 27.85 | 34.62 | 14.94 | 27.40 | 33.83 | 37.00 | 24.12 | 27.21 | 42.38 | 33.66 | 32.83 | 30.51 | 38.82 | 28.68 | 32.31 | 34.06 | 24.15 | 26.52 | 37.87 |
|        78 | 20.33 | 32.16 | 29.53 | 27.96 | 27.11 | 30.23 | 30.76 | 39.32 | 31.87 | 28.75 | 24.77 | 27.60 | 14.71 | 41.69 | 26.36 | 24.76 | 21.20 | 30.82 | 26.76 | 26.99 | 31.98 | 24.40 | 28.90 | 17.10 | 35.77 | 25.51 | 30.53 | 21.01 | 29.99 | 26.16 | 34.31 | 22.90 | 26.30 | 25.78 | 28.86 | 42.83 | 24.16 | 35.90 | 22.09 | 27.81 |
|        84 | 27.54 | 23.00 | 37.15 | 21.29 | 16.95 | 29.04 | 50.05 | 27.47 | 24.45 | 26.60 | 29.30 | 34.07 | 22.70 | 34.68 | 33.84 | 24.12 | 15.35 | 42.71 | 16.05 | 22.45 | 32.38 | 28.09 | 43.29 | 28.32 | 38.22 | 25.83 | 36.43 | 34.74 | 34.71 | 22.30 | 27.66 | 35.41 | 39.31 | 21.65 | 30.37 | 27.46 | 30.92 | 37.43 | 13.57 | 36.36 |
|        90 | 33.27 | 27.25 | 35.17 | 21.58 | 16.04 | 22.66 | 19.71 | 22.67 | 46.90 | 20.90 | 25.67 | 31.74 | 29.28 |  5.11 | 29.12 | 25.29 | 17.56 | 25.61 | 16.56 | 22.27 | 20.78 | 21.97 | 42.06 | 33.37 | 20.92 | 28.80 | 34.09 | 28.99 | 28.30 | 19.73 | 19.81 | 18.48 | 23.88 | 17.28 | 11.67 | 30.65 | 22.92 | 18.44 | 23.08 | 22.72 |
|        96 | 26.93 | 18.86 | 16.14 | 32.50 | 12.05 | 25.08 | 26.27 | 17.51 | 39.69 | 27.86 | 12.45 | 37.17 | 32.90 | 19.07 | 32.48 | 22.72 | 21.74 | 22.98 | 10.59 | 19.16 | 15.39 | 19.37 | 39.79 | 42.35 | 17.58 | 24.93 | 44.12 | 22.34 | 41.65 | 23.10 | 28.98 | 16.18 | 28.22 |  7.63 | 10.40 | 38.50 | 18.00 | 18.90 | 49.20 | 15.09 |
|       102 | 24.48 | 12.85 | 11.23 | 31.76 |  9.12 | 28.86 | 19.80 | 17.09 | 20.76 | 15.38 |  9.07 | 28.52 | 36.84 | 24.58 | 34.08 | 22.54 | 22.03 | 18.30 | 21.06 | 19.45 | 21.39 | 14.34 | 41.00 | 44.50 | 17.98 | 11.54 | 36.66 | 20.70 | 51.76 | 23.29 | 30.23 | 15.33 | 26.40 | 11.01 |  9.53 | 46.27 | 15.70 | 14.81 | 50.45 | 11.69 |
|       108 | 36.18 | 20.25 |  9.92 | 20.75 | 16.38 | 22.51 | 22.60 | 37.91 | 27.71 | 15.65 |  8.18 | 21.27 | 42.18 | 29.58 | 30.72 | 18.11 | 20.08 | 17.83 | 26.00 | 20.14 | 18.30 | 10.51 | 41.83 | 33.08 | 12.27 | 18.31 | 42.36 | 26.32 | 45.39 | 26.61 | 27.46 | 16.90 | 28.76 | 11.96 | 17.81 | 33.47 |  7.10 | 16.09 | 48.09 | 10.26 |
|       114 | 36.40 | 25.71 |  5.09 | 22.92 |  4.97 | 13.23 | 22.66 | 25.39 | 26.54 |  5.63 | 14.20 | 12.18 | 27.49 | 28.19 | 30.61 |  7.85 | 21.70 | 17.33 | 12.77 | 11.44 | 35.17 | 18.08 | 25.31 | 21.39 | 13.52 |  7.77 | 23.85 | 28.23 | 36.16 | 19.10 | 26.87 | 21.52 | 21.38 | 10.39 | 17.80 | 30.11 | 12.80 | 13.46 | 25.33 |  8.05 |
|       120 | 16.48 | 24.99 |  4.59 | 39.36 | 10.48 |  9.82 | 18.91 | 20.36 | 24.45 |  5.85 | 20.81 | 10.30 | 26.82 | 22.10 | 13.38 |  8.42 | 18.99 | 19.03 | 10.48 | 13.60 | 32.57 | 31.61 | 33.43 | 11.50 | 12.84 |  8.08 | 18.70 | 27.68 | 23.83 | 19.89 | 31.69 | 23.99 | 20.80 | 15.75 | 20.31 | 38.03 | 25.43 | 11.37 | 10.78 | 12.67 |
