# variable: Mean Sea Level Pressure
# units: hPa
# 
| fcst_hour |       1 |       2 |       3 |       4 |       5 |       6 |       7 |       8 |       9 |      10 |      11 |      12 |      13 |      14 |      15 |      16 |      17 |      18 |      19 |      20 |      21 |      22 |      23 |      24 |      25 |      26 |      27 |      28 |      29 |      30 |      31 |      32 |      33 |      34 |      35 |      36 |      37 |      38 |      39 |      40 |
|         0 | 1017.21 | 1017.55 | 1018.37 | 1017.02 | 1016.85 | 1017.64 | 1017.13 | 1018.06 | 1016.74 | 1017.48 | 1017.28 | 1017.66 | 1017.23 | 1016.58 | 1017.69 | 1016.82 | 1016.57 | 1017.48 | 1017.68 | 1017.50 | 1017.90 | 1017.47 | 1017.25 | 1016.48 | 1016.95 | 1016.66 | 1017.15 | 1018.21 | 1016.80 | 1017.26 | 1017.67 | 1016.34 | 1017.93 | 1015.96 | 1016.93 | 1016.86 | 1016.87 | 1017.49 | 1016.87 | 1017.57 |
|         1 | 1017.75 | 1017.79 | 1018.68 | 1017.74 | 1017.51 | 1018.19 | 1017.50 | 1018.54 | 1017.43 | 1017.59 | 1017.69 | 1018.44 | 1017.82 | 1017.26 | 1018.16 | 1017.58 | 1017.37 | 1018.01 | 1018.20 | 1018.06 | 1018.42 | 1017.86 | 1017.58 | 1016.98 | 1017.98 | 1017.67 | 1017.81 | 1018.66 | 1017.36 | 1017.99 | 1018.04 | 1017.30 | 1018.29 | 1016.77 | 1017.57 | 1017.63 | 1017.23 | 1018.02 | 1017.17 | 1018.19 |
|         2 | 1018.04 | 1018.10 | 1018.86 | 1018.09 | 1017.76 | 1018.66 | 1018.12 | 1018.97 | 1017.55 | 1017.77 | 1017.90 | 1018.96 | 1018.38 | 1017.50 | 1018.56 | 1018.20 | 1017.85 | 1018.56 | 1018.62 | 1018.35 | 1018.94 | 1017.80 | 1017.91 | 1017.34 | 1018.63 | 1018.09 | 1018.25 | 1019.11 | 1017.89 | 1018.36 | 1018.54 | 1017.93 | 1018.58 | 1017.39 | 1018.30 | 1018.01 | 1017.69 | 1018.03 | 1017.27 | 1018.22 |
|         3 | 1018.53 | 1018.54 | 1019.43 | 1018.81 | 1018.16 | 1019.17 | 1018.41 | 1019.23 | 1018.00 | 1018.29 | 1018.28 | 1019.66 | 1018.53 | 1018.17 | 1018.99 | 1018.71 | 1018.43 | 1019.16 | 1019.18 | 1018.46 | 1019.67 | 1018.23 | 1018.21 | 1017.79 | 1019.31 | 1018.61 | 1018.86 | 1019.35 | 1018.70 | 1018.84 | 1018.98 | 1018.90 | 1019.08 | 1018.16 | 1019.19 | 1018.52 | 1018.41 | 1018.58 | 1017.61 | 1018.58 |
|         4 | 1019.13 | 1019.38 | 1020.15 | 1019.82 | 1019.04 | 1019.80 | 1018.95 | 1020.08 | 1018.88 | 1019.48 | 1019.24 | 1020.26 | 1019.04 | 1018.92 | 1019.54 | 1019.15 | 1019.18 | 1020.25 | 1019.71 | 1019.09 | 1020.30 | 1019.00 | 1018.78 | 1018.48 | 1020.16 | 1019.43 | 1019.94 | 1019.93 | 1019.61 | 1019.27 | 1019.71 | 1019.76 | 1019.75 | 1019.19 | 1019.91 | 1019.23 | 1019.01 | 1019.29 | 1018.51 | 1019.41 |
|         5 | 1019.50 | 1020.32 | 1020.54 | 1020.14 | 1019.95 | 1020.13 | 1019.58 | 1020.75 | 1019.67 | 1020.11 | 1020.07 | 1020.60 | 1019.73 | 1019.36 | 1019.85 | 1019.80 | 1019.73 | 1020.63 | 1020.28 | 1019.62 | 1020.82 | 1019.28 | 1019.32 | 1018.97 | 1020.88 | 1020.12 | 1020.59 | 1020.53 | 1020.12 | 1019.83 | 1020.24 | 1020.38 | 1020.38 | 1019.83 | 1020.63 | 1019.55 | 1019.23 | 1020.04 | 1019.49 | 1020.17 |
|         6 | 1019.90 | 1020.96 | 1020.75 | 1020.62 | 1020.35 | 1020.13 | 1019.98 | 1021.15 | 1020.00 | 1020.26 | 1020.35 | 1021.13 | 1020.15 | 1019.69 | 1019.96 | 1020.11 | 1020.26 | 1020.81 | 1020.36 | 1019.95 | 1021.31 | 1019.62 | 1019.74 | 1019.19 | 1020.97 | 1020.43 | 1020.71 | 1021.02 | 1020.20 | 1019.93 | 1020.57 | 1020.62 | 1020.92 | 1019.95 | 1020.96 | 1019.85 | 1019.14 | 1020.34 | 1020.05 | 1020.66 |
|         7 | 1020.20 | 1021.35 | 1020.99 | 1020.88 | 1020.28 | 1020.53 | 1020.43 | 1021.42 | 1020.27 | 1020.52 | 1020.58 | 1021.84 | 1020.57 | 1020.08 | 1020.02 | 1020.51 | 1020.63 | 1021.28 | 1020.73 | 1020.56 | 1021.81 | 1020.22 | 1020.04 | 1019.50 | 1021.19 | 1020.91 | 1021.00 | 1021.49 | 1020.47 | 1020.20 | 1020.93 | 1020.95 | 1021.28 | 1020.28 | 1021.62 | 1020.36 | 1019.65 | 1020.76 | 1020.53 | 1020.78 |
|         8 | 1020.91 | 1021.99 | 1021.63 | 1021.60 | 1021.12 | 1021.38 | 1021.19 | 1021.88 | 1021.06 | 1021.08 | 1021.18 | 1022.35 | 1021.35 | 1020.89 | 1020.60 | 1021.38 | 1021.49 | 1022.22 | 1021.49 | 1021.25 | 1022.44 | 1021.14 | 1020.74 | 1020.36 | 1022.03 | 1021.55 | 1021.55 | 1022.11 | 1021.10 | 1020.96 | 1021.60 | 1021.67 | 1021.76 | 1020.85 | 1022.54 | 1020.97 | 1020.66 | 1021.30 | 1021.16 | 1021.36 |
|         9 | 1021.70 | 1022.64 | 1022.31 | 1022.37 | 1021.90 | 1022.35 | 1021.84 | 1022.72 | 1021.88 | 1022.15 | 1021.99 | 1023.16 | 1022.12 | 1021.53 | 1021.68 | 1022.17 | 1022.44 | 1023.36 | 1022.31 | 1021.80 | 1023.26 | 1021.96 | 1021.41 | 1021.17 | 1022.87 | 1022.26 | 1022.44 | 1022.77 | 1021.68 | 1021.68 | 1022.48 | 1022.53 | 1022.38 | 1021.86 | 1023.38 | 1021.75 | 1021.63 | 1022.07 | 1022.04 | 1022.12 |
|        10 | 1022.34 | 1023.28 | 1022.94 | 1022.89 | 1022.46 | 1023.08 | 1022.51 | 1023.30 | 1022.57 | 1022.75 | 1022.79 | 1023.87 | 1022.92 | 1022.14 | 1022.45 | 1022.66 | 1023.08 | 1024.15 | 1023.19 | 1022.32 | 1023.74 | 1022.55 | 1022.08 | 1021.74 | 1023.74 | 1023.31 | 1023.54 | 1023.41 | 1022.39 | 1022.53 | 1023.26 | 1023.25 | 1023.19 | 1022.72 | 1023.67 | 1022.40 | 1022.19 | 1022.97 | 1022.49 | 1022.73 |
|        11 | 1022.22 | 1023.36 | 1022.70 | 1022.99 | 1022.26 | 1022.98 | 1022.44 | 1023.30 | 1022.48 | 1022.81 | 1022.78 | 1023.67 | 1022.89 | 1022.14 | 1022.62 | 1022.49 | 1023.20 | 1024.21 | 1023.28 | 1022.44 | 1023.58 | 1022.68 | 1021.95 | 1021.57 | 1023.76 | 1023.50 | 1023.66 | 1023.12 | 1022.56 | 1022.54 | 1023.25 | 1023.39 | 1023.32 | 1022.98 | 1023.47 | 1022.79 | 1022.04 | 1023.10 | 1022.34 | 1022.72 |
|        12 | 1022.22 | 1023.33 | 1022.78 | 1022.99 | 1022.26 | 1023.02 | 1022.48 | 1023.14 | 1022.66 | 1022.57 | 1023.05 | 1023.56 | 1022.69 | 1022.43 | 1022.82 | 1022.57 | 1023.09 | 1024.34 | 1023.03 | 1022.54 | 1023.60 | 1022.68 | 1022.03 | 1021.63 | 1023.88 | 1023.59 | 1023.74 | 1022.89 | 1022.85 | 1022.50 | 1023.28 | 1023.65 | 1023.41 | 1023.16 | 1023.55 | 1022.75 | 1021.86 | 1023.26 | 1022.53 | 1022.76 |
|        13 | 1022.42 | 1023.60 | 1023.12 | 1023.16 | 1022.74 | 1023.28 | 1022.61 | 1023.71 | 1023.17 | 1022.59 | 1023.63 | 1023.67 | 1022.96 | 1022.65 | 1023.22 | 1022.68 | 1023.43 | 1024.46 | 1023.31 | 1023.00 | 1023.97 | 1023.16 | 1022.33 | 1022.28 | 1024.40 | 1023.60 | 1024.01 | 1023.05 | 1023.17 | 1022.60 | 1023.52 | 1023.85 | 1023.81 | 1023.50 | 1024.00 | 1023.03 | 1021.93 | 1023.50 | 1023.16 | 1023.19 |
|        14 | 1022.72 | 1023.79 | 1023.44 | 1023.41 | 1022.75 | 1023.51 | 1022.75 | 1023.94 | 1023.64 | 1022.67 | 1024.12 | 1023.55 | 1023.16 | 1022.97 | 1023.24 | 1023.11 | 1023.76 | 1024.23 | 1023.50 | 1022.96 | 1024.21 | 1023.50 | 1022.54 | 1022.65 | 1024.65 | 1023.24 | 1023.98 | 1023.18 | 1023.59 | 1022.64 | 1023.15 | 1024.09 | 1024.13 | 1023.38 | 1024.38 | 1023.22 | 1022.03 | 1023.76 | 1023.55 | 1023.62 |
|        15 | 1022.80 | 1023.98 | 1023.51 | 1023.65 | 1022.61 | 1023.47 | 1022.88 | 1023.43 | 1023.68 | 1022.78 | 1024.21 | 1023.73 | 1023.12 | 1022.96 | 1023.14 | 1023.02 | 1023.81 | 1023.83 | 1024.02 | 1022.82 | 1024.13 | 1023.71 | 1022.40 | 1022.79 | 1024.77 | 1023.38 | 1023.98 | 1023.46 | 1023.75 | 1022.63 | 1022.99 | 1024.30 | 1023.82 | 1023.25 | 1024.52 | 1023.09 | 1022.02 | 1023.68 | 1023.54 | 1023.36 |
|        16 | 1023.11 | 1023.95 | 1023.13 | 1023.59 | 1022.75 | 1023.70 | 1023.06 | 1023.92 | 1023.86 | 1023.00 | 1024.39 | 1024.13 | 1023.41 | 1023.25 | 1023.70 | 1023.00 | 1023.60 | 1024.44 | 1024.37 | 1022.80 | 1024.28 | 1023.86 | 1022.54 | 1022.77 | 1024.83 | 1023.58 | 1023.77 | 1023.43 | 1023.84 | 1022.64 | 1023.07 | 1024.43 | 1023.89 | 1022.85 | 1024.96 | 1022.77 | 1022.15 | 1023.81 | 1023.47 | 1023.54 |
|        17 | 1023.47 | 1023.75 | 1023.29 | 1023.63 | 1023.06 | 1023.74 | 1023.21 | 1024.27 | 1024.13 | 1023.05 | 1024.56 | 1024.18 | 1023.58 | 1023.47 | 1024.22 | 1023.30 | 1023.91 | 1024.91 | 1024.52 | 1023.05 | 1024.27 | 1024.05 | 1022.51 | 1022.94 | 1024.91 | 1023.47 | 1023.70 | 1023.13 | 1023.98 | 1022.94 | 1023.54 | 1024.72 | 1023.91 | 1023.51 | 1024.92 | 1022.78 | 1022.45 | 1023.91 | 1023.72 | 1023.71 |
|        18 | 1023.77 | 1024.19 | 1023.73 | 1023.52 | 1023.36 | 1023.94 | 1023.23 | 1024.46 | 1024.02 | 1023.32 | 1024.91 | 1024.29 | 1023.76 | 1023.59 | 1024.29 | 1023.64 | 1023.78 | 1024.84 | 1024.53 | 1022.83 | 1024.31 | 1024.20 | 1022.54 | 1022.81 | 1025.08 | 1024.01 | 1023.92 | 1022.98 | 1024.10 | 1023.09 | 1024.00 | 1024.94 | 1024.08 | 1023.87 | 1024.87 | 1023.45 | 1022.54 | 1023.82 | 1024.04 | 1023.81 |
|        19 | 1023.68 | 1024.31 | 1023.93 | 1023.64 | 1023.29 | 1023.84 | 1022.86 | 1024.16 | 1023.96 | 1023.12 | 1024.81 | 1024.14 | 1023.62 | 1023.46 | 1024.10 | 1023.39 | 1024.04 | 1024.56 | 1024.34 | 1022.50 | 1023.99 | 1024.64 | 1022.54 | 1022.51 | 1024.82 | 1023.86 | 1023.80 | 1022.88 | 1024.03 | 1022.87 | 1023.50 | 1024.61 | 1023.93 | 1023.72 | 1024.75 | 1023.72 | 1022.15 | 1024.09 | 1023.83 | 1023.48 |
|        20 | 1023.28 | 1024.12 | 1023.15 | 1023.38 | 1023.04 | 1023.74 | 1022.60 | 1023.83 | 1023.31 | 1022.96 | 1024.50 | 1023.92 | 1023.29 | 1023.32 | 1023.52 | 1022.71 | 1023.81 | 1024.54 | 1023.92 | 1022.40 | 1023.84 | 1024.26 | 1022.38 | 1022.57 | 1024.71 | 1023.13 | 1023.37 | 1022.70 | 1023.85 | 1022.40 | 1022.93 | 1024.21 | 1023.55 | 1023.12 | 1023.96 | 1023.24 | 1021.80 | 1023.75 | 1023.22 | 1023.40 |
|        21 | 1022.90 | 1023.60 | 1022.32 | 1022.76 | 1022.65 | 1023.17 | 1022.18 | 1023.43 | 1023.39 | 1022.65 | 1023.99 | 1023.24 | 1022.51 | 1023.08 | 1023.09 | 1022.38 | 1022.91 | 1023.79 | 1023.33 | 1022.00 | 1022.94 | 1023.52 | 1021.75 | 1022.50 | 1024.60 | 1022.63 | 1022.35 | 1022.36 | 1023.52 | 1021.94 | 1022.22 | 1023.62 | 1022.81 | 1022.54 | 1023.30 | 1022.59 | 1021.48 | 1023.30 | 1022.86 | 1022.87 |
|        22 | 1022.41 | 1022.82 | 1021.43 | 1022.46 | 1022.13 | 1022.39 | 1022.02 | 1022.82 | 1022.61 | 1021.95 | 1023.71 | 1022.32 | 1022.00 | 1022.68 | 1022.62 | 1022.00 | 1022.08 | 1022.71 | 1022.88 | 1021.09 | 1022.88 | 1022.77 | 1021.34 | 1022.17 | 1024.08 | 1022.12 | 1021.25 | 1021.81 | 1023.27 | 1021.81 | 1021.26 | 1022.89 | 1022.26 | 1021.68 | 1022.57 | 1021.85 | 1020.97 | 1022.68 | 1022.67 | 1022.10 |
|        23 | 1022.06 | 1022.16 | 1020.97 | 1022.03 | 1021.33 | 1021.47 | 1021.64 | 1021.89 | 1021.89 | 1021.39 | 1023.29 | 1021.42 | 1021.26 | 1022.22 | 1021.86 | 1021.47 | 1021.70 | 1021.65 | 1022.52 | 1020.00 | 1022.57 | 1021.87 | 1020.65 | 1021.28 | 1023.30 | 1021.61 | 1020.52 | 1021.17 | 1022.63 | 1021.42 | 1019.95 | 1022.52 | 1021.27 | 1020.89 | 1021.72 | 1021.13 | 1020.51 | 1021.82 | 1022.20 | 1021.30 |
|        24 | 1021.94 | 1021.83 | 1021.09 | 1021.45 | 1020.86 | 1021.19 | 1020.81 | 1021.92 | 1021.06 | 1020.64 | 1022.99 | 1020.58 | 1020.69 | 1021.43 | 1021.12 | 1020.93 | 1021.26 | 1020.99 | 1021.99 | 1019.57 | 1021.88 | 1021.25 | 1019.95 | 1020.63 | 1022.46 | 1020.69 | 1019.84 | 1020.34 | 1021.81 | 1020.67 | 1019.66 | 1021.49 | 1020.98 | 1020.31 | 1021.00 | 1020.50 | 1019.77 | 1021.28 | 1021.40 | 1020.44 |
|        25 | 1020.84 | 1021.37 | 1020.03 | 1020.61 | 1020.43 | 1020.62 | 1020.01 | 1021.59 | 1020.18 | 1019.97 | 1022.61 | 1020.35 | 1020.16 | 1020.89 | 1020.30 | 1020.36 | 1020.37 | 1020.27 | 1021.19 | 1019.40 | 1021.04 | 1021.21 | 1019.54 | 1020.13 | 1021.66 | 1020.02 | 1019.36 | 1020.01 | 1020.79 | 1020.21 | 1019.18 | 1020.79 | 1020.35 | 1019.39 | 1019.93 | 1019.90 | 1019.47 | 1021.06 | 1021.13 | 1019.73 |
|        26 | 1019.63 | 1020.55 | 1019.33 | 1019.63 | 1019.74 | 1019.69 | 1018.82 | 1020.50 | 1019.46 | 1019.27 | 1021.63 | 1019.46 | 1019.31 | 1020.14 | 1019.55 | 1019.75 | 1019.55 | 1019.39 | 1020.24 | 1018.46 | 1019.78 | 1020.08 | 1018.92 | 1019.17 | 1020.81 | 1019.03 | 1018.36 | 1018.79 | 1020.00 | 1019.33 | 1018.27 | 1019.88 | 1019.59 | 1018.24 | 1018.88 | 1018.56 | 1018.66 | 1020.10 | 1020.14 | 1018.62 |
|        27 | 1018.98 | 1019.45 | 1018.35 | 1018.63 | 1018.84 | 1018.78 | 1017.72 | 1019.50 | 1018.79 | 1018.33 | 1020.39 | 1018.37 | 1018.61 | 1019.19 | 1018.58 | 1018.84 | 1018.58 | 1018.30 | 1018.81 | 1017.37 | 1018.70 | 1019.20 | 1017.89 | 1018.09 | 1019.37 | 1017.83 | 1017.22 | 1017.69 | 1019.06 | 1018.42 | 1017.03 | 1018.64 | 1018.70 | 1016.82 | 1017.53 | 1017.15 | 1017.71 | 1019.18 | 1019.08 | 1017.26 |
|        28 | 1018.03 | 1018.58 | 1017.75 | 1017.89 | 1017.97 | 1018.23 | 1016.79 | 1018.81 | 1018.44 | 1017.46 | 1019.35 | 1017.44 | 1017.87 | 1018.45 | 1017.53 | 1017.92 | 1017.85 | 1017.28 | 1017.66 | 1016.45 | 1017.85 | 1018.60 | 1017.14 | 1017.11 | 1018.44 | 1017.03 | 1016.02 | 1016.82 | 1017.99 | 1017.58 | 1015.79 | 1017.84 | 1018.13 | 1015.97 | 1016.77 | 1016.51 | 1017.21 | 1018.54 | 1018.11 | 1016.19 |
|        29 | 1017.25 | 1017.80 | 1017.54 | 1017.24 | 1017.75 | 1017.75 | 1016.31 | 1018.16 | 1018.13 | 1016.89 | 1018.79 | 1016.89 | 1017.45 | 1017.85 | 1016.90 | 1017.15 | 1016.87 | 1016.34 | 1017.03 | 1015.62 | 1017.16 | 1017.82 | 1016.79 | 1016.24 | 1017.87 | 1016.23 | 1014.88 | 1016.12 | 1016.85 | 1016.96 | 1015.29 | 1017.48 | 1017.25 | 1015.22 | 1015.97 | 1015.93 | 1016.90 | 1017.81 | 1017.25 | 1015.60 |
|        30 | 1016.54 | 1017.09 | 1017.37 | 1016.48 | 1016.92 | 1017.34 | 1015.69 | 1018.00 | 1017.41 | 1016.45 | 1018.18 | 1016.52 | 1016.74 | 1017.45 | 1016.29 | 1016.45 | 1016.11 | 1015.00 | 1016.34 | 1015.27 | 1016.68 | 1017.15 | 1016.62 | 1015.43 | 1017.35 | 1015.76 | 1014.43 | 1015.45 | 1015.95 | 1016.58 | 1014.81 | 1017.43 | 1016.80 | 1014.73 | 1015.34 | 1015.29 | 1016.25 | 1017.48 | 1016.67 | 1015.02 |
|        31 | 1015.65 | 1016.36 | 1016.95 | 1015.93 | 1016.59 | 1016.87 | 1015.29 | 1017.11 | 1016.52 | 1015.66 | 1017.44 | 1016.11 | 1015.74 | 1016.63 | 1015.82 | 1015.77 | 1015.96 | 1014.29 | 1015.66 | 1014.62 | 1016.19 | 1016.61 | 1015.54 | 1015.00 | 1016.87 | 1015.33 | 1013.84 | 1014.50 | 1015.59 | 1016.12 | 1014.05 | 1017.20 | 1016.20 | 1014.59 | 1014.26 | 1014.68 | 1016.00 | 1016.90 | 1015.82 | 1014.56 |
|        32 | 1015.18 | 1015.94 | 1016.29 | 1015.79 | 1016.43 | 1016.28 | 1014.95 | 1016.22 | 1015.64 | 1015.02 | 1016.87 | 1015.85 | 1015.17 | 1016.15 | 1015.56 | 1015.41 | 1015.44 | 1013.91 | 1015.13 | 1014.23 | 1015.78 | 1016.26 | 1014.68 | 1014.74 | 1016.50 | 1014.57 | 1013.12 | 1013.82 | 1014.89 | 1015.66 | 1013.15 | 1016.43 | 1015.59 | 1013.14 | 1013.78 | 1013.74 | 1015.73 | 1016.58 | 1015.19 | 1014.13 |
|        33 | 1014.59 | 1015.57 | 1015.41 | 1015.60 | 1015.99 | 1015.96 | 1014.63 | 1015.47 | 1015.49 | 1014.34 | 1016.79 | 1015.57 | 1014.76 | 1015.83 | 1015.13 | 1014.49 | 1014.85 | 1013.45 | 1014.77 | 1013.95 | 1015.18 | 1016.15 | 1014.09 | 1014.08 | 1016.06 | 1013.90 | 1012.77 | 1013.40 | 1014.41 | 1015.04 | 1011.73 | 1015.92 | 1015.01 | 1012.65 | 1013.47 | 1013.39 | 1015.52 | 1016.30 | 1014.86 | 1013.58 |
|        34 | 1014.49 | 1014.88 | 1014.14 | 1015.22 | 1015.47 | 1015.60 | 1014.02 | 1014.81 | 1015.86 | 1013.81 | 1016.29 | 1015.19 | 1014.33 | 1015.21 | 1014.81 | 1013.86 | 1014.32 | 1012.69 | 1014.34 | 1013.82 | 1014.95 | 1016.10 | 1013.47 | 1013.48 | 1015.53 | 1013.80 | 1012.16 | 1012.17 | 1014.02 | 1014.67 | 1011.42 | 1015.35 | 1014.23 | 1012.28 | 1012.82 | 1012.56 | 1015.35 | 1015.88 | 1014.40 | 1012.41 |
|        35 | 1013.16 | 1013.87 | 1012.69 | 1014.25 | 1014.55 | 1014.54 | 1013.02 | 1013.82 | 1014.74 | 1012.16 | 1015.16 | 1014.14 | 1013.40 | 1014.09 | 1013.99 | 1012.64 | 1013.04 | 1011.67 | 1013.00 | 1012.53 | 1014.06 | 1014.99 | 1012.41 | 1012.63 | 1014.24 | 1012.74 | 1010.91 | 1010.81 | 1012.76 | 1013.58 | 1009.92 | 1014.61 | 1014.04 | 1011.15 | 1011.72 | 1011.66 | 1014.42 | 1014.98 | 1012.86 | 1011.95 |
|        36 | 1011.97 | 1012.71 | 1011.58 | 1013.46 | 1013.33 | 1013.62 | 1011.86 | 1012.71 | 1013.67 | 1010.57 | 1013.69 | 1013.16 | 1012.51 | 1012.88 | 1012.95 | 1011.15 | 1011.52 | 1010.24 | 1011.54 | 1010.91 | 1013.11 | 1013.65 | 1010.70 | 1011.83 | 1012.95 | 1011.27 | 1009.72 | 1009.24 | 1011.40 | 1011.93 | 1008.12 | 1013.86 | 1012.60 | 1009.77 | 1010.44 | 1009.59 | 1013.07 | 1013.89 | 1011.57 | 1010.74 |
|        37 | 1010.77 | 1011.45 | 1011.06 | 1013.22 | 1012.27 | 1013.00 | 1011.00 | 1011.55 | 1013.01 | 1009.35 | 1012.53 | 1012.47 | 1011.50 | 1011.70 | 1012.42 | 1010.06 | 1010.32 | 1009.09 | 1010.37 | 1009.62 | 1012.39 | 1013.39 | 1009.87 | 1011.12 | 1012.31 | 1010.46 | 1009.01 | 1007.28 | 1009.93 | 1011.34 | 1007.66 | 1013.41 | 1010.75 | 1009.38 | 1009.53 | 1008.99 | 1011.85 | 1013.50 | 1010.16 | 1009.94 |
|        38 | 1010.19 | 1010.62 | 1010.11 | 1012.81 | 1011.44 | 1012.40 | 1010.53 | 1010.10 | 1012.62 | 1007.95 | 1011.61 | 1011.91 | 1010.89 | 1011.19 | 1011.93 | 1009.52 | 1009.59 | 1008.52 | 1010.26 | 1008.68 | 1011.48 | 1012.54 | 1008.73 | 1010.71 | 1011.32 | 1010.10 | 1008.41 | 1007.36 | 1008.89 | 1010.39 | 1007.20 | 1013.08 | 1009.59 | 1009.18 | 1008.70 | 1008.61 | 1011.30 | 1013.33 | 1008.63 | 1009.55 |
|        39 | 1009.77 | 1009.99 | 1009.45 | 1012.39 | 1010.49 | 1011.75 | 1009.74 | 1009.92 | 1012.23 | 1007.10 | 1010.69 | 1011.58 | 1010.68 | 1010.94 | 1011.72 | 1009.27 | 1008.77 | 1008.27 | 1007.30 | 1008.37 | 1010.74 | 1011.93 | 1007.89 | 1010.55 | 1010.30 | 1009.38 | 1008.02 | 1006.63 | 1008.11 | 1009.73 | 1006.92 | 1012.68 | 1009.07 | 1009.29 | 1008.61 | 1008.25 | 1010.24 | 1012.84 | 1007.96 | 1009.04 |
|        40 | 1009.14 | 1010.06 | 1008.74 | 1012.39 | 1009.28 | 1010.88 | 1008.59 | 1009.53 | 1011.55 | 1006.76 | 1009.57 | 1011.12 | 1010.68 | 1010.73 | 1011.45 | 1009.11 | 1008.55 | 1008.22 | 1006.99 | 1008.28 | 1010.07 | 1011.13 | 1007.33 | 1010.67 | 1009.45 | 1009.43 | 1007.92 | 1006.38 | 1007.62 | 1009.34 | 1006.81 | 1012.36 | 1008.36 | 1009.33 | 1008.17 | 1008.44 | 1009.57 | 1012.32 | 1007.42 | 1008.63 |
|        41 | 1009.19 | 1009.99 | 1008.84 | 1012.22 | 1009.23 | 1010.14 | 1008.43 | 1009.72 | 1010.97 | 1006.72 | 1009.13 | 1010.36 | 1011.01 | 1010.73 | 1010.60 | 1009.06 | 1008.29 | 1008.10 | 1006.57 | 1007.85 | 1009.78 | 1010.92 | 1007.13 | 1010.78 | 1009.14 | 1009.27 | 1007.74 | 1006.43 | 1007.38 | 1008.99 | 1006.64 | 1012.23 | 1007.89 | 1009.35 | 1007.93 | 1008.55 | 1009.30 | 1011.83 | 1007.05 | 1008.26 |
|        42 | 1009.01 | 1009.92 | 1008.74 | 1011.91 | 1008.79 | 1008.86 | 1008.21 | 1009.66 | 1009.69 | 1006.74 | 1008.77 | 1009.36 | 1011.47 | 1010.61 | 1009.75 | 1008.75 | 1008.26 | 1008.01 | 1006.25 | 1007.63 | 1009.32 | 1010.25 | 1006.94 | 1010.73 | 1009.13 | 1009.33 | 1007.70 | 1006.67 | 1007.43 | 1008.63 | 1006.25 | 1012.04 | 1007.82 | 1009.43 | 1007.96 | 1008.62 | 1009.00 | 1011.60 | 1006.79 | 1008.10 |
|        43 | 1009.03 | 1010.03 | 1008.56 | 1011.32 | 1008.03 | 1008.03 | 1008.17 | 1009.50 | 1008.31 | 1007.30 | 1008.54 | 1008.38 | 1011.87 | 1010.70 | 1008.79 | 1008.95 | 1008.31 | 1007.85 | 1005.98 | 1007.63 | 1009.30 | 1009.59 | 1006.89 | 1010.43 | 1008.65 | 1009.46 | 1008.43 | 1007.05 | 1007.28 | 1008.41 | 1006.33 | 1011.96 | 1007.74 | 1009.30 | 1008.11 | 1008.88 | 1008.73 | 1011.49 | 1006.47 | 1007.87 |
|        44 | 1008.82 | 1010.21 | 1008.72 | 1010.36 | 1007.93 | 1007.63 | 1008.11 | 1009.44 | 1007.77 | 1008.34 | 1008.58 | 1008.15 | 1012.17 | 1010.48 | 1008.25 | 1009.11 | 1008.44 | 1007.99 | 1005.32 | 1007.54 | 1009.19 | 1009.16 | 1006.55 | 1010.23 | 1008.63 | 1009.74 | 1009.13 | 1007.62 | 1007.66 | 1008.49 | 1006.50 | 1011.73 | 1007.46 | 1008.85 | 1008.66 | 1009.23 | 1008.53 | 1011.69 | 1006.38 | 1007.55 |
|        45 | 1008.83 | 1010.42 | 1009.16 | 1009.55 | 1008.04 | 1007.13 | 1008.15 | 1009.40 | 1007.98 | 1009.88 | 1008.80 | 1008.08 | 1011.95 | 1010.47 | 1007.98 | 1009.38 | 1008.79 | 1008.77 | 1004.84 | 1007.39 | 1009.45 | 1008.50 | 1006.76 | 1009.97 | 1009.02 | 1010.10 | 1009.69 | 1007.97 | 1008.52 | 1008.36 | 1007.22 | 1011.32 | 1007.56 | 1008.38 | 1009.05 | 1009.19 | 1008.50 | 1011.79 | 1006.36 | 1007.63 |
|        46 | 1008.92 | 1010.46 | 1010.09 | 1008.62 | 1007.86 | 1006.99 | 1008.35 | 1009.49 | 1008.37 | 1010.70 | 1008.89 | 1007.88 | 1011.68 | 1010.45 | 1007.61 | 1009.58 | 1008.81 | 1009.37 | 1004.32 | 1007.05 | 1009.41 | 1008.08 | 1007.01 | 1009.48 | 1009.84 | 1010.20 | 1010.21 | 1008.24 | 1009.50 | 1007.99 | 1008.09 | 1011.20 | 1007.89 | 1007.74 | 1009.38 | 1008.95 | 1008.45 | 1011.69 | 1006.47 | 1007.73 |
|        47 | 1008.86 | 1010.25 | 1010.74 | 1007.76 | 1007.90 | 1006.44 | 1008.53 | 1009.42 | 1007.98 | 1010.94 | 1008.60 | 1007.39 | 1011.50 | 1010.55 | 1007.12 | 1009.64 | 1008.42 | 1009.27 | 1003.64 | 1006.72 | 1009.07 | 1007.51 | 1007.36 | 1008.57 | 1010.61 | 1010.18 | 1010.41 | 1008.31 | 1009.95 | 1007.54 | 1008.50 | 1010.78 | 1008.11 | 1006.75 | 1009.36 | 1008.60 | 1008.16 | 1011.41 | 1006.60 | 1007.89 |
|        48 | 1008.46 | 1009.66 | 1010.89 | 1006.61 | 1007.70 | 1006.02 | 1008.61 | 1009.04 | 1007.24 | 1010.73 | 1008.03 | 1006.91 | 1011.03 | 1010.61 | 1006.47 | 1009.35 | 1007.76 | 1008.99 | 1002.87 | 1006.38 | 1008.87 | 1006.77 | 1007.42 | 1007.40 | 1010.98 | 1009.88 | 1009.95 | 1007.79 | 1009.67 | 1006.57 | 1008.40 | 1010.29 | 1008.15 | 1005.83 | 1008.87 | 1008.05 | 1007.74 | 1010.80 | 1006.66 | 1007.67 |
|        51 | 1006.14 | 1007.52 | 1010.41 | 1003.27 | 1006.54 | 1005.05 | 1007.88 | 1007.43 | 1005.66 | 1009.79 | 1006.38 | 1003.88 | 1008.78 | 1009.88 | 1004.71 | 1007.06 | 1004.24 | 1007.35 | 1001.25 | 1005.28 | 1008.21 | 1004.67 | 1006.60 | 1004.97 | 1011.40 | 1008.07 | 1007.88 | 1005.06 | 1007.91 | 1002.72 | 1007.39 | 1008.44 | 1008.07 | 1003.30 | 1006.57 | 1006.43 | 1007.47 | 1008.82 | 1007.15 | 1006.68 |
|        54 | 1002.97 | 1004.36 | 1008.49 | 1001.66 | 1004.46 | 1004.93 | 1007.16 | 1006.91 | 1005.23 | 1008.56 | 1005.44 | 1000.69 | 1005.83 | 1009.90 | 1004.09 | 1005.59 | 1002.25 | 1006.77 | 1001.89 | 1004.25 | 1007.13 | 1003.40 | 1005.91 | 1003.82 | 1010.41 | 1006.64 | 1005.76 | 1002.58 | 1005.28 | 1000.56 | 1007.17 | 1007.04 | 1009.15 | 1005.53 | 1005.29 | 1005.95 | 1008.18 | 1007.74 | 1007.15 | 1005.26 |
|        57 | 1003.32 | 1002.83 | 1007.93 | 1005.01 | 1004.26 | 1005.16 | 1007.87 | 1008.24 | 1007.54 | 1008.57 | 1007.48 | 1001.11 | 1006.13 | 1010.73 | 1004.55 | 1007.06 | 1007.71 | 1006.65 | 1005.25 | 1006.12 | 1007.07 | 1006.27 | 1007.32 | 1005.70 | 1011.12 | 1006.39 | 1005.26 | 1003.43 | 1004.96 | 1004.23 | 1007.48 | 1007.90 | 1010.06 | 1005.96 | 1008.36 | 1006.62 | 1008.24 | 1008.08 | 1007.22 | 1006.34 |
|        60 | 1005.94 | 1004.53 | 1006.19 | 1005.54 | 1004.57 | 1003.93 | 1006.92 | 1007.09 | 1007.23 | 1007.10 | 1007.79 | 1003.44 | 1005.76 | 1010.28 | 1003.79 | 1006.06 | 1006.96 | 1004.89 | 1005.42 | 1006.25 | 1005.55 | 1007.31 | 1006.50 | 1006.35 | 1010.94 | 1004.72 | 1005.18 | 1002.84 | 1006.02 | 1005.11 | 1006.56 | 1007.82 | 1007.98 | 1004.81 | 1007.73 | 1005.88 | 1006.34 | 1007.43 | 1005.95 | 1006.25 |
|        63 | 1006.46 | 1005.17 | 1005.22 | 1004.64 | 1004.10 | 1002.78 | 1006.00 | 1005.79 | 1006.36 | 1005.54 | 1007.39 | 1003.32 | 1005.46 | 1010.16 | 1003.58 | 1005.40 | 1005.15 | 1004.29 | 1005.42 | 1005.61 | 1004.11 | 1006.77 | 1005.48 | 1006.26 | 1011.31 | 1003.20 | 1005.12 | 1001.86 | 1006.39 | 1004.85 | 1005.59 | 1007.98 | 1006.94 | 1004.05 | 1006.61 | 1004.81 | 1005.02 | 1007.61 | 1004.88 | 1005.98 |
|        66 | 1005.65 | 1004.62 | 1004.77 | 1003.39 | 1003.53 | 1001.67 | 1005.58 | 1004.14 | 1006.25 | 1003.97 | 1006.39 | 1002.24 | 1005.32 | 1009.45 | 1002.86 | 1004.86 | 1001.98 | 1004.13 | 1004.93 | 1004.49 | 1004.45 | 1006.33 | 1005.07 | 1005.78 | 1010.70 | 1002.08 | 1005.26 | 1001.48 | 1005.54 | 1004.55 | 1004.96 | 1007.92 | 1006.71 | 1002.76 | 1005.25 | 1004.35 | 1003.78 | 1007.51 | 1003.84 | 1005.30 |
|        69 | 1004.02 | 1003.12 | 1003.46 | 1001.12 | 1002.32 |  999.87 | 1003.96 | 1001.86 | 1005.51 | 1003.11 | 1004.80 | 1001.60 | 1004.45 | 1008.65 | 1001.17 | 1003.67 |  998.95 | 1003.24 | 1003.68 | 1002.12 | 1004.11 | 1005.13 | 1004.06 | 1004.67 | 1008.37 | 1001.42 | 1005.32 | 1000.28 | 1004.77 | 1003.61 | 1003.85 | 1007.25 | 1006.04 | 1001.91 | 1003.01 | 1003.16 | 1003.04 | 1007.27 | 1001.67 | 1004.06 |
|        72 | 1002.70 | 1002.02 | 1002.85 |  999.12 | 1001.05 |  998.08 | 1002.53 |  999.95 | 1006.33 | 1004.81 | 1002.33 | 1001.35 | 1003.63 | 1007.10 |  998.90 | 1002.09 |  996.30 | 1003.05 | 1002.35 |  999.74 | 1004.03 | 1004.41 | 1002.76 | 1002.67 | 1005.81 | 1002.30 | 1005.15 |  999.27 | 1003.84 | 1002.81 | 1002.99 | 1006.01 | 1004.78 | 1003.35 | 1000.78 | 1002.23 | 1003.35 | 1006.30 | 1000.29 | 1002.34 |
|        78 | 1000.33 | 1000.49 | 1004.19 |  999.45 |  996.06 |  998.98 | 1000.23 |  996.83 | 1003.90 | 1005.44 | 1008.05 | 1001.43 | 1001.18 | 1001.23 |  996.00 | 1002.25 |  994.68 |  999.38 | 1005.70 |  996.96 | 1001.23 | 1000.59 |  999.31 |  997.90 | 1001.80 | 1003.53 | 1004.23 | 1000.95 | 1002.42 | 1001.02 |  998.82 | 1002.86 | 1001.98 | 1005.69 |  999.09 |  998.93 | 1002.95 | 1003.67 | 1002.20 |  998.87 |
|        84 |  992.65 | 1004.12 | 1002.47 | 1000.25 |  994.42 | 1000.78 | 1001.30 | 1000.70 |  999.71 | 1003.57 | 1009.57 | 1001.34 |  999.02 |  992.33 |  999.77 | 1004.36 | 1001.40 |  988.16 | 1006.79 |  996.15 |  998.04 |  995.79 |  993.40 |  999.65 |  998.86 | 1002.77 | 1000.51 | 1002.97 | 1002.05 |  996.56 |  994.30 |  999.53 | 1001.16 | 1005.26 | 1003.09 |  996.44 | 1000.51 | 1000.75 | 1001.68 | 1001.10 |
|        90 |  981.73 | 1007.18 |  999.44 | 1001.06 |  998.06 | 1000.88 | 1003.39 | 1003.55 |  996.80 | 1001.19 | 1005.73 | 1002.88 |  998.66 |  995.82 | 1000.69 | 1003.22 | 1003.07 |  978.87 | 1003.32 |  999.10 |  996.66 |  994.59 |  989.94 | 1000.21 |  999.82 | 1001.26 |  994.90 | 1000.90 | 1001.19 |  995.86 |  993.09 |  993.09 | 1002.61 | 1000.03 | 1005.63 | 1000.83 |  995.72 |  999.05 | 1001.27 |  999.77 |
|        96 |  997.25 | 1010.67 |  999.10 | 1001.13 |  999.80 | 1000.69 | 1005.77 | 1004.40 |  999.87 | 1002.84 | 1001.29 | 1005.20 | 1001.10 |  998.37 | 1001.84 | 1004.61 | 1002.38 |  997.42 |  999.62 |  999.52 | 1001.05 |  997.62 |  996.32 |  999.42 | 1001.47 | 1001.50 |  999.93 |  998.61 | 1000.24 | 1001.06 |  994.83 |  986.79 | 1004.33 |  992.60 | 1006.85 | 1004.99 |  997.05 | 1001.39 | 1002.92 | 1002.68 |
|       102 |  998.35 | 1015.41 | 1001.70 |  999.82 | 1000.39 | 1001.54 | 1007.78 | 1006.73 | 1000.73 | 1005.52 | 1000.87 | 1006.15 | 1002.62 | 1000.00 | 1001.61 | 1005.35 | 1005.28 |  998.58 |  998.87 | 1001.64 | 1005.28 |  998.83 | 1000.83 |  998.47 | 1002.96 | 1003.55 | 1003.58 |  997.83 |  998.76 | 1001.21 |  996.68 |  998.05 | 1003.08 |  992.83 | 1007.33 | 1007.98 | 1002.70 | 1003.90 | 1006.30 | 1007.48 |
|       108 |  997.39 | 1019.83 | 1003.23 | 1004.35 | 1002.08 | 1003.44 | 1010.01 | 1008.83 | 1001.61 | 1007.09 | 1002.33 | 1008.56 | 1005.69 | 1000.66 | 1004.65 | 1006.27 | 1009.78 |  997.01 |  998.35 | 1007.50 | 1006.67 |  999.68 | 1002.05 | 1000.42 | 1007.50 | 1009.24 | 1009.65 | 1003.51 |  997.37 | 1002.20 | 1002.45 | 1003.90 | 1005.16 | 1001.01 | 1009.47 | 1011.18 | 1006.31 | 1006.67 | 1010.94 | 1012.87 |
|       114 |  995.77 | 1024.72 | 1005.74 | 1011.87 | 1004.66 | 1005.69 | 1012.66 | 1011.34 | 1003.30 | 1007.23 | 1006.41 | 1009.40 | 1013.70 | 1000.83 | 1010.04 | 1008.03 | 1014.06 |  994.11 | 1009.44 | 1013.91 | 1007.71 | 1001.02 | 1001.97 | 1005.22 | 1011.41 | 1014.96 | 1015.61 | 1011.41 |  993.80 | 1005.35 | 1009.26 | 1007.83 | 1010.91 | 1005.52 | 1012.39 | 1015.43 | 1008.25 | 1012.61 | 1017.65 | 1018.75 |
|       120 |  998.72 | 1025.68 | 1007.77 | 1015.26 | 1006.55 | 1007.51 | 1015.23 | 1015.90 | 1007.73 | 1011.15 | 1014.46 | 1007.12 | 1018.01 | 1004.73 | 1011.83 | 1009.32 | 1019.58 |  988.36 | 1017.41 | 1019.18 | 1009.55 | 1004.40 | 1001.34 | 1011.50 | 1016.22 | 1019.12 | 1020.93 | 1015.69 |  989.53 | 1006.19 | 1012.67 | 1012.65 | 1017.73 | 1007.95 | 1017.65 | 1018.36 | 1008.85 | 1020.34 | 1023.48 | 1023.81 |
