# variable: Total Cloud Cover
# units: percent
# 
| fcst_hour |      1 |      2 |      3 |      4 |      5 |      6 |      7 |      8 |      9 |     10 |     11 |     12 |     13 |     14 |     15 |     16 |     17 |     18 |     19 |     20 |     21 |     22 |     23 |     24 |     25 |     26 |     27 |     28 |     29 |     30 |     31 |     32 |     33 |     34 |     35 |     36 |     37 |     38 |     39 |     40 |
|         0 | 100.00 | 100.00 | 100.00 |  99.17 | 100.00 | 100.00 | 100.00 | 100.00 | 100.00 | 100.00 | 100.00 | 100.00 | 100.00 | 100.00 | 100.00 | 100.00 | 100.00 | 100.00 | 100.00 | 100.00 | 100.00 | 100.00 | 100.00 | 100.00 | 100.00 | 100.00 | 100.00 | 100.00 | 100.00 | 100.00 | 100.00 | 100.00 | 100.00 | 100.00 | 100.00 | 100.00 | 100.00 | 100.00 | 100.00 | 100.00 |
|         1 | 100.00 | 100.00 | 100.00 | 100.00 | 100.00 | 100.00 | 100.00 | 100.00 | 100.00 | 100.00 | 100.00 | 100.00 | 100.00 | 100.00 | 100.00 | 100.00 | 100.00 | 100.00 | 100.00 | 100.00 | 100.00 | 100.00 | 100.00 | 100.00 | 100.00 | 100.00 | 100.00 | 100.00 | 100.00 | 100.00 | 100.00 | 100.00 | 100.00 | 100.00 | 100.00 | 100.00 | 100.00 | 100.00 | 100.00 | 100.00 |
|         2 | 100.00 | 100.00 | 100.00 | 100.00 | 100.00 | 100.00 | 100.00 | 100.00 | 100.00 | 100.00 | 100.00 | 100.00 | 100.00 | 100.00 | 100.00 | 100.00 | 100.00 | 100.00 | 100.00 | 100.00 | 100.00 | 100.00 | 100.00 | 100.00 | 100.00 | 100.00 | 100.00 | 100.00 | 100.00 | 100.00 | 100.00 | 100.00 | 100.00 | 100.00 | 100.00 | 100.00 | 100.00 | 100.00 | 100.00 | 100.00 |
|         3 | 100.00 | 100.00 | 100.00 | 100.00 | 100.00 | 100.00 | 100.00 | 100.00 | 100.00 | 100.00 | 100.00 | 100.00 | 100.00 | 100.00 | 100.00 | 100.00 | 100.00 | 100.00 | 100.00 | 100.00 | 100.00 | 100.00 | 100.00 | 100.00 | 100.00 | 100.00 | 100.00 | 100.00 | 100.00 | 100.00 | 100.00 | 100.00 | 100.00 | 100.00 | 100.00 | 100.00 | 100.00 | 100.00 | 100.00 | 100.00 |
|         4 | 100.00 | 100.00 | 100.00 | 100.00 | 100.00 | 100.00 | 100.00 | 100.00 | 100.00 |  99.14 | 100.00 | 100.00 | 100.00 | 100.00 | 100.00 | 100.00 | 100.00 | 100.00 | 100.00 | 100.00 | 100.00 | 100.00 | 100.00 | 100.00 | 100.00 | 100.00 | 100.00 | 100.00 | 100.00 | 100.00 | 100.00 | 100.00 | 100.00 | 100.00 | 100.00 | 100.00 | 100.00 | 100.00 | 100.00 | 100.00 |
|         5 | 100.00 | 100.00 | 100.00 | 100.00 | 100.00 | 100.00 | 100.00 | 100.00 | 100.00 | 100.00 | 100.00 | 100.00 | 100.00 | 100.00 | 100.00 | 100.00 | 100.00 | 100.00 | 100.00 | 100.00 | 100.00 | 100.00 | 100.00 | 100.00 |  99.12 | 100.00 | 100.00 | 100.00 | 100.00 | 100.00 | 100.00 | 100.00 | 100.00 | 100.00 | 100.00 | 100.00 |  98.85 | 100.00 | 100.00 | 100.00 |
|         6 | 100.00 | 100.00 | 100.00 | 100.00 | 100.00 | 100.00 | 100.00 | 100.00 |  86.06 | 100.00 |  99.28 | 100.00 |  99.37 | 100.00 | 100.00 | 100.00 |  98.89 | 100.00 |  99.56 | 100.00 | 100.00 | 100.00 |  99.33 | 100.00 | 100.00 | 100.00 | 100.00 | 100.00 | 100.00 | 100.00 | 100.00 |  99.47 | 100.00 | 100.00 | 100.00 |  99.45 |  98.64 | 100.00 | 100.00 | 100.00 |
|         7 | 100.00 | 100.00 |  98.97 | 100.00 |  98.63 |  99.34 | 100.00 |  99.46 | 100.00 |  99.95 | 100.00 | 100.00 | 100.00 | 100.00 |  99.44 |  91.13 |  99.99 | 100.00 | 100.00 | 100.00 | 100.00 | 100.00 | 100.00 |  98.63 | 100.00 | 100.00 | 100.00 | 100.00 | 100.00 | 100.00 | 100.00 |  99.32 | 100.00 | 100.00 | 100.00 | 100.00 |  99.36 |  99.49 | 100.00 | 100.00 |
|         8 | 100.00 | 100.00 | 100.00 | 100.00 |  97.47 | 100.00 |  99.10 | 100.00 |  99.59 | 100.00 |  99.31 |  98.64 | 100.00 | 100.00 | 100.00 | 100.00 | 100.00 | 100.00 | 100.00 | 100.00 | 100.00 | 100.00 | 100.00 | 100.00 | 100.00 | 100.00 |  99.78 | 100.00 | 100.00 |  99.25 | 100.00 | 100.00 | 100.00 | 100.00 | 100.00 | 100.00 | 100.00 | 100.00 | 100.00 | 100.00 |
|         9 |  99.95 | 100.00 |  98.31 | 100.00 | 100.00 | 100.00 | 100.00 | 100.00 | 100.00 | 100.00 | 100.00 | 100.00 |  98.65 | 100.00 | 100.00 | 100.00 | 100.00 | 100.00 | 100.00 | 100.00 |  98.98 | 100.00 | 100.00 | 100.00 | 100.00 | 100.00 | 100.00 |  99.21 | 100.00 | 100.00 | 100.00 | 100.00 | 100.00 | 100.00 | 100.00 | 100.00 | 100.00 | 100.00 | 100.00 | 100.00 |
|        10 | 100.00 | 100.00 | 100.00 | 100.00 | 100.00 | 100.00 | 100.00 | 100.00 | 100.00 | 100.00 | 100.00 | 100.00 | 100.00 | 100.00 | 100.00 | 100.00 | 100.00 | 100.00 | 100.00 | 100.00 | 100.00 | 100.00 | 100.00 | 100.00 | 100.00 |  99.08 | 100.00 | 100.00 | 100.00 | 100.00 | 100.00 | 100.00 | 100.00 | 100.00 | 100.00 | 100.00 |  98.84 | 100.00 | 100.00 | 100.00 |
|        11 | 100.00 | 100.00 | 100.00 | 100.00 | 100.00 | 100.00 | 100.00 | 100.00 | 100.00 | 100.00 | 100.00 | 100.00 |  98.50 | 100.00 | 100.00 | 100.00 | 100.00 | 100.00 | 100.00 | 100.00 | 100.00 | 100.00 | 100.00 | 100.00 | 100.00 | 100.00 | 100.00 | 100.00 | 100.00 | 100.00 | 100.00 | 100.00 | 100.00 | 100.00 | 100.00 | 100.00 |  99.98 | 100.00 | 100.00 | 100.00 |
|        12 | 100.00 | 100.00 | 100.00 | 100.00 | 100.00 | 100.00 | 100.00 | 100.00 | 100.00 | 100.00 | 100.00 | 100.00 | 100.00 | 100.00 | 100.00 |  99.92 | 100.00 | 100.00 | 100.00 |  99.11 | 100.00 | 100.00 | 100.00 | 100.00 | 100.00 | 100.00 | 100.00 | 100.00 | 100.00 | 100.00 | 100.00 | 100.00 | 100.00 | 100.00 | 100.00 | 100.00 | 100.00 | 100.00 | 100.00 | 100.00 |
|        13 | 100.00 | 100.00 |  97.51 | 100.00 | 100.00 | 100.00 | 100.00 |  99.97 |  99.15 | 100.00 | 100.00 | 100.00 |  97.69 | 100.00 | 100.00 |  99.92 | 100.00 | 100.00 | 100.00 |  92.54 | 100.00 | 100.00 | 100.00 | 100.00 |  97.38 | 100.00 | 100.00 | 100.00 | 100.00 | 100.00 | 100.00 | 100.00 |  98.55 | 100.00 | 100.00 |  97.07 |  99.07 | 100.00 | 100.00 | 100.00 |
|        14 |  97.50 | 100.00 | 100.00 |  98.66 | 100.00 | 100.00 | 100.00 | 100.00 | 100.00 | 100.00 | 100.00 |  91.40 | 100.00 | 100.00 | 100.00 |  96.45 | 100.00 |  99.38 | 100.00 |  94.05 | 100.00 |  98.84 | 100.00 | 100.00 |  95.53 | 100.00 |  97.79 | 100.00 | 100.00 | 100.00 |  93.25 | 100.00 | 100.00 | 100.00 | 100.00 |  95.91 |  99.24 | 100.00 | 100.00 | 100.00 |
|        15 | 100.00 |  99.29 | 100.00 |  96.77 |  97.29 |  99.32 |  98.85 |  88.91 | 100.00 |  99.86 | 100.00 | 100.00 |  96.55 | 100.00 | 100.00 |  82.11 | 100.00 | 100.00 | 100.00 |  51.93 | 100.00 | 100.00 | 100.00 | 100.00 |  95.52 | 100.00 |  98.88 | 100.00 | 100.00 | 100.00 | 100.00 |  99.42 |  94.97 |  97.81 | 100.00 |  92.17 | 100.00 |  89.96 |  92.60 | 100.00 |
|        16 |  89.61 |  89.67 |  94.23 |  76.63 | 100.00 |  91.59 | 100.00 |  89.13 |  98.02 |  95.04 |  84.28 |  95.01 |  84.04 | 100.00 |  71.78 | 100.00 | 100.00 |  93.83 | 100.00 | 100.00 | 100.00 | 100.00 |  88.36 | 100.00 |  93.74 |  94.03 |  95.68 |  90.84 |  96.04 |  98.55 | 100.00 |  83.45 |  94.11 | 100.00 |  75.86 |  72.41 |  91.58 |  91.82 | 100.00 |  90.89 |
|        17 |  62.29 |  83.37 |  79.60 |  76.11 | 100.00 |  67.10 |  92.40 |  81.56 |  98.46 |  92.57 |  96.59 |  88.28 |  92.31 |  90.62 |  84.07 |  78.01 |  85.33 |  73.11 |  88.57 |  82.38 | 100.00 |  97.63 |  92.66 | 100.00 |  99.21 |  81.12 |  88.31 | 100.00 |  72.09 |  99.83 |  92.71 | 100.00 | 100.00 | 100.00 |  90.77 |  83.26 | 100.00 |  73.79 | 100.00 |  91.05 |
|        18 |  66.85 |  82.39 |  83.36 |  90.00 |  71.75 |  91.01 |  90.21 |  91.60 |  92.54 |  74.59 |  94.40 | 100.00 |  67.77 | 100.00 |  96.82 |  92.77 | 100.00 |  78.37 |  89.46 |  64.56 |  94.77 |  91.81 | 100.00 |  96.44 |  89.93 |  85.12 |  91.75 |  72.27 |  86.01 |  91.20 |  90.94 |  86.79 |  96.43 |  56.34 |  64.67 | 100.00 |  95.49 |  83.04 |  63.69 |  88.34 |
|        19 |  66.40 | 100.00 |  87.38 |  96.30 |  41.39 |  42.35 |  88.17 |  89.54 |  82.57 |  57.70 | 100.00 |  90.89 |  77.56 |  96.51 |  56.44 |  95.76 | 100.00 |  88.33 |  65.90 |  95.69 |  89.20 |  53.98 |  77.63 |  81.14 |  88.77 |  94.64 |  77.36 |  81.29 |  78.08 |  92.47 |  89.37 |  83.65 |  88.56 |  82.06 |  84.81 |  84.92 |  94.56 |  87.46 |  93.85 |  79.74 |
|        20 | 100.00 | 100.00 |  81.89 |  94.03 |  70.48 |  89.07 |  98.05 |  91.13 |  88.46 |  97.04 |  73.05 |  79.81 |  70.86 |  78.65 |  90.20 |  91.57 |  95.85 |  83.27 |  58.16 |  68.92 | 100.00 |  97.67 |  83.61 |  68.80 |  92.57 |  79.55 |  81.16 |  95.53 |  78.13 | 100.00 | 100.00 |  97.86 | 100.00 |  77.49 |  71.24 |  98.13 |  94.37 |  99.86 |  82.02 | 100.00 |
|        21 | 100.00 |  79.55 | 100.00 |  79.83 | 100.00 |  95.40 |  98.48 |  88.81 |  61.56 |  82.84 |  91.67 |  80.27 |  93.19 |  79.31 |  99.18 |  96.98 |  80.72 |  92.91 |  64.04 | 100.00 |  78.42 |  80.06 | 100.00 |  91.89 |  88.59 |  78.63 |  93.83 |  47.24 | 100.00 |  87.44 |  76.66 |  97.95 |  90.72 |  90.36 |  83.79 | 100.00 |  95.03 |  99.02 |  98.06 |  76.04 |
|        22 | 100.00 |  98.89 |  92.61 | 100.00 |  58.81 |  86.76 | 100.00 |  99.55 | 100.00 |  91.65 |  74.08 | 100.00 |  98.12 | 100.00 |  92.50 |  94.29 |  78.15 |  98.06 |  95.59 |  88.19 |  83.95 |  94.81 |  88.95 | 100.00 |  91.33 |  77.09 |  60.29 |  75.50 |  74.70 |  66.23 |  95.28 |  92.86 | 100.00 |  91.77 |  99.09 | 100.00 |  95.19 |  71.26 | 100.00 |  89.51 |
|        23 | 100.00 |  84.71 |  99.21 | 100.00 | 100.00 |  99.75 |  86.46 |  88.92 |  87.03 |  96.85 |  72.04 |  43.36 |  91.53 |  91.24 |  83.77 |  98.76 | 100.00 |  79.12 |  73.56 |  95.29 |  86.85 |  97.90 |  96.52 | 100.00 |  64.57 |  79.19 |  75.13 | 100.00 |  77.49 |  92.84 |  83.17 |  96.03 | 100.00 |  74.26 |  96.54 | 100.00 |  91.50 |  82.90 | 100.00 | 100.00 |
|        24 |  91.35 | 100.00 |  85.74 |  88.60 |  99.09 |  87.72 |  97.85 |  85.29 | 100.00 | 100.00 |  43.29 | 100.00 |  97.18 |  76.29 | 100.00 |  91.06 |  98.13 |  80.09 |  61.98 |  92.18 |  71.58 |  92.86 |  77.75 |  59.75 |  71.81 | 100.00 |  61.71 | 100.00 |  95.94 | 100.00 |  54.38 |  91.45 |  91.63 | 100.00 |  98.35 | 100.00 |  85.20 |  92.57 |  99.22 | 100.00 |
|        25 | 100.00 | 100.00 | 100.00 |  63.65 |  94.64 |  96.29 |  93.08 | 100.00 |  94.78 | 100.00 |  90.37 | 100.00 |  93.25 |  97.43 |  99.59 |  88.89 |  96.68 |  87.53 |  71.61 |  93.42 |  84.54 |  95.93 | 100.00 |  76.61 |  95.72 |  98.51 |  84.95 |  91.36 |  99.26 | 100.00 |  59.19 |  97.19 | 100.00 |  99.70 | 100.00 |  77.00 | 100.00 |  91.97 | 100.00 | 100.00 |
|        26 |  99.78 |  99.52 |  97.51 | 100.00 | 100.00 |  95.88 |  93.99 |  97.72 |  92.53 | 100.00 |  98.33 |  99.79 | 100.00 |  97.04 |  99.44 |  84.36 |  97.57 |  86.37 |  72.74 |  96.78 | 100.00 | 100.00 | 100.00 | 100.00 | 100.00 |  95.01 |  95.25 | 100.00 | 100.00 | 100.00 |  73.64 |  99.72 |  96.26 | 100.00 | 100.00 |  99.88 |  97.87 |  93.02 | 100.00 |  90.51 |
|        27 |  99.22 | 100.00 |  98.32 | 100.00 | 100.00 | 100.00 | 100.00 | 100.00 |  91.59 |  89.09 |  86.54 | 100.00 | 100.00 |  94.58 |  99.38 |  82.69 |  98.75 |  98.36 |  91.49 |  99.19 |  99.52 |  90.96 | 100.00 | 100.00 | 100.00 |  92.12 |  74.22 |  99.49 | 100.00 |  98.53 | 100.00 | 100.00 |  95.87 | 100.00 |  98.55 |  94.42 |  98.63 | 100.00 |  97.63 |  96.80 |
|        28 |  94.25 | 100.00 |  99.58 |  99.86 |  99.82 | 100.00 | 100.00 | 100.00 |  88.99 |  97.36 |  94.16 | 100.00 | 100.00 |  91.37 |  97.29 |  89.76 |  99.72 |  99.06 |  99.30 | 100.00 | 100.00 | 100.00 |  85.62 | 100.00 |  91.57 |  98.32 |  78.54 |  99.04 | 100.00 |  98.90 |  96.93 |  86.17 |  92.98 |  99.10 |  99.82 |  96.48 | 100.00 | 100.00 |  99.48 |  96.19 |
|        29 |  96.41 | 100.00 |  98.10 |  91.43 |  99.15 | 100.00 |  99.60 | 100.00 |  95.38 | 100.00 |  99.02 | 100.00 |  96.11 |  94.18 |  98.45 |  93.37 | 100.00 | 100.00 |  83.22 |  93.79 | 100.00 | 100.00 |  91.36 | 100.00 | 100.00 |  98.10 |  81.53 |  92.98 | 100.00 | 100.00 |  99.88 |  87.70 |  72.33 |  96.71 | 100.00 |  97.55 | 100.00 | 100.00 | 100.00 | 100.00 |
|        30 |  92.95 |  83.82 | 100.00 |  82.41 |  98.75 |  95.84 |  90.15 |  99.08 |  84.68 |  99.59 |  98.80 | 100.00 |  95.39 | 100.00 |  92.67 | 100.00 |  91.84 |  94.22 |  85.97 |  89.55 | 100.00 | 100.00 |  89.76 |  96.55 | 100.00 |  99.56 |  81.11 |  97.22 |  75.56 |  98.76 | 100.00 |  94.89 |  79.75 |  96.65 | 100.00 |  97.57 |  91.84 |  93.42 |  96.90 |  89.61 |
|        31 |  77.18 |  82.33 |  83.54 |  54.19 |  65.60 |  95.84 |  75.58 |  66.94 |  79.11 |  83.87 |  82.51 |  84.37 |  99.88 |  93.74 |  95.72 |  88.70 |  92.35 |  99.33 |  73.71 |  92.62 | 100.00 | 100.00 |  94.47 | 100.00 |  96.40 |  97.21 |  94.85 |  88.86 |  84.80 |  76.14 |  78.56 |  84.79 |  71.58 |  57.34 |  94.28 |  96.55 |  86.16 |  78.75 |  96.83 |  53.80 |
|        32 |  83.48 |  93.32 |  87.83 |  52.90 |  59.95 |  78.47 |  81.74 |  54.36 |  62.46 |  79.75 |  63.32 | 100.00 |  92.48 |  97.71 |  92.39 |  64.56 |  94.62 |  95.98 |  85.19 |  89.64 |  96.03 |  89.86 |  86.01 | 100.00 |  93.09 |  89.35 |  94.21 |  85.80 |  69.26 |  56.66 |  85.16 |  60.74 |  74.49 |  79.92 |  83.86 |  84.88 |  82.46 |  70.18 |  90.64 |  61.47 |
|        33 |  84.77 |  91.53 |  92.01 |  42.29 |  61.19 |  69.26 |  72.85 |  41.98 |  89.78 |  74.93 |  27.49 |  81.87 |  83.30 |  93.12 |  93.51 |  55.67 |  67.48 |  76.90 |  73.10 |  55.42 |  80.10 |  90.44 |  64.21 |  83.35 |  90.20 |  78.26 | 100.00 |  86.35 |  69.26 |  62.22 |  84.31 |  42.90 |  62.39 |  22.01 |  80.65 |  68.85 |  77.45 |  69.40 |  86.97 |  82.25 |
|        34 |  71.74 |  83.96 |  95.96 |  41.49 |  39.96 |  62.41 |  62.93 |  43.33 |  39.73 |  83.47 |      0 |  58.27 |  90.07 |  79.99 |  82.80 |  83.40 |  45.82 |  89.46 |  80.88 |  48.93 |  68.23 |  76.10 |  43.19 | 100.00 |  70.52 |  75.26 | 100.00 |  83.79 |  59.74 |  76.94 |  93.59 |  91.87 |  79.41 |  17.81 |  53.46 |  83.75 |  84.68 |  56.29 |  89.46 |  64.85 |
|        35 |  36.13 |  79.59 | 100.00 |  66.42 |  32.48 |  47.38 |  29.08 |  40.79 |  37.58 |  73.60 |      0 |  67.28 |  96.63 |  79.54 |  67.02 |  89.95 |  48.90 |  64.77 |  27.81 |  42.56 |  65.78 |  46.85 |  47.63 |  95.54 |  50.06 |  58.67 |  99.14 |  91.69 |  40.23 | 100.00 | 100.00 |  90.99 |  62.15 |  15.04 |  54.29 |  81.56 |  67.17 |  56.50 |  88.27 |  83.61 |
|        36 |      0 |  81.81 |  59.33 |  40.82 |  45.89 |  49.54 |  35.67 |  40.70 |  32.65 |   4.40 |      0 |  34.24 |  84.60 |  54.83 |  45.14 |  40.18 |  34.75 |  39.34 |  19.84 |  40.26 |  46.62 |  53.54 |  61.63 |  89.93 |  77.79 |  56.83 | 100.00 |  73.09 |  31.96 |  47.77 |  65.18 |  85.04 |  55.05 |  92.44 |  26.17 |  66.96 |  45.98 |  80.14 |  68.18 |  34.26 |
|        37 |      0 |  51.05 |  80.13 |  58.68 |  37.24 |  52.01 |  35.14 |  49.27 |  25.79 |      0 |   3.66 |  50.45 |  76.93 |  60.43 |  22.21 |  43.93 |  58.28 |  69.70 |  27.97 |  28.45 |  17.97 |  47.46 |  86.17 |  86.52 |  46.37 |  47.45 |  83.99 |  82.90 |  43.87 |  26.70 |  61.42 |  59.58 |  37.15 | 100.00 |   3.37 |  45.44 |  33.08 |  77.76 |  79.44 |  43.78 |
|        38 |      0 |  56.63 |  61.06 |  46.79 |  26.40 |  45.76 |  32.53 |  46.06 |  34.85 |  47.39 |  26.89 |  48.63 |  73.15 |  41.29 |   4.08 |  43.25 |  64.14 |  65.66 |  25.14 |      0 |      0 |  51.88 |  76.94 |  60.06 |  63.23 |  50.59 |  43.12 |  85.36 |  44.82 |   7.07 |  80.12 |  19.21 |  39.45 | 100.00 |  31.17 |  81.68 |  43.65 |  89.48 |  71.66 |  38.83 |
|        39 | 100.00 |  55.89 |  40.68 |  37.82 |  35.34 |  43.52 |  97.21 |  43.53 |  32.78 |  38.77 |  35.00 |  42.64 |  74.88 |  31.08 |      0 |  73.59 |  41.59 |  42.84 | 100.00 |      0 |      0 |  84.69 |  44.25 |  40.94 |  62.12 |  43.38 |  23.27 |  40.39 |   3.77 |      0 |  61.84 |  58.50 |      0 | 100.00 |  59.82 |  70.90 |  33.43 |  74.42 |  36.01 |  44.57 |
|        40 | 100.00 |  69.57 |  52.34 |  90.81 |  44.79 |  40.50 |  98.13 |  60.42 |  29.69 |  28.00 | 100.00 |  48.84 |  62.71 |  78.94 |      0 | 100.00 |  55.22 |  51.28 | 100.00 |  21.38 |      0 |  89.46 |   6.81 |  82.56 |  66.85 |  45.96 |  31.84 |      0 |      0 | 100.00 |  26.57 |  92.04 |      0 |  92.72 |  60.75 |  56.00 |  30.68 |  58.38 |      0 |  98.76 |
|        41 |  97.25 |  43.12 |  82.11 |  85.96 |      0 |  28.11 |  86.04 |  64.80 |      0 |  50.15 |  87.62 | 100.00 |  50.28 |  80.84 |      0 |  75.73 |  28.58 | 100.00 | 100.00 |  84.63 |   0.15 |  29.68 |      0 |  72.81 |  63.10 |  42.37 |      0 |   0.46 |      0 | 100.00 |   8.79 |  59.29 |      0 |  85.09 |  16.65 |  73.49 |  24.09 |  62.58 |      0 | 100.00 |
|        42 |  73.20 |      0 |  77.45 |  85.66 |  70.61 |      0 |  77.89 |   5.61 | 100.00 |  49.31 |  93.58 |  94.56 |  28.29 |  85.68 |  62.71 |  75.19 |  39.44 | 100.00 |  78.28 |  91.29 |      0 |  46.47 |      0 |  87.42 |  62.18 |  29.09 |      0 |  51.12 |  27.57 |  98.09 |  12.60 |  88.18 |      0 |  84.63 |  20.27 |  83.68 |      0 |  57.23 |   3.91 | 100.00 |
|        43 |  84.46 |  19.38 |  68.53 |  96.97 |  72.09 |   0.74 |  88.92 |      0 | 100.00 |  86.83 |  94.42 |  84.29 |  98.51 |  80.43 |  75.30 |  86.71 |  62.68 | 100.00 |  62.83 |      0 |      0 |  87.78 |      0 |  80.81 |  58.45 |      0 |      0 |  39.57 |  99.71 |  68.02 |  79.75 |  90.34 |      0 |  77.89 |  95.65 |  96.35 |  28.52 |  11.98 |  23.52 |  65.26 |
|        44 | 100.00 |  42.62 |  52.21 | 100.00 |  45.61 |  31.75 |  94.34 |  12.61 | 100.00 |  62.74 |  80.09 |  70.60 | 100.00 |  83.62 |  77.64 |  87.60 |  39.54 |  27.62 |      0 |  59.70 |   0.78 |  84.08 |      0 |  86.85 |  39.53 |      0 |   8.68 |  52.43 |  93.40 |  72.85 |  79.02 | 100.00 |   1.66 |  69.34 |  76.94 |  87.02 |  41.01 |  34.21 | 100.00 |  69.70 |
|        45 | 100.00 |  72.77 |  99.72 | 100.00 | 100.00 |   5.55 |  97.42 | 100.00 | 100.00 |  69.18 |  96.41 |  88.96 | 100.00 |  99.43 |  61.55 |  89.00 |  76.30 |  79.20 |  75.63 | 100.00 |      0 | 100.00 |  29.84 |  96.85 |  25.75 | 100.00 |  71.05 | 100.00 | 100.00 |  66.18 |  87.43 | 100.00 |  55.56 |  91.43 |  63.05 |  46.79 |  48.49 |  83.46 |  97.37 |  73.08 |
|        46 | 100.00 |  46.28 |  85.86 | 100.00 | 100.00 |   5.52 |  95.31 |  99.91 |  92.09 |  81.67 |  73.59 |  97.39 |  99.77 | 100.00 | 100.00 | 100.00 |  85.75 | 100.00 |  80.28 | 100.00 |  64.66 | 100.00 |  77.94 | 100.00 |  23.61 | 100.00 |  50.93 | 100.00 |  83.31 |  63.59 |  93.60 |  99.77 |  93.67 |  92.95 |  50.62 |  40.64 |  70.84 |  92.36 |  84.38 |  67.95 |
|        47 | 100.00 |  83.67 | 100.00 | 100.00 |  93.66 |  99.51 |  96.10 | 100.00 |  91.84 |  76.96 |  87.85 |  98.21 |  85.64 | 100.00 | 100.00 | 100.00 |  92.48 | 100.00 |  29.10 |  98.97 |  94.77 |  95.06 |  78.95 | 100.00 |  95.87 | 100.00 |  54.93 |  82.06 |  91.49 |  78.77 |  95.72 |  97.54 | 100.00 |  93.19 |  72.36 |  97.54 | 100.00 |  93.67 |  86.54 |  93.75 |
|        48 | 100.00 |  92.88 |  99.91 |  99.64 | 100.00 |  93.38 | 100.00 | 100.00 |  95.30 |  90.67 |  99.06 | 100.00 |  85.93 | 100.00 | 100.00 | 100.00 |  98.38 |  96.88 |  78.57 |  76.62 |  91.42 | 100.00 |  84.97 |  99.82 |  54.67 | 100.00 |  96.07 |  99.07 | 100.00 |  94.52 |  99.54 |  99.40 | 100.00 | 100.00 | 100.00 | 100.00 | 100.00 |  96.66 |  86.41 |  99.89 |
|        51 | 100.00 | 100.00 | 100.00 | 100.00 | 100.00 | 100.00 |  99.28 | 100.00 | 100.00 | 100.00 |  94.34 | 100.00 | 100.00 |  99.95 |  98.16 | 100.00 | 100.00 | 100.00 | 100.00 |  99.36 |  98.31 | 100.00 | 100.00 | 100.00 | 100.00 | 100.00 |  98.69 | 100.00 |  90.01 | 100.00 |  99.97 | 100.00 | 100.00 | 100.00 |  94.65 |  99.70 | 100.00 | 100.00 |  98.96 | 100.00 |
|        54 | 100.00 | 100.00 | 100.00 | 100.00 | 100.00 | 100.00 | 100.00 | 100.00 |  99.28 |  99.58 | 100.00 | 100.00 | 100.00 | 100.00 | 100.00 | 100.00 | 100.00 | 100.00 | 100.00 | 100.00 | 100.00 | 100.00 | 100.00 | 100.00 | 100.00 | 100.00 | 100.00 | 100.00 |  99.83 | 100.00 | 100.00 | 100.00 |  99.96 | 100.00 | 100.00 | 100.00 | 100.00 | 100.00 |  99.72 | 100.00 |
|        57 | 100.00 |  98.97 | 100.00 | 100.00 | 100.00 | 100.00 | 100.00 | 100.00 | 100.00 | 100.00 | 100.00 | 100.00 | 100.00 | 100.00 | 100.00 | 100.00 | 100.00 | 100.00 | 100.00 |  99.96 | 100.00 | 100.00 | 100.00 | 100.00 | 100.00 | 100.00 | 100.00 | 100.00 | 100.00 | 100.00 | 100.00 | 100.00 | 100.00 | 100.00 | 100.00 | 100.00 | 100.00 | 100.00 | 100.00 | 100.00 |
|        60 | 100.00 | 100.00 | 100.00 | 100.00 | 100.00 |  98.07 | 100.00 | 100.00 | 100.00 | 100.00 | 100.00 | 100.00 | 100.00 | 100.00 | 100.00 | 100.00 | 100.00 | 100.00 | 100.00 | 100.00 | 100.00 | 100.00 | 100.00 | 100.00 | 100.00 |  99.54 | 100.00 | 100.00 | 100.00 | 100.00 | 100.00 | 100.00 | 100.00 | 100.00 | 100.00 | 100.00 | 100.00 | 100.00 |  99.65 | 100.00 |
|        63 | 100.00 | 100.00 | 100.00 | 100.00 | 100.00 | 100.00 | 100.00 | 100.00 | 100.00 | 100.00 | 100.00 | 100.00 | 100.00 | 100.00 | 100.00 | 100.00 | 100.00 | 100.00 | 100.00 | 100.00 | 100.00 | 100.00 | 100.00 | 100.00 | 100.00 | 100.00 | 100.00 | 100.00 | 100.00 | 100.00 | 100.00 | 100.00 | 100.00 | 100.00 | 100.00 | 100.00 | 100.00 | 100.00 | 100.00 | 100.00 |
|        66 | 100.00 | 100.00 | 100.00 | 100.00 | 100.00 | 100.00 | 100.00 | 100.00 |  97.40 | 100.00 | 100.00 | 100.00 | 100.00 | 100.00 | 100.00 | 100.00 | 100.00 | 100.00 | 100.00 | 100.00 | 100.00 | 100.00 | 100.00 | 100.00 | 100.00 | 100.00 | 100.00 | 100.00 | 100.00 | 100.00 | 100.00 | 100.00 | 100.00 | 100.00 | 100.00 | 100.00 | 100.00 | 100.00 | 100.00 | 100.00 |
|        69 | 100.00 | 100.00 | 100.00 | 100.00 | 100.00 |  93.02 | 100.00 |  99.62 |  77.43 |  97.18 | 100.00 | 100.00 |  98.13 | 100.00 |  95.46 |  98.70 | 100.00 | 100.00 | 100.00 | 100.00 | 100.00 | 100.00 | 100.00 | 100.00 |  80.79 |  91.99 |  96.88 |  89.35 | 100.00 | 100.00 | 100.00 | 100.00 |  98.01 | 100.00 | 100.00 | 100.00 | 100.00 |  90.27 | 100.00 |  97.26 |
|        72 |  96.97 |  96.10 |  94.21 | 100.00 |  79.15 | 100.00 | 100.00 |  73.03 |  88.15 |  84.10 | 100.00 |  95.54 |  82.51 |  77.96 | 100.00 |  95.31 | 100.00 | 100.00 |  97.95 | 100.00 | 100.00 | 100.00 | 100.00 |  98.29 | 100.00 |  80.38 |  90.63 | 100.00 |  97.93 |  69.87 |  97.10 | 100.00 |  96.99 | 100.00 | 100.00 | 100.00 |  98.81 |  88.97 |  89.67 | 100.00 |
|        78 |  85.04 |  88.13 |  72.87 |  81.71 | 100.00 |  84.48 |      0 |  71.52 | 100.00 |  75.04 | 100.00 |  78.64 |  67.35 | 100.00 |  70.07 |  95.20 |  91.50 |  76.48 |  65.53 |  79.43 |  71.83 |  67.58 |  52.04 |  89.42 |  97.18 |  78.97 |  86.13 |  68.65 |  72.39 |  79.49 |  96.53 |  79.30 |  79.02 | 100.00 |  99.09 |  91.88 |  75.27 |  88.64 |  92.54 |  61.15 |
|        84 |      0 |  67.39 | 100.00 |  63.02 |  52.28 |  62.29 |  93.92 |  72.46 |  57.82 |  85.18 |  80.09 |  50.61 |  52.11 |  84.00 |  32.30 |  79.91 |  25.36 |  58.76 |  60.34 |  48.94 |  88.61 |  80.68 |  37.21 |  60.72 |  51.31 |  59.66 |  48.83 |  59.41 |  68.12 |  61.58 |  48.27 |  82.06 |  61.14 |  64.65 |  71.26 |  71.81 |  90.79 |  78.18 |  67.27 |  45.10 |
|        90 |   8.79 |  69.64 |  41.80 |      0 |      0 |  77.83 |  94.89 |  55.47 |  62.33 |      0 |  54.54 |      0 |  49.79 |  53.35 |  39.54 |      0 | 100.00 |      0 |  27.98 |      0 |  65.82 |   5.35 |  29.42 |  62.82 |  71.24 |  74.97 |  69.31 |  44.62 |  48.88 |  64.47 |  32.29 |  34.18 |  53.80 |  82.02 |  32.99 |  99.82 |  89.65 |   5.49 |  61.22 |  64.69 |
|        96 | 100.00 |  78.20 |  62.36 |  62.49 |  33.06 |  74.33 |  82.86 | 100.00 |  80.08 | 100.00 |  34.14 |  97.41 |  66.97 |      0 | 100.00 |  98.31 | 100.00 |  34.77 | 100.00 | 100.00 | 100.00 | 100.00 |  84.34 |  81.69 |  42.64 | 100.00 |  75.14 |  45.56 | 100.00 |  90.18 |  59.63 |  49.65 |  47.94 |  92.21 |  99.63 |  84.10 |  77.94 |  99.62 |  47.26 |   8.29 |
|       102 | 100.00 |  50.91 |  58.34 | 100.00 | 100.00 | 100.00 | 100.00 | 100.00 |  44.39 | 100.00 | 100.00 | 100.00 |  95.55 | 100.00 | 100.00 | 100.00 | 100.00 | 100.00 | 100.00 | 100.00 |  91.63 | 100.00 | 100.00 | 100.00 |  95.21 | 100.00 | 100.00 | 100.00 |  99.97 | 100.00 | 100.00 | 100.00 | 100.00 | 100.00 | 100.00 |  95.43 | 100.00 | 100.00 | 100.00 | 100.00 |
|       108 | 100.00 |  98.45 | 100.00 | 100.00 | 100.00 | 100.00 |  98.44 | 100.00 |  60.43 | 100.00 | 100.00 | 100.00 | 100.00 | 100.00 | 100.00 |  90.66 |  97.28 |  95.31 | 100.00 |  95.39 | 100.00 | 100.00 |  93.24 | 100.00 | 100.00 | 100.00 | 100.00 | 100.00 | 100.00 | 100.00 | 100.00 | 100.00 | 100.00 | 100.00 | 100.00 | 100.00 | 100.00 |  85.98 | 100.00 | 100.00 |
|       114 | 100.00 |  54.03 |  87.50 | 100.00 |  98.43 |  32.98 |  98.54 |  97.93 |  45.61 |  74.14 | 100.00 | 100.00 | 100.00 | 100.00 | 100.00 |  25.29 |  57.24 |  63.76 |  89.08 | 100.00 | 100.00 |  82.11 |  94.13 | 100.00 |  98.90 | 100.00 |  95.74 |   8.68 |  99.36 | 100.00 | 100.00 |  92.24 | 100.00 | 100.00 | 100.00 | 100.00 | 100.00 |  89.68 |  87.67 | 100.00 |
|       120 |  97.25 | 100.00 |  99.84 | 100.00 | 100.00 |  99.36 |  95.60 | 100.00 |  30.31 |  99.26 | 100.00 |  99.89 | 100.00 |  99.33 |  64.40 | 100.00 | 100.00 | 100.00 | 100.00 | 100.00 | 100.00 | 100.00 |  96.96 |  97.38 | 100.00 | 100.00 | 100.00 |  15.04 |  99.35 | 100.00 |  72.48 |  95.08 |  82.64 |  89.03 |  94.96 |  99.47 | 100.00 |  82.54 |  98.17 |  99.15 |
