# variable: Mean Sea Level Pressure
# units: hPa
# 
| fcst_hour |       1 |       2 |       3 |       4 |       5 |       6 |       7 |       8 |       9 |      10 |      11 |      12 |      13 |      14 |      15 |      16 |      17 |      18 |      19 |      20 |      21 |      22 |      23 |      24 |      25 |      26 |      27 |      28 |      29 |      30 |      31 |      32 |      33 |      34 |      35 |      36 |      37 |      38 |      39 |      40 |
|         0 | 1026.40 | 1025.91 | 1025.72 | 1025.65 | 1026.24 | 1026.89 | 1026.24 | 1025.53 | 1026.20 | 1027.09 | 1026.08 | 1026.61 | 1028.13 | 1026.11 | 1026.97 | 1026.32 | 1026.15 | 1027.93 | 1026.26 | 1026.59 | 1026.63 | 1025.86 | 1026.69 | 1027.62 | 1026.24 | 1026.39 | 1026.27 | 1025.74 | 1025.68 | 1026.79 | 1025.61 | 1027.09 | 1026.68 | 1026.98 | 1026.26 | 1026.45 | 1027.26 | 1026.40 | 1026.18 | 1027.13 |
|         1 | 1026.25 | 1025.66 | 1025.37 | 1025.39 | 1025.84 | 1026.49 | 1026.13 | 1025.52 | 1026.05 | 1027.19 | 1025.62 | 1026.32 | 1027.69 | 1026.29 | 1026.82 | 1025.69 | 1025.94 | 1027.45 | 1026.20 | 1026.34 | 1026.39 | 1025.96 | 1026.51 | 1027.10 | 1025.98 | 1025.86 | 1025.99 | 1025.61 | 1025.03 | 1026.60 | 1025.27 | 1026.20 | 1026.28 | 1026.74 | 1025.94 | 1025.66 | 1026.81 | 1025.88 | 1026.25 | 1027.15 |
|         2 | 1025.42 | 1025.13 | 1025.32 | 1024.84 | 1025.45 | 1025.81 | 1025.61 | 1024.98 | 1025.27 | 1026.42 | 1024.97 | 1025.52 | 1026.72 | 1025.71 | 1026.05 | 1025.19 | 1025.15 | 1026.50 | 1025.94 | 1026.29 | 1025.40 | 1025.06 | 1026.04 | 1026.21 | 1025.54 | 1025.24 | 1025.30 | 1024.66 | 1024.32 | 1026.08 | 1024.54 | 1025.62 | 1025.64 | 1026.21 | 1025.14 | 1025.16 | 1026.05 | 1025.01 | 1025.24 | 1026.07 |
|         3 | 1024.98 | 1024.78 | 1025.26 | 1024.38 | 1025.26 | 1025.56 | 1025.32 | 1024.92 | 1024.64 | 1025.86 | 1025.03 | 1025.15 | 1026.10 | 1025.49 | 1025.73 | 1025.22 | 1024.75 | 1026.08 | 1025.66 | 1025.99 | 1025.33 | 1024.82 | 1025.35 | 1025.76 | 1025.49 | 1024.58 | 1025.06 | 1024.46 | 1023.64 | 1025.86 | 1023.90 | 1024.99 | 1025.48 | 1025.89 | 1024.37 | 1025.13 | 1025.19 | 1024.57 | 1024.37 | 1025.37 |
|         4 | 1024.53 | 1024.52 | 1025.04 | 1024.38 | 1025.10 | 1025.46 | 1025.56 | 1024.91 | 1024.52 | 1026.07 | 1024.97 | 1025.32 | 1026.20 | 1025.62 | 1025.91 | 1025.19 | 1025.02 | 1026.54 | 1025.16 | 1025.93 | 1025.12 | 1024.94 | 1025.01 | 1025.76 | 1025.78 | 1024.17 | 1024.85 | 1024.26 | 1023.81 | 1025.98 | 1024.15 | 1024.77 | 1025.38 | 1025.84 | 1024.58 | 1025.29 | 1025.39 | 1024.87 | 1024.01 | 1025.49 |
|         5 | 1024.58 | 1024.50 | 1025.07 | 1024.16 | 1024.33 | 1025.51 | 1025.54 | 1025.14 | 1024.64 | 1026.08 | 1025.25 | 1025.18 | 1026.37 | 1025.51 | 1025.96 | 1025.00 | 1025.34 | 1026.55 | 1024.99 | 1025.75 | 1024.87 | 1024.95 | 1024.88 | 1025.65 | 1025.54 | 1024.21 | 1024.74 | 1024.45 | 1024.24 | 1025.88 | 1024.40 | 1024.68 | 1025.21 | 1025.47 | 1024.87 | 1025.00 | 1025.69 | 1024.98 | 1024.16 | 1025.53 |
|         6 | 1024.62 | 1024.63 | 1025.09 | 1024.29 | 1024.17 | 1025.70 | 1025.64 | 1025.16 | 1024.65 | 1025.90 | 1025.07 | 1025.26 | 1026.45 | 1025.58 | 1026.08 | 1024.89 | 1025.49 | 1026.57 | 1025.19 | 1025.65 | 1024.98 | 1024.54 | 1024.92 | 1025.46 | 1025.70 | 1024.47 | 1024.88 | 1024.28 | 1024.36 | 1025.96 | 1024.78 | 1024.89 | 1024.97 | 1025.58 | 1024.98 | 1025.04 | 1025.79 | 1024.66 | 1024.44 | 1025.66 |
|         7 | 1024.83 | 1024.84 | 1025.42 | 1024.45 | 1024.54 | 1025.86 | 1025.76 | 1025.03 | 1024.79 | 1025.84 | 1025.20 | 1025.41 | 1026.58 | 1025.33 | 1026.04 | 1024.94 | 1025.33 | 1026.38 | 1025.43 | 1025.79 | 1024.86 | 1024.71 | 1025.05 | 1025.38 | 1025.70 | 1024.79 | 1025.16 | 1024.27 | 1024.14 | 1026.02 | 1024.85 | 1024.87 | 1025.10 | 1025.85 | 1024.99 | 1025.27 | 1025.65 | 1024.64 | 1024.90 | 1025.60 |
|         8 | 1025.07 | 1025.08 | 1025.68 | 1024.82 | 1025.02 | 1026.00 | 1026.10 | 1025.22 | 1025.27 | 1026.01 | 1025.35 | 1025.69 | 1026.76 | 1025.39 | 1026.18 | 1025.17 | 1025.45 | 1026.18 | 1025.56 | 1026.13 | 1024.88 | 1024.79 | 1025.26 | 1025.46 | 1025.71 | 1024.86 | 1025.29 | 1024.72 | 1024.20 | 1026.24 | 1025.09 | 1025.03 | 1025.40 | 1026.13 | 1025.22 | 1025.50 | 1025.74 | 1024.78 | 1025.11 | 1025.78 |
|         9 | 1025.14 | 1025.59 | 1025.91 | 1025.01 | 1025.35 | 1026.14 | 1026.14 | 1025.49 | 1025.44 | 1026.25 | 1025.56 | 1025.66 | 1026.77 | 1025.31 | 1026.09 | 1025.60 | 1025.47 | 1026.46 | 1025.78 | 1026.38 | 1025.02 | 1025.03 | 1025.37 | 1025.62 | 1025.73 | 1024.85 | 1025.35 | 1025.11 | 1024.39 | 1026.11 | 1025.33 | 1025.13 | 1025.73 | 1026.34 | 1025.54 | 1025.79 | 1026.28 | 1025.20 | 1025.02 | 1026.11 |
|        10 | 1025.02 | 1025.66 | 1025.76 | 1024.88 | 1025.39 | 1026.07 | 1026.04 | 1025.65 | 1025.21 | 1026.09 | 1025.59 | 1025.55 | 1026.51 | 1025.34 | 1026.04 | 1025.60 | 1025.37 | 1026.71 | 1025.83 | 1026.15 | 1025.09 | 1025.19 | 1025.23 | 1025.67 | 1025.82 | 1024.94 | 1025.42 | 1025.23 | 1024.54 | 1025.73 | 1025.47 | 1025.24 | 1025.63 | 1026.46 | 1025.73 | 1025.86 | 1026.50 | 1025.16 | 1024.80 | 1026.08 |
|        11 | 1024.57 | 1025.35 | 1025.37 | 1024.84 | 1024.90 | 1025.93 | 1025.98 | 1025.51 | 1024.97 | 1025.88 | 1025.27 | 1025.18 | 1026.16 | 1025.13 | 1025.67 | 1025.17 | 1025.13 | 1026.58 | 1025.56 | 1025.66 | 1025.10 | 1025.03 | 1024.94 | 1025.49 | 1025.76 | 1024.65 | 1025.22 | 1024.77 | 1024.30 | 1025.52 | 1025.29 | 1025.18 | 1025.21 | 1026.10 | 1025.50 | 1025.66 | 1026.36 | 1024.82 | 1024.54 | 1025.89 |
|        12 | 1024.47 | 1025.10 | 1025.15 | 1024.72 | 1024.77 | 1025.83 | 1025.88 | 1025.34 | 1024.86 | 1025.70 | 1025.23 | 1025.13 | 1025.97 | 1025.03 | 1025.59 | 1024.88 | 1025.32 | 1026.57 | 1025.37 | 1025.33 | 1024.87 | 1024.93 | 1024.87 | 1025.43 | 1025.72 | 1024.64 | 1025.20 | 1024.67 | 1024.13 | 1025.53 | 1025.25 | 1025.07 | 1025.18 | 1025.96 | 1025.41 | 1025.46 | 1026.23 | 1024.66 | 1024.54 | 1025.95 |
|        13 | 1024.78 | 1025.02 | 1025.39 | 1024.65 | 1024.95 | 1025.77 | 1026.03 | 1025.43 | 1025.06 | 1025.75 | 1025.29 | 1025.39 | 1026.35 | 1025.00 | 1025.35 | 1024.89 | 1025.44 | 1026.74 | 1025.41 | 1025.46 | 1024.92 | 1024.81 | 1024.91 | 1025.23 | 1025.81 | 1024.65 | 1025.26 | 1024.68 | 1024.49 | 1025.73 | 1025.10 | 1025.24 | 1025.33 | 1025.86 | 1025.36 | 1025.35 | 1026.19 | 1024.86 | 1024.62 | 1026.26 |
|        14 | 1024.67 | 1025.15 | 1025.54 | 1024.63 | 1025.26 | 1025.70 | 1026.26 | 1025.71 | 1025.07 | 1025.69 | 1025.45 | 1025.54 | 1026.53 | 1024.92 | 1025.13 | 1025.43 | 1025.46 | 1026.71 | 1025.61 | 1025.66 | 1025.02 | 1024.85 | 1024.79 | 1025.09 | 1025.98 | 1024.59 | 1025.20 | 1024.86 | 1024.73 | 1025.72 | 1025.02 | 1025.38 | 1025.29 | 1025.90 | 1025.41 | 1025.28 | 1026.10 | 1025.10 | 1024.51 | 1026.30 |
|        15 | 1024.66 | 1025.18 | 1025.60 | 1024.56 | 1025.48 | 1025.70 | 1026.39 | 1025.53 | 1025.30 | 1025.52 | 1025.27 | 1025.42 | 1026.57 | 1024.85 | 1025.04 | 1025.77 | 1025.38 | 1026.53 | 1025.51 | 1025.78 | 1025.00 | 1024.87 | 1024.63 | 1024.86 | 1026.09 | 1024.60 | 1025.23 | 1024.98 | 1024.85 | 1025.69 | 1025.10 | 1025.35 | 1025.00 | 1025.77 | 1025.31 | 1025.34 | 1026.22 | 1025.01 | 1024.35 | 1026.41 |
|        16 | 1024.56 | 1025.07 | 1025.51 | 1024.29 | 1025.27 | 1025.73 | 1026.12 | 1025.18 | 1025.40 | 1025.18 | 1024.85 | 1025.24 | 1026.29 | 1024.95 | 1024.74 | 1025.61 | 1025.15 | 1026.28 | 1025.23 | 1025.43 | 1024.82 | 1024.60 | 1024.56 | 1024.66 | 1026.01 | 1024.48 | 1025.13 | 1024.84 | 1024.45 | 1025.69 | 1024.94 | 1025.26 | 1024.67 | 1025.59 | 1025.04 | 1025.34 | 1026.10 | 1024.88 | 1024.33 | 1026.35 |
|        17 | 1024.69 | 1025.19 | 1025.52 | 1024.25 | 1025.19 | 1025.57 | 1025.97 | 1025.26 | 1025.57 | 1025.26 | 1024.60 | 1025.36 | 1026.09 | 1024.98 | 1024.99 | 1025.44 | 1025.10 | 1026.28 | 1025.11 | 1025.32 | 1024.76 | 1024.55 | 1024.68 | 1024.65 | 1026.03 | 1024.64 | 1025.10 | 1024.73 | 1024.28 | 1025.62 | 1025.11 | 1025.24 | 1024.64 | 1025.72 | 1024.94 | 1025.57 | 1026.08 | 1025.09 | 1024.22 | 1026.33 |
|        18 | 1024.95 | 1025.34 | 1025.73 | 1024.52 | 1025.28 | 1025.54 | 1025.97 | 1025.48 | 1025.66 | 1025.40 | 1024.86 | 1025.51 | 1026.03 | 1025.23 | 1025.23 | 1025.36 | 1025.22 | 1026.46 | 1025.22 | 1025.67 | 1025.02 | 1024.92 | 1024.74 | 1024.64 | 1026.09 | 1024.79 | 1025.28 | 1024.65 | 1024.42 | 1025.65 | 1025.17 | 1025.12 | 1024.72 | 1025.90 | 1025.11 | 1025.83 | 1026.09 | 1025.21 | 1024.30 | 1026.24 |
|        19 | 1025.28 | 1025.43 | 1026.01 | 1024.91 | 1025.36 | 1025.71 | 1026.09 | 1025.91 | 1025.70 | 1025.47 | 1025.24 | 1025.65 | 1026.34 | 1025.56 | 1025.34 | 1025.54 | 1025.45 | 1026.53 | 1025.31 | 1026.10 | 1025.34 | 1025.21 | 1024.90 | 1024.70 | 1026.22 | 1024.94 | 1025.71 | 1025.04 | 1024.98 | 1025.92 | 1025.45 | 1025.06 | 1024.90 | 1026.08 | 1025.41 | 1026.00 | 1026.46 | 1025.33 | 1024.40 | 1026.46 |
|        20 | 1025.09 | 1025.51 | 1026.08 | 1024.86 | 1025.38 | 1025.84 | 1026.28 | 1026.03 | 1025.57 | 1025.36 | 1025.27 | 1025.52 | 1026.45 | 1025.49 | 1024.89 | 1025.76 | 1025.69 | 1026.38 | 1025.33 | 1026.17 | 1025.39 | 1025.21 | 1024.82 | 1024.66 | 1026.20 | 1024.85 | 1025.78 | 1025.23 | 1025.26 | 1025.86 | 1025.34 | 1024.86 | 1024.90 | 1026.05 | 1025.58 | 1025.90 | 1026.48 | 1025.40 | 1024.45 | 1026.59 |
|        21 | 1025.11 | 1025.42 | 1026.09 | 1024.87 | 1025.36 | 1025.93 | 1026.46 | 1026.09 | 1025.61 | 1025.26 | 1024.97 | 1025.52 | 1026.49 | 1025.40 | 1024.61 | 1026.01 | 1025.76 | 1026.35 | 1025.41 | 1026.11 | 1025.31 | 1025.00 | 1024.79 | 1024.79 | 1026.34 | 1025.01 | 1025.53 | 1025.47 | 1025.45 | 1025.87 | 1025.15 | 1024.88 | 1024.91 | 1026.04 | 1025.54 | 1025.94 | 1026.41 | 1025.42 | 1024.70 | 1026.71 |
|        22 | 1025.10 | 1025.34 | 1025.97 | 1024.64 | 1025.20 | 1025.93 | 1026.23 | 1025.76 | 1025.57 | 1025.18 | 1024.79 | 1025.50 | 1026.31 | 1025.31 | 1024.48 | 1025.99 | 1025.75 | 1026.28 | 1025.21 | 1025.87 | 1025.11 | 1024.81 | 1024.73 | 1024.84 | 1026.28 | 1025.09 | 1025.26 | 1025.42 | 1025.34 | 1025.89 | 1025.06 | 1024.89 | 1024.90 | 1025.99 | 1025.34 | 1025.80 | 1026.29 | 1025.44 | 1024.83 | 1026.61 |
|        23 | 1024.93 | 1025.17 | 1025.80 | 1024.42 | 1025.01 | 1025.81 | 1025.95 | 1025.49 | 1025.31 | 1024.92 | 1024.38 | 1025.35 | 1026.14 | 1025.16 | 1024.40 | 1025.68 | 1025.58 | 1026.08 | 1024.97 | 1025.50 | 1024.91 | 1024.60 | 1024.68 | 1024.78 | 1025.94 | 1025.10 | 1025.02 | 1025.25 | 1025.21 | 1025.59 | 1025.00 | 1024.78 | 1024.63 | 1025.88 | 1025.07 | 1025.52 | 1026.13 | 1025.27 | 1024.66 | 1026.50 |
|        24 | 1024.66 | 1024.86 | 1025.43 | 1024.09 | 1024.59 | 1025.35 | 1025.75 | 1025.30 | 1024.94 | 1024.54 | 1024.13 | 1025.07 | 1025.91 | 1024.93 | 1024.28 | 1025.23 | 1025.20 | 1025.69 | 1024.79 | 1025.00 | 1024.80 | 1024.32 | 1024.39 | 1024.47 | 1025.58 | 1024.85 | 1024.86 | 1024.94 | 1024.84 | 1025.27 | 1024.82 | 1024.47 | 1024.38 | 1025.48 | 1024.83 | 1025.18 | 1025.75 | 1024.87 | 1024.25 | 1026.12 |
|        25 | 1024.31 | 1024.57 | 1025.12 | 1023.76 | 1024.12 | 1024.86 | 1025.36 | 1025.15 | 1024.62 | 1024.36 | 1023.88 | 1024.83 | 1025.68 | 1024.67 | 1023.87 | 1024.87 | 1024.91 | 1025.28 | 1024.50 | 1024.60 | 1024.58 | 1023.99 | 1024.10 | 1024.02 | 1025.46 | 1024.52 | 1024.79 | 1024.50 | 1024.49 | 1025.16 | 1024.42 | 1024.10 | 1024.08 | 1025.01 | 1024.49 | 1024.78 | 1025.26 | 1024.52 | 1023.84 | 1025.81 |
|        26 | 1023.96 | 1024.34 | 1024.81 | 1023.54 | 1023.91 | 1024.73 | 1025.03 | 1024.82 | 1024.47 | 1024.39 | 1023.51 | 1024.69 | 1025.47 | 1024.61 | 1023.55 | 1024.80 | 1024.87 | 1024.97 | 1024.15 | 1024.42 | 1024.26 | 1023.81 | 1023.75 | 1023.67 | 1025.47 | 1024.24 | 1024.57 | 1024.14 | 1024.27 | 1025.10 | 1024.13 | 1023.90 | 1024.05 | 1024.71 | 1024.35 | 1024.39 | 1024.82 | 1024.12 | 1023.54 | 1025.74 |
|        27 | 1023.73 | 1024.09 | 1024.63 | 1023.30 | 1023.78 | 1024.63 | 1024.77 | 1024.44 | 1024.42 | 1024.47 | 1023.20 | 1024.39 | 1025.37 | 1024.45 | 1023.41 | 1024.82 | 1024.64 | 1024.73 | 1023.90 | 1024.32 | 1024.01 | 1023.58 | 1023.57 | 1023.50 | 1025.32 | 1023.98 | 1024.31 | 1023.85 | 1024.23 | 1025.07 | 1023.96 | 1023.80 | 1024.04 | 1024.40 | 1024.21 | 1024.13 | 1024.54 | 1023.93 | 1023.36 | 1025.62 |
|        28 | 1023.55 | 1024.06 | 1024.54 | 1022.97 | 1023.61 | 1024.47 | 1024.54 | 1024.06 | 1024.21 | 1024.17 | 1023.01 | 1024.18 | 1025.20 | 1024.32 | 1023.36 | 1024.75 | 1024.10 | 1024.36 | 1023.86 | 1024.16 | 1023.94 | 1023.33 | 1023.60 | 1023.52 | 1025.07 | 1023.74 | 1024.10 | 1023.69 | 1024.13 | 1024.96 | 1023.72 | 1023.68 | 1023.96 | 1024.22 | 1024.08 | 1023.90 | 1024.34 | 1023.78 | 1023.17 | 1025.27 |
|        29 | 1023.25 | 1023.77 | 1024.28 | 1022.54 | 1023.13 | 1024.16 | 1024.34 | 1023.48 | 1023.89 | 1023.49 | 1022.65 | 1023.79 | 1024.72 | 1023.95 | 1022.71 | 1024.38 | 1023.31 | 1023.92 | 1023.71 | 1023.75 | 1023.70 | 1022.99 | 1023.31 | 1023.32 | 1024.69 | 1023.45 | 1023.79 | 1023.38 | 1023.84 | 1024.36 | 1023.24 | 1023.25 | 1023.58 | 1023.92 | 1023.84 | 1023.58 | 1024.07 | 1023.50 | 1022.80 | 1024.81 |
|        30 | 1023.23 | 1023.56 | 1024.19 | 1022.30 | 1022.84 | 1023.85 | 1024.14 | 1022.94 | 1023.76 | 1023.09 | 1022.55 | 1023.55 | 1024.28 | 1023.77 | 1022.65 | 1024.15 | 1023.28 | 1023.65 | 1023.59 | 1023.34 | 1023.59 | 1022.89 | 1023.03 | 1023.29 | 1024.36 | 1023.33 | 1023.53 | 1023.33 | 1023.61 | 1024.19 | 1022.90 | 1022.98 | 1023.20 | 1023.76 | 1023.70 | 1023.33 | 1023.97 | 1023.23 | 1022.58 | 1024.57 |
|        31 | 1023.24 | 1023.41 | 1024.19 | 1022.21 | 1022.78 | 1023.68 | 1023.79 | 1022.79 | 1023.75 | 1023.13 | 1022.56 | 1023.49 | 1024.01 | 1023.89 | 1022.63 | 1024.10 | 1023.44 | 1023.53 | 1023.55 | 1023.10 | 1023.67 | 1022.78 | 1022.95 | 1023.33 | 1024.22 | 1023.27 | 1023.34 | 1023.30 | 1023.43 | 1024.21 | 1022.96 | 1022.97 | 1023.09 | 1023.77 | 1023.71 | 1023.49 | 1023.92 | 1023.19 | 1022.46 | 1024.39 |
|        32 | 1022.94 | 1023.19 | 1024.10 | 1022.18 | 1022.59 | 1023.57 | 1023.49 | 1022.65 | 1023.61 | 1023.11 | 1022.37 | 1023.39 | 1023.79 | 1024.07 | 1022.47 | 1023.93 | 1023.45 | 1023.21 | 1023.44 | 1022.73 | 1023.58 | 1022.43 | 1022.84 | 1023.28 | 1024.14 | 1023.17 | 1023.02 | 1023.12 | 1023.18 | 1024.17 | 1022.88 | 1022.94 | 1022.90 | 1023.74 | 1023.62 | 1023.42 | 1023.72 | 1022.97 | 1022.32 | 1024.07 |
|        33 | 1022.17 | 1022.86 | 1023.93 | 1022.02 | 1022.43 | 1023.36 | 1023.44 | 1022.58 | 1023.33 | 1022.92 | 1022.06 | 1023.21 | 1023.58 | 1024.05 | 1022.17 | 1023.73 | 1023.22 | 1022.85 | 1023.33 | 1022.57 | 1023.31 | 1022.22 | 1022.83 | 1022.97 | 1023.94 | 1023.01 | 1022.71 | 1022.81 | 1023.03 | 1024.10 | 1022.74 | 1022.77 | 1022.66 | 1023.59 | 1023.50 | 1023.13 | 1023.50 | 1022.66 | 1022.21 | 1023.86 |
|        34 | 1021.57 | 1022.34 | 1023.61 | 1021.51 | 1021.88 | 1022.92 | 1022.90 | 1022.20 | 1022.79 | 1022.51 | 1021.95 | 1022.94 | 1023.07 | 1023.75 | 1021.63 | 1023.42 | 1022.63 | 1022.25 | 1023.02 | 1022.26 | 1022.70 | 1021.90 | 1022.68 | 1022.41 | 1023.74 | 1022.71 | 1022.44 | 1022.58 | 1022.75 | 1023.75 | 1022.24 | 1022.34 | 1022.20 | 1022.72 | 1023.10 | 1022.54 | 1023.29 | 1022.19 | 1021.15 | 1023.44 |
|        35 | 1021.07 | 1021.63 | 1022.95 | 1020.75 | 1021.05 | 1022.14 | 1022.50 | 1021.37 | 1022.00 | 1021.81 | 1021.40 | 1022.24 | 1022.23 | 1023.00 | 1020.77 | 1022.81 | 1021.70 | 1021.44 | 1022.42 | 1021.55 | 1021.50 | 1021.22 | 1022.04 | 1021.33 | 1023.03 | 1022.00 | 1021.82 | 1021.76 | 1021.98 | 1023.26 | 1021.41 | 1021.54 | 1021.49 | 1022.28 | 1022.63 | 1021.75 | 1022.66 | 1021.50 | 1020.55 | 1022.93 |
|        36 | 1020.35 | 1020.95 | 1022.24 | 1019.93 | 1020.19 | 1021.37 | 1021.77 | 1020.49 | 1021.28 | 1021.13 | 1020.83 | 1021.52 | 1021.36 | 1022.24 | 1020.47 | 1022.28 | 1020.98 | 1020.41 | 1021.82 | 1020.73 | 1021.17 | 1020.53 | 1021.22 | 1020.56 | 1022.18 | 1021.30 | 1021.06 | 1020.97 | 1021.19 | 1022.65 | 1020.63 | 1020.74 | 1020.50 | 1021.64 | 1021.86 | 1021.07 | 1022.00 | 1020.79 | 1020.36 | 1022.24 |
|        37 | 1019.64 | 1020.30 | 1021.54 | 1019.20 | 1019.52 | 1020.72 | 1021.19 | 1019.60 | 1020.66 | 1020.52 | 1020.33 | 1020.97 | 1020.62 | 1021.66 | 1020.00 | 1021.67 | 1020.44 | 1019.55 | 1021.27 | 1019.90 | 1020.54 | 1020.07 | 1020.76 | 1020.04 | 1021.50 | 1020.66 | 1020.39 | 1020.38 | 1020.65 | 1022.18 | 1020.07 | 1020.10 | 1020.09 | 1021.10 | 1021.40 | 1020.31 | 1021.16 | 1020.18 | 1019.86 | 1021.52 |
|        38 | 1018.93 | 1019.66 | 1020.93 | 1018.61 | 1018.91 | 1020.04 | 1020.72 | 1018.98 | 1020.15 | 1019.94 | 1019.83 | 1020.54 | 1019.98 | 1021.13 | 1019.45 | 1021.11 | 1019.83 | 1018.76 | 1020.81 | 1019.28 | 1020.10 | 1019.59 | 1020.48 | 1019.60 | 1020.99 | 1020.26 | 1019.69 | 1019.83 | 1020.10 | 1021.83 | 1019.57 | 1019.73 | 1019.60 | 1020.57 | 1020.93 | 1019.60 | 1020.34 | 1019.54 | 1019.39 | 1020.79 |
|        39 | 1018.29 | 1019.07 | 1020.44 | 1018.11 | 1018.17 | 1019.42 | 1020.14 | 1018.53 | 1019.64 | 1019.31 | 1019.37 | 1020.08 | 1019.42 | 1020.62 | 1018.73 | 1020.51 | 1019.23 | 1018.03 | 1020.32 | 1018.73 | 1019.70 | 1018.95 | 1020.26 | 1019.14 | 1020.53 | 1019.83 | 1019.01 | 1019.29 | 1019.44 | 1021.34 | 1018.96 | 1019.34 | 1019.12 | 1020.01 | 1020.51 | 1019.05 | 1019.67 | 1018.96 | 1018.75 | 1020.07 |
|        40 | 1017.79 | 1018.57 | 1020.07 | 1017.82 | 1017.61 | 1018.97 | 1019.73 | 1018.17 | 1019.24 | 1018.78 | 1019.00 | 1019.75 | 1018.89 | 1020.28 | 1018.24 | 1019.98 | 1018.78 | 1017.34 | 1019.75 | 1018.25 | 1019.39 | 1018.49 | 1020.02 | 1018.72 | 1020.14 | 1019.31 | 1018.40 | 1018.84 | 1019.01 | 1020.71 | 1018.38 | 1018.98 | 1018.77 | 1019.63 | 1020.03 | 1018.57 | 1019.29 | 1018.51 | 1018.07 | 1019.54 |
|        41 | 1017.24 | 1018.09 | 1019.52 | 1017.58 | 1017.02 | 1018.56 | 1019.30 | 1017.74 | 1018.84 | 1018.24 | 1018.73 | 1019.39 | 1018.44 | 1019.88 | 1017.99 | 1019.57 | 1018.36 | 1016.66 | 1019.26 | 1017.80 | 1018.93 | 1018.06 | 1019.70 | 1018.40 | 1019.64 | 1018.85 | 1017.85 | 1018.49 | 1018.67 | 1020.18 | 1017.93 | 1018.63 | 1018.32 | 1019.36 | 1019.73 | 1018.22 | 1019.14 | 1018.05 | 1017.55 | 1019.27 |
|        42 | 1016.64 | 1017.48 | 1018.90 | 1017.08 | 1016.32 | 1018.07 | 1018.71 | 1017.21 | 1018.46 | 1017.79 | 1018.39 | 1019.09 | 1018.02 | 1019.38 | 1017.64 | 1019.13 | 1017.95 | 1015.99 | 1018.86 | 1017.36 | 1018.41 | 1017.57 | 1019.29 | 1017.87 | 1019.00 | 1018.39 | 1017.20 | 1017.94 | 1018.27 | 1019.67 | 1017.63 | 1018.15 | 1017.78 | 1019.02 | 1019.41 | 1017.71 | 1018.97 | 1017.52 | 1017.22 | 1018.97 |
|        43 | 1015.88 | 1016.64 | 1018.23 | 1016.47 | 1015.46 | 1017.37 | 1018.04 | 1016.48 | 1017.87 | 1017.06 | 1017.80 | 1018.46 | 1017.28 | 1018.60 | 1017.02 | 1018.57 | 1017.31 | 1015.12 | 1018.41 | 1016.78 | 1017.83 | 1016.92 | 1018.85 | 1017.15 | 1018.32 | 1017.94 | 1016.54 | 1017.12 | 1017.60 | 1019.14 | 1017.01 | 1017.56 | 1017.05 | 1018.50 | 1018.94 | 1016.94 | 1018.49 | 1016.79 | 1016.85 | 1018.54 |
|        44 | 1015.05 | 1015.72 | 1017.57 | 1015.78 | 1014.69 | 1016.55 | 1017.40 | 1015.75 | 1017.25 | 1016.37 | 1017.13 | 1017.74 | 1016.42 | 1017.78 | 1016.08 | 1017.95 | 1016.48 | 1014.01 | 1017.78 | 1016.09 | 1017.20 | 1016.32 | 1018.44 | 1016.32 | 1017.41 | 1017.44 | 1015.86 | 1016.28 | 1016.77 | 1018.77 | 1016.10 | 1016.89 | 1016.38 | 1017.86 | 1018.34 | 1016.06 | 1017.77 | 1016.05 | 1016.30 | 1017.90 |
|        45 | 1014.25 | 1014.97 | 1016.96 | 1015.31 | 1014.12 | 1015.78 | 1016.89 | 1015.17 | 1016.82 | 1015.53 | 1016.50 | 1017.17 | 1015.60 | 1017.11 | 1015.34 | 1017.45 | 1015.71 | 1013.06 | 1017.07 | 1015.45 | 1016.46 | 1015.91 | 1018.00 | 1015.76 | 1016.59 | 1016.85 | 1015.03 | 1015.57 | 1016.16 | 1018.37 | 1015.20 | 1016.31 | 1015.88 | 1017.23 | 1017.86 | 1015.39 | 1017.19 | 1015.43 | 1015.67 | 1017.38 |
|        46 | 1013.53 | 1014.23 | 1016.39 | 1014.87 | 1013.66 | 1015.17 | 1016.41 | 1014.62 | 1016.39 | 1015.02 | 1015.96 | 1016.67 | 1014.94 | 1016.61 | 1014.89 | 1016.99 | 1015.16 | 1012.38 | 1016.55 | 1014.94 | 1015.94 | 1015.48 | 1017.56 | 1015.31 | 1016.12 | 1016.35 | 1014.32 | 1015.12 | 1015.71 | 1017.81 | 1014.74 | 1015.80 | 1015.37 | 1016.70 | 1017.45 | 1014.84 | 1016.80 | 1015.03 | 1014.92 | 1016.94 |
|        47 | 1012.65 | 1013.46 | 1015.84 | 1014.31 | 1013.16 | 1014.55 | 1015.73 | 1013.95 | 1015.80 | 1014.50 | 1015.40 | 1016.13 | 1014.24 | 1016.19 | 1014.46 | 1016.33 | 1014.49 | 1011.52 | 1015.83 | 1014.34 | 1015.30 | 1015.02 | 1016.98 | 1014.87 | 1015.57 | 1015.84 | 1013.57 | 1014.43 | 1015.18 | 1016.98 | 1014.21 | 1015.14 | 1014.76 | 1016.12 | 1017.01 | 1014.17 | 1016.28 | 1014.39 | 1014.30 | 1016.30 |
|        48 | 1011.90 | 1012.69 | 1015.40 | 1013.71 | 1012.46 | 1014.01 | 1015.07 | 1013.29 | 1015.20 | 1013.92 | 1014.75 | 1015.55 | 1013.69 | 1015.64 | 1014.06 | 1015.70 | 1013.82 | 1010.74 | 1015.10 | 1013.91 | 1014.68 | 1014.47 | 1016.40 | 1014.31 | 1015.08 | 1015.20 | 1012.97 | 1013.69 | 1014.44 | 1016.31 | 1013.64 | 1014.55 | 1014.09 | 1015.67 | 1016.30 | 1013.48 | 1015.55 | 1013.71 | 1013.75 | 1015.65 |
|        51 | 1009.78 | 1010.54 | 1013.49 | 1012.11 | 1010.81 | 1012.15 | 1012.92 | 1011.56 | 1013.27 | 1012.01 | 1013.00 | 1013.98 | 1012.24 | 1013.05 | 1011.78 | 1013.95 | 1011.52 | 1008.61 | 1012.69 | 1012.46 | 1013.19 | 1013.05 | 1014.72 | 1012.51 | 1013.07 | 1012.84 | 1010.84 | 1011.75 | 1012.21 | 1014.66 | 1011.64 | 1012.73 | 1012.46 | 1014.15 | 1014.46 | 1011.24 | 1013.61 | 1012.03 | 1011.99 | 1013.88 |
|        54 | 1008.01 | 1008.66 | 1011.43 | 1010.35 | 1009.35 | 1010.73 | 1010.96 | 1010.03 | 1011.89 | 1009.87 | 1010.66 | 1012.49 | 1010.62 | 1010.88 | 1010.38 | 1013.24 | 1009.31 | 1006.74 | 1010.60 | 1010.95 | 1011.12 | 1011.92 | 1012.82 | 1010.92 | 1011.38 | 1011.03 | 1009.48 | 1009.81 | 1010.76 | 1012.70 | 1009.99 | 1011.12 | 1010.82 | 1012.54 | 1012.80 | 1009.25 | 1012.10 | 1010.67 | 1010.77 | 1012.44 |
|        57 | 1007.39 | 1008.31 | 1011.03 | 1010.50 | 1009.56 | 1010.88 | 1010.63 | 1009.85 | 1011.35 | 1009.44 | 1009.70 | 1011.60 | 1010.84 | 1009.93 | 1009.98 | 1012.81 | 1008.76 | 1006.70 | 1009.44 | 1011.18 | 1010.98 | 1012.05 | 1011.65 | 1010.53 | 1010.58 | 1010.33 | 1009.14 | 1009.58 | 1009.53 | 1011.79 | 1009.32 | 1010.40 | 1010.08 | 1011.88 | 1012.45 | 1008.29 | 1011.59 | 1010.35 | 1010.23 | 1012.55 |
|        60 | 1006.73 | 1007.57 | 1009.65 | 1008.89 | 1009.12 | 1010.44 | 1008.43 | 1008.18 | 1010.00 | 1008.02 | 1007.14 | 1010.11 | 1010.12 | 1008.22 | 1008.17 | 1011.75 | 1007.59 | 1006.62 | 1006.96 | 1010.20 | 1009.51 | 1011.25 | 1009.08 | 1008.82 | 1009.02 | 1008.51 | 1008.34 | 1008.78 | 1008.15 | 1009.91 | 1008.18 | 1009.32 | 1008.76 | 1010.25 | 1010.92 | 1007.14 | 1010.56 | 1009.52 | 1008.94 | 1011.35 |
|        63 | 1006.12 | 1007.16 | 1009.39 | 1008.13 | 1008.37 | 1010.32 | 1007.70 | 1008.29 | 1009.61 | 1007.06 | 1006.52 | 1009.84 | 1009.44 | 1007.06 | 1007.72 | 1010.88 | 1006.76 | 1006.73 | 1005.87 | 1009.64 | 1008.33 | 1010.53 | 1007.25 | 1007.70 | 1008.71 | 1007.71 | 1008.20 | 1008.12 | 1007.24 | 1008.71 | 1007.51 | 1009.06 | 1007.68 | 1009.25 | 1010.26 | 1006.54 | 1009.67 | 1008.61 | 1008.44 | 1011.05 |
|        66 | 1006.72 | 1007.69 | 1009.81 | 1007.59 | 1008.57 | 1010.82 | 1007.34 | 1007.74 | 1009.76 | 1006.57 | 1006.33 | 1009.92 | 1009.48 | 1006.48 | 1008.01 | 1011.21 | 1006.24 | 1007.40 | 1005.65 | 1010.16 | 1007.95 | 1010.76 | 1006.47 | 1007.57 | 1008.01 | 1007.04 | 1007.99 | 1008.43 | 1006.70 | 1008.26 | 1008.08 | 1009.74 | 1007.32 | 1008.39 | 1010.37 | 1006.24 | 1009.92 | 1008.71 | 1008.81 | 1011.63 |
|        69 | 1006.77 | 1007.91 | 1009.65 | 1007.20 | 1008.63 | 1011.41 | 1007.37 | 1007.53 | 1009.91 | 1006.45 | 1006.16 | 1010.34 | 1009.34 | 1006.42 | 1008.26 | 1010.58 | 1005.62 | 1008.43 | 1004.89 | 1010.26 | 1007.52 | 1010.98 | 1005.42 | 1007.39 | 1007.66 | 1006.93 | 1007.62 | 1008.57 | 1006.24 | 1008.21 | 1007.59 | 1009.83 | 1006.67 | 1007.24 | 1010.53 | 1005.90 | 1009.62 | 1008.45 | 1008.61 | 1012.09 |
|        72 | 1005.98 | 1007.91 | 1009.32 | 1006.86 | 1007.84 | 1011.38 | 1006.83 | 1007.39 | 1009.21 | 1006.12 | 1005.98 | 1010.14 | 1009.69 | 1005.96 | 1007.62 | 1009.95 | 1005.45 | 1008.41 | 1003.76 | 1010.27 | 1006.53 | 1010.15 | 1003.80 | 1006.71 | 1007.53 | 1005.71 | 1006.82 | 1008.45 | 1006.03 | 1007.91 | 1007.21 | 1009.78 | 1006.35 | 1006.72 | 1011.09 | 1004.91 | 1009.75 | 1008.23 | 1008.24 | 1012.21 |
|        78 | 1003.81 | 1007.87 | 1008.79 | 1007.53 | 1007.41 | 1011.21 | 1006.68 | 1007.76 | 1008.61 | 1006.31 | 1005.29 | 1009.50 | 1009.03 | 1003.73 | 1005.86 | 1009.03 | 1004.95 | 1009.98 | 1002.85 | 1009.21 | 1004.58 | 1008.15 | 1001.60 | 1005.45 | 1006.11 | 1003.21 | 1004.89 | 1007.37 | 1004.49 | 1006.26 | 1005.25 | 1009.20 | 1005.19 | 1007.45 | 1010.54 | 1003.52 | 1009.86 | 1006.33 | 1008.12 | 1010.40 |
|        84 | 1001.94 | 1005.47 | 1007.32 | 1005.94 | 1005.40 | 1008.31 | 1005.81 | 1005.33 | 1007.59 | 1005.80 | 1003.15 | 1007.18 | 1006.91 | 1000.41 | 1003.58 | 1006.97 | 1002.19 | 1008.71 | 1001.13 | 1005.48 | 1001.44 | 1003.94 |  999.52 | 1003.20 | 1005.84 |  999.83 | 1002.63 | 1003.65 | 1002.59 | 1003.38 | 1003.60 | 1007.89 | 1003.48 | 1007.00 | 1005.64 | 1003.35 | 1008.93 | 1002.85 | 1005.73 | 1005.89 |
|        90 | 1001.42 | 1000.32 | 1004.74 | 1001.54 | 1001.18 | 1003.90 | 1001.41 |  999.70 | 1005.85 | 1002.18 |  999.31 | 1002.89 | 1002.20 |  996.18 | 1000.75 | 1004.22 |  995.75 | 1005.63 |  998.34 |  999.24 |  996.64 |  998.30 |  997.04 | 1000.11 | 1004.87 |  996.15 | 1000.18 |  998.87 | 1000.12 |  999.28 | 1000.90 | 1004.29 | 1000.45 | 1003.11 |  998.83 | 1001.80 | 1005.19 |  997.59 | 1000.68 | 1000.05 |
|        96 |  999.72 |  994.65 | 1001.85 |  996.10 |  997.00 |  998.80 |  996.19 |  993.52 | 1002.91 |  997.33 |  995.21 |  997.67 |  997.48 |  993.08 |  997.26 | 1001.00 |  989.90 | 1001.16 |  995.54 |  993.25 |  993.91 |  993.27 |  994.53 |  997.27 | 1003.27 |  992.49 |  998.89 |  994.34 |  998.37 |  995.64 |  998.08 | 1000.25 |  997.65 |  997.86 |  991.33 |  998.75 | 1000.71 |  992.93 |  995.53 |  994.59 |
|       102 |  997.20 |  988.28 |  998.78 |  990.45 |  992.47 |  993.13 |  990.38 |  989.55 |  998.59 |  991.52 |  991.00 |  991.97 |  992.93 |  991.49 |  992.50 |  997.08 |  986.68 |  995.90 |  992.62 |  990.46 |  992.79 |  991.45 |  991.70 |  994.63 |  998.68 |  989.54 |  997.58 |  989.91 |  997.11 |  992.35 |  993.78 |  995.80 |  994.47 |  992.93 |  986.13 |  993.69 |  996.73 |  989.14 |  990.33 |  992.27 |
|       108 |  994.09 |  986.36 |  996.20 |  988.44 |  992.09 |  990.83 |  988.21 |  988.13 |  995.31 |  989.15 |  988.78 |  990.61 |  992.48 |  991.97 |  990.80 |  993.72 |  987.10 |  991.97 |  991.82 |  989.46 |  994.21 |  991.37 |  989.80 |  994.59 |  994.74 |  988.61 |  997.02 |  988.99 |  997.30 |  991.49 |  990.23 |  994.10 |  993.44 |  991.30 |  984.32 |  991.12 |  993.67 |  987.54 |  987.44 |  991.89 |
|       114 |  991.67 |  987.31 |  995.13 |  987.90 |  992.78 |  990.18 |  987.12 |  986.17 |  993.94 |  989.51 |  988.61 |  990.02 |  992.95 |  993.10 |  991.96 |  992.77 |  990.54 |  990.98 |  992.61 |  987.85 |  996.77 |  990.35 |  990.04 |  994.55 |  994.59 |  988.84 |  996.86 |  990.48 |  998.09 |  991.87 |  989.93 |  992.54 |  993.32 |  990.58 |  985.76 |  990.95 |  992.88 |  986.53 |  986.83 |  990.92 |
|       120 |  987.26 |  990.13 |  995.14 |  988.19 |  993.91 |  989.57 |  987.37 |  986.10 |  993.24 |  990.05 |  989.53 |  987.92 |  996.81 |  994.32 |  993.87 |  992.44 |  993.02 |  990.96 |  993.20 |  987.21 |  999.66 |  988.91 |  990.92 |  993.29 |  997.17 |  988.97 |  997.10 |  991.97 |  999.15 |  992.50 |  988.61 |  991.09 |  992.46 |  990.72 |  986.93 |  989.43 |  993.26 |  985.88 |  983.90 |  992.03 |
