# variable: Temperature at 2m
# units: degree celsius
# 
| fcst_hour |     1 |    2 |     3 |    4 |    5 |     6 |    7 |     8 |     9 |    10 |    11 |    12 |    13 |    14 |   15 |    16 |   17 |   18 |    19 |    20 |    21 |    22 |    23 |    24 |    25 |   26 |    27 |    28 |   29 |    30 |    31 |    32 |   33 |    34 |    35 |   36 |    37 |    38 |    39 |    40 |
|         0 |  8.37 | 8.30 |  8.31 | 8.20 | 8.05 |  8.10 | 8.48 |  8.69 |  8.16 |  7.69 |  8.43 |  9.00 |  8.07 |  8.22 | 8.12 |  8.51 | 7.97 | 8.49 |  8.85 |  8.61 |  8.05 |  8.57 |  8.15 |  7.69 |  8.65 | 8.65 |  8.37 |  8.22 | 8.03 |  8.23 |  8.31 |  8.69 | 8.40 |  8.41 |  8.38 | 8.17 |  8.27 |  8.34 |  8.33 |  8.22 |
|         1 |  8.16 | 8.06 |  8.10 | 8.04 | 7.91 |  7.98 | 8.30 |  8.46 |  8.04 |  7.56 |  8.13 |  8.82 |  7.95 |  8.04 | 7.94 |  8.41 | 8.02 | 8.37 |  8.78 |  8.45 |  7.89 |  8.27 |  7.98 |  7.60 |  8.42 | 8.43 |  8.27 |  8.07 | 7.78 |  8.13 |  8.15 |  8.48 | 8.17 |  8.18 |  8.23 | 7.97 |  8.07 |  8.15 |  8.12 |  8.15 |
|         2 |  8.05 | 7.80 |  7.89 | 7.97 | 7.78 |  7.77 | 8.15 |  8.30 |  7.76 |  7.51 |  7.78 |  8.67 |  7.79 |  7.90 | 7.77 |  8.23 | 7.97 | 8.22 |  8.73 |  8.36 |  7.78 |  8.03 |  7.81 |  7.46 |  8.27 | 8.24 |  8.07 |  7.87 | 7.56 |  7.99 |  8.02 |  8.27 | 8.04 |  8.04 |  8.07 | 7.87 |  7.83 |  7.99 |  7.96 |  7.91 |
|         3 |  7.76 | 7.57 |  7.70 | 7.70 | 7.61 |  7.53 | 7.99 |  8.13 |  7.49 |  7.41 |  7.52 |  8.51 |  7.63 |  7.73 | 7.57 |  8.06 | 7.77 | 8.00 |  8.54 |  8.19 |  7.57 |  7.81 |  7.58 |  7.22 |  8.10 | 8.04 |  7.93 |  7.66 | 7.45 |  7.83 |  7.76 |  8.07 | 7.96 |  7.84 |  7.85 | 7.73 |  7.62 |  7.79 |  7.79 |  7.70 |
|         4 |  7.56 | 7.52 |  7.57 | 7.35 | 7.58 |  7.37 | 7.87 |  8.03 |  7.34 |  7.40 |  7.37 |  8.25 |  7.55 |  7.64 | 7.27 |  7.87 | 7.63 | 7.83 |  8.24 |  7.99 |  7.38 |  7.66 |  7.39 |  7.06 |  7.96 | 7.90 |  7.81 |  7.40 | 7.39 |  7.65 |  7.55 |  7.91 | 7.92 |  7.67 |  7.55 | 7.63 |  7.51 |  7.65 |  7.68 |  7.44 |
|         5 |  7.27 | 7.44 |  7.34 | 7.10 | 7.47 |  7.22 | 7.67 |  7.84 |  7.23 |  7.30 |  7.15 |  7.76 |  7.37 |  7.41 | 6.99 |  7.66 | 7.50 | 7.49 |  7.90 |  7.50 |  7.02 |  7.40 |  7.21 |  6.88 |  7.47 | 7.74 |  7.61 |  7.23 | 7.27 |  7.39 |  7.32 |  7.72 | 7.75 |  7.46 |  7.16 | 7.51 |  7.34 |  7.51 |  7.44 |  7.18 |
|         6 |  6.71 | 7.23 |  7.16 | 6.99 | 7.36 |  7.16 | 7.47 |  7.60 |  7.12 |  6.89 |  6.83 |  7.44 |  7.18 |  7.06 | 6.78 |  7.30 | 7.37 | 7.12 |  7.67 |  7.02 |  6.64 |  6.91 |  7.10 |  6.61 |  6.98 | 7.56 |  7.15 |  7.26 | 7.08 |  7.12 |  6.91 |  7.56 | 7.52 |  7.24 |  6.79 | 7.35 |  7.16 |  7.43 |  7.13 |  7.18 |
|         7 |  6.35 | 6.86 |  6.98 | 6.65 | 7.29 |  7.10 | 7.33 |  7.52 |  6.97 |  6.69 |  6.62 |  7.25 |  6.95 |  6.74 | 6.70 |  6.80 | 7.19 | 6.90 |  7.54 |  6.85 |  6.38 |  6.61 |  6.98 |  6.37 |  6.73 | 7.41 |  6.74 |  7.25 | 6.86 |  6.94 |  6.30 |  7.39 | 7.16 |  6.97 |  6.69 | 7.02 |  6.94 |  7.35 |  6.87 |  7.20 |
|         8 |  6.53 | 6.88 |  7.04 | 6.59 | 7.40 |  7.13 | 7.42 |  7.65 |  6.93 |  6.83 |  6.64 |  7.44 |  7.00 |  6.77 | 6.72 |  6.75 | 7.21 | 7.01 |  7.51 |  6.98 |  6.62 |  6.72 |  7.18 |  6.40 |  6.76 | 7.48 |  6.93 |  7.30 | 6.97 |  7.09 |  6.34 |  7.44 | 7.26 |  7.09 |  6.93 | 7.06 |  7.07 |  7.36 |  6.91 |  7.30 |
|         9 |  7.06 | 7.15 |  7.26 | 6.75 | 7.51 |  7.50 | 7.46 |  7.79 |  7.19 |  6.94 |  6.89 |  7.84 |  7.27 |  7.01 | 6.93 |  6.92 | 7.56 | 7.25 |  7.49 |  7.22 |  6.90 |  7.12 |  7.58 |  6.63 |  6.87 | 7.57 |  7.51 |  7.44 | 7.13 |  7.33 |  6.81 |  7.75 | 7.51 |  7.29 |  7.27 | 7.23 |  7.33 |  7.59 |  6.93 |  7.55 |
|        10 |  7.43 | 7.45 |  7.41 | 7.10 | 7.83 |  7.93 | 7.70 |  7.88 |  7.45 |  7.06 |  7.17 |  8.13 |  7.63 |  7.34 | 7.72 |  7.12 | 7.82 | 7.56 |  7.79 |  7.44 |  7.19 |  7.40 |  7.80 |  6.78 |  7.04 | 7.74 |  8.06 |  7.70 | 7.16 |  7.62 |  7.19 |  8.17 | 7.85 |  7.42 |  7.47 | 7.44 |  7.48 |  7.67 |  7.03 |  7.78 |
|        11 |  7.53 | 7.73 |  7.72 | 7.55 | 8.10 |  8.18 | 7.88 |  8.01 |  7.52 |  7.12 |  7.32 |  8.35 |  7.94 |  7.42 | 8.62 |  7.18 | 7.88 | 7.82 |  8.35 |  7.93 |  7.51 |  7.76 |  7.76 |  7.00 |  7.44 | 7.94 |  8.15 |  8.37 | 7.36 |  7.79 |  7.45 |  8.39 | 8.11 |  7.47 |  7.56 | 7.53 |  7.46 |  7.75 |  7.22 |  8.14 |
|        12 |  7.57 | 8.02 |  8.00 | 8.35 | 8.52 |  8.12 | 8.00 |  8.16 |  7.69 |  7.52 |  7.39 |  8.58 |  8.68 |  7.69 | 8.89 |  7.42 | 7.99 | 8.02 |  8.51 |  8.40 |  7.85 |  7.93 |  7.75 |  7.42 |  7.66 | 8.36 |  8.22 |  8.76 | 7.66 |  7.91 |  7.46 |  8.54 | 8.57 |  7.54 |  7.99 | 7.71 |  7.47 |  7.79 |  7.91 |  8.49 |
|        13 |  7.73 | 8.53 |  8.22 | 8.81 | 8.96 |  8.03 | 8.44 |  8.49 |  7.87 |  8.10 |  7.37 |  8.65 |  8.99 |  8.02 | 9.14 |  7.95 | 8.27 | 8.24 |  8.78 |  8.51 |  8.07 |  7.85 |  7.95 |  7.68 |  7.96 | 8.70 |  8.52 |  9.06 | 8.00 |  8.00 |  7.48 |  8.37 | 8.63 |  7.97 |  8.16 | 7.94 |  7.82 |  7.93 |  8.24 |  8.89 |
|        14 |  7.84 | 8.79 |  8.27 | 8.89 | 8.71 |  7.83 | 8.65 |  8.56 |  7.90 |  8.19 |  7.31 |  8.71 |  9.01 |  7.89 | 9.05 |  8.07 | 8.22 | 8.32 |  8.76 |  8.59 |  8.20 |  7.70 |  7.98 |  7.77 |  8.09 | 8.80 |  8.47 |  9.08 | 8.13 |  8.07 |  7.46 |  8.03 | 8.61 |  8.02 |  8.26 | 8.17 |  7.99 |  8.05 |  8.33 |  8.81 |
|        15 |  7.62 | 8.42 |  7.98 | 8.48 | 8.00 |  7.65 | 8.36 |  8.33 |  7.76 |  7.83 |  7.22 |  8.53 |  8.73 |  7.70 | 8.49 |  8.03 | 8.09 | 7.92 |  8.52 |  8.35 |  7.80 |  7.57 |  7.87 |  7.68 |  7.87 | 8.46 |  8.19 |  8.41 | 7.63 |  7.72 |  7.39 |  7.83 | 8.39 |  7.74 |  8.07 | 8.08 |  7.88 |  7.89 |  8.00 |  8.16 |
|        16 |  7.36 | 7.77 |  7.48 | 7.54 | 7.20 |  7.38 | 7.82 |  7.98 |  7.47 |  7.24 |  7.12 |  8.23 |  8.17 |  7.58 | 7.77 |  7.53 | 7.90 | 7.30 |  8.19 |  7.90 |  7.21 |  7.41 |  7.78 |  7.31 |  7.34 | 7.98 |  7.87 |  7.37 | 7.05 |  7.19 |  7.23 |  7.66 | 7.97 |  7.48 |  7.59 | 7.80 |  7.69 |  7.59 |  7.46 |  7.49 |
|        17 |  7.10 | 7.37 |  7.19 | 7.07 | 6.49 |  7.11 | 7.29 |  7.59 |  7.15 |  6.80 |  7.11 |  8.00 |  7.75 |  7.42 | 7.42 |  7.15 | 7.64 | 6.82 |  7.71 |  7.38 |  6.80 |  6.99 |  7.69 |  6.71 |  6.93 | 7.86 |  7.44 |  6.68 | 6.68 |  6.86 |  7.16 |  7.53 | 7.38 |  7.23 |  7.09 | 7.52 |  7.41 |  7.24 |  6.96 |  6.93 |
|        18 |  6.88 | 7.23 |  7.04 | 6.76 | 6.05 |  6.79 | 6.93 |  7.24 |  6.87 |  6.42 |  7.08 |  7.79 |  7.43 |  7.19 | 7.23 |  7.01 | 7.26 | 6.54 |  7.08 |  7.04 |  6.51 |  6.63 |  7.45 |  6.27 |  6.66 | 7.76 |  7.03 |  6.05 | 6.45 |  6.46 |  7.00 |  7.35 | 7.03 |  7.06 |  6.64 | 7.18 |  7.03 |  7.04 |  6.59 |  6.46 |
|        19 |  6.69 | 7.05 |  6.67 | 6.68 | 5.55 |  6.39 | 6.71 |  6.94 |  6.56 |  6.12 |  7.01 |  7.58 |  7.12 |  6.87 | 7.11 |  6.83 | 6.78 | 6.40 |  6.72 |  6.75 |  6.16 |  6.12 |  7.21 |  5.86 |  6.51 | 7.56 |  6.69 |  5.70 | 6.25 |  6.18 |  6.81 |  7.23 | 6.76 |  6.86 |  6.08 | 6.94 |  6.73 |  6.80 |  6.23 |  6.23 |
|        20 |  6.37 | 6.87 |  6.25 | 6.42 | 5.14 |  6.02 | 6.62 |  6.72 |  6.17 |  5.94 |  6.78 |  7.36 |  6.89 |  6.52 | 6.95 |  6.58 | 6.32 | 5.92 |  6.39 |  6.60 |  5.88 |  5.73 |  7.01 |  5.34 |  6.33 | 6.99 |  6.40 |  5.70 | 5.83 |  5.71 |  6.41 |  7.08 | 6.70 |  6.72 |  5.57 | 6.62 |  6.37 |  6.77 |  5.99 |  6.20 |
|        21 |  6.10 | 6.72 |  5.85 | 6.32 | 4.97 |  5.70 | 6.50 |  6.51 |  5.71 |  5.98 |  6.61 |  7.16 |  6.79 |  6.12 | 6.84 |  6.44 | 6.16 | 5.35 |  6.00 |  6.34 |  5.67 |  5.42 |  6.86 |  5.22 |  6.15 | 6.13 |  5.90 |  5.70 | 5.35 |  5.33 |  5.96 |  6.80 | 6.68 |  6.40 |  5.41 | 6.37 |  6.13 |  6.68 |  5.96 |  6.22 |
|        22 |  5.96 | 6.53 |  5.37 | 6.12 | 4.60 |  5.25 | 6.10 |  6.38 |  5.43 |  5.91 |  6.39 |  7.05 |  6.59 |  5.72 | 6.72 |  6.18 | 5.93 | 4.99 |  5.56 |  6.11 |  5.29 |  5.39 |  6.70 |  5.27 |  5.93 | 5.57 |  5.43 |  5.77 | 4.71 |  4.72 |  5.61 |  6.59 | 6.75 |  5.97 |  4.96 | 6.18 |  5.78 |  6.53 |  5.85 |  5.97 |
|        23 |  5.81 | 6.16 |  4.85 | 5.56 | 4.06 |  4.99 | 5.45 |  6.19 |  5.33 |  5.74 |  5.86 |  6.77 |  6.40 |  5.34 | 6.58 |  6.02 | 5.54 | 4.39 |  5.40 |  5.71 |  4.72 |  5.38 |  6.43 |  5.32 |  5.82 | 5.35 |  5.19 |  5.89 | 4.01 |  4.31 |  5.35 |  6.54 | 6.55 |  5.08 |  4.45 | 5.86 |  5.43 |  6.38 |  5.78 |  5.66 |
|        24 |  5.75 | 5.25 |  4.53 | 5.17 | 3.79 |  4.52 | 4.83 |  5.90 |  5.40 |  5.60 |  5.22 |  6.34 |  6.16 |  4.94 | 6.38 |  5.84 | 4.93 | 3.51 |  5.24 |  5.32 |  4.04 |  5.43 |  6.19 |  5.44 |  5.65 | 5.18 |  5.01 |  5.93 | 3.79 |  4.07 |  5.06 |  6.50 | 6.17 |  4.17 |  3.88 | 5.77 |  5.07 |  6.10 |  5.70 |  5.33 |
|        25 |  5.60 | 4.31 |  4.45 | 5.34 | 3.88 |  3.89 | 4.24 |  5.46 |  5.61 |  5.52 |  4.75 |  5.94 |  5.64 |  4.64 | 5.98 |  5.71 | 4.17 | 2.99 |  4.88 |  5.13 |  3.38 |  5.45 |  6.07 |  5.54 |  5.35 | 5.19 |  5.00 |  5.85 | 3.79 |  3.97 |  4.82 |  6.53 | 6.02 |  3.73 |  3.38 | 5.64 |  4.88 |  5.58 |  5.67 |  5.21 |
|        26 |  5.44 | 3.69 |  4.17 | 5.59 | 3.95 |  3.50 | 4.20 |  5.25 |  5.73 |  5.35 |  4.46 |  5.49 |  5.23 |  4.33 | 5.38 |  5.75 | 3.58 | 2.88 |  4.35 |  5.17 |  2.94 |  5.51 |  6.12 |  5.35 |  5.12 | 5.28 |  5.07 |  5.39 | 4.01 |  4.12 |  4.92 |  6.46 | 5.95 |  3.98 |  2.90 | 5.33 |  4.80 |  4.71 |  5.64 |  4.92 |
|        27 |  5.33 | 3.37 |  3.76 | 5.73 | 3.74 |  3.54 | 4.47 |  5.19 |  5.71 |  5.16 |  4.31 |  5.22 |  4.92 |  4.14 | 5.07 |  5.81 | 3.31 | 2.92 |  4.07 |  5.03 |  2.60 |  5.46 |  6.09 |  4.76 |  5.00 | 5.33 |  5.14 |  4.54 | 4.31 |  4.16 |  4.95 |  6.40 | 5.99 |  4.05 |  2.90 | 4.87 |  4.77 |  3.97 |  5.57 |  4.37 |
|        28 |  5.03 | 3.30 |  3.79 | 5.74 | 3.18 |  3.61 | 4.66 |  5.04 |  5.66 |  5.25 |  4.31 |  4.96 |  4.56 |  4.44 | 4.84 |  5.67 | 3.40 | 2.58 |  3.97 |  4.72 |  2.45 |  5.47 |  5.65 |  3.89 |  4.99 | 5.02 |  5.32 |  3.61 | 4.45 |  4.22 |  4.45 |  6.36 | 5.78 |  4.05 |  3.25 | 4.19 |  4.74 |  3.26 |  5.47 |  3.70 |
|        29 |  4.76 | 3.18 |  4.14 | 5.44 | 2.68 |  3.52 | 4.78 |  4.40 |  5.64 |  5.09 |  4.15 |  4.81 |  4.62 |  4.77 | 4.64 |  5.39 | 3.21 | 1.75 |  3.99 |  4.29 |  2.22 |  5.36 |  4.86 |  2.95 |  5.11 | 3.95 |  5.40 |  2.73 | 4.35 |  4.22 |  3.83 |  6.28 | 5.70 |  4.05 |  3.52 | 3.50 |  4.72 |  2.80 |  5.24 |  3.21 |
|        30 |  4.55 | 2.70 |  4.46 | 4.87 | 2.28 |  3.43 | 4.85 |  3.69 |  5.59 |  4.58 |  3.69 |  4.52 |  4.90 |  4.94 | 4.24 |  5.00 | 2.45 | 0.97 |  3.79 |  3.68 |  1.99 |  4.94 |  4.26 |  2.21 |  5.17 | 2.86 |  5.21 |  2.04 | 4.05 |  4.38 |  3.57 |  6.19 | 5.62 |  3.96 |  3.62 | 3.00 |  4.34 |  2.44 |  5.04 |  2.93 |
|        31 |  4.18 | 1.96 |  4.36 | 4.03 | 1.93 |  3.08 | 4.42 |  2.98 |  5.36 |  3.87 |  3.11 |  3.87 |  5.06 |  4.94 | 3.41 |  4.51 | 1.76 | 0.30 |  3.16 |  3.15 |  1.53 |  4.43 |  4.09 |  1.70 |  5.06 | 2.20 |  4.86 |  1.43 | 3.46 |  4.50 |  3.35 |  6.07 | 5.34 |  3.77 |  3.47 | 2.66 |  3.68 |  2.12 |  4.67 |  2.61 |
|        32 |  4.38 | 1.79 |  4.30 | 3.46 | 2.24 |  3.01 | 3.86 |  2.95 |  5.16 |  3.88 |  3.18 |  3.60 |  5.15 |  4.96 | 3.17 |  4.48 | 1.82 | 0.24 |  2.82 |  3.37 |  1.90 |  4.37 |  4.54 |  1.83 |  5.00 | 2.25 |  4.74 |  1.47 | 3.00 |  4.63 |  3.20 |  6.06 | 5.27 |  3.73 |  3.63 | 2.85 |  3.65 |  2.19 |  4.54 |  2.83 |
|        33 |  5.20 | 2.56 |  4.71 | 3.72 | 3.35 |  3.76 | 3.95 |  3.73 |  5.46 |  4.63 |  4.20 |  4.14 |  5.11 |  5.53 | 3.95 |  5.04 | 2.69 | 1.21 |  3.40 |  4.16 |  3.13 |  4.88 |  5.27 |  2.87 |  5.09 | 3.04 |  5.22 |  2.41 | 3.36 |  4.62 |  3.74 |  6.36 | 5.65 |  4.47 |  4.41 | 3.60 |  4.25 |  2.93 |  5.24 |  3.76 |
|        34 |  6.18 | 3.61 |  5.09 | 4.43 | 4.58 |  4.73 | 4.47 |  4.61 |  6.18 |  5.45 |  5.41 |  4.99 |  5.33 |  6.31 | 4.96 |  5.74 | 3.73 | 2.58 |  4.39 |  5.10 |  4.40 |  5.44 |  5.99 |  4.08 |  5.49 | 3.88 |  5.87 |  3.49 | 4.11 |  4.70 |  4.51 |  7.08 | 6.17 |  5.46 |  5.11 | 4.53 |  5.00 |  3.86 |  6.00 |  4.77 |
|        35 |  6.99 | 4.48 |  5.32 | 4.96 | 5.62 |  5.56 | 4.87 |  5.31 |  6.69 |  5.96 |  6.39 |  5.73 |  5.63 |  6.90 | 5.71 |  6.24 | 4.61 | 4.03 |  5.18 |  5.78 |  5.42 |  5.93 |  6.48 |  4.96 |  5.96 | 4.47 |  6.39 |  4.37 | 4.78 |  4.92 |  4.91 |  7.69 | 6.63 |  6.22 |  5.63 | 5.35 |  5.51 |  4.72 |  6.47 |  5.45 |
|        36 |  7.25 | 4.87 |  5.46 | 5.17 | 6.21 |  6.05 | 4.77 |  5.70 |  7.03 |  6.16 |  6.84 |  6.14 |  5.61 |  7.01 | 6.02 |  6.41 | 5.03 | 4.67 |  5.45 |  6.02 |  6.11 |  6.01 |  6.60 |  5.45 |  6.26 | 4.68 |  6.61 |  4.83 | 5.01 |  5.17 |  5.01 |  7.91 | 6.71 |  6.47 |  5.89 | 5.79 |  5.60 |  5.13 |  6.56 |  5.58 |
|        37 |  7.15 | 5.03 |  5.41 | 5.09 | 6.30 |  6.17 | 4.45 |  5.63 |  7.11 |  6.01 |  6.72 |  6.20 |  5.42 |  6.93 | 6.09 |  6.27 | 5.07 | 4.80 |  5.46 |  5.99 |  5.97 |  5.83 |  6.31 |  5.46 |  6.12 | 4.64 |  6.46 |  4.93 | 4.75 |  5.22 |  5.02 |  7.74 | 6.51 |  6.31 |  5.78 | 5.78 |  5.22 |  5.17 |  6.39 |  5.41 |
|        38 |  6.61 | 4.85 |  5.00 | 4.81 | 5.89 |  5.80 | 4.08 |  5.11 |  6.72 |  5.66 |  6.17 |  5.95 |  5.00 |  6.49 | 5.68 |  5.80 | 4.78 | 4.40 |  5.16 |  5.68 |  5.49 |  5.17 |  5.58 |  5.11 |  5.71 | 4.37 |  5.88 |  4.71 | 4.02 |  4.59 |  4.83 |  7.11 | 5.93 |  5.76 |  5.14 | 5.45 |  4.58 |  4.86 |  5.86 |  4.89 |
|        39 |  5.60 | 4.25 |  4.18 | 4.13 | 4.93 |  5.08 | 3.39 |  4.34 |  5.86 |  4.90 |  5.06 |  5.23 |  4.41 |  5.55 | 4.93 |  5.03 | 4.02 | 3.54 |  4.61 |  4.93 |  4.75 |  4.30 |  4.71 |  4.49 |  4.90 | 3.66 |  4.88 |  4.08 | 2.98 |  3.50 |  4.25 |  5.86 | 4.96 |  4.78 |  4.12 | 4.71 |  3.79 |  4.20 |  5.01 |  3.91 |
|        40 |  4.08 | 3.18 |  3.15 | 3.00 | 3.67 |  4.03 | 2.41 |  3.34 |  4.68 |  3.93 |  3.78 |  4.25 |  3.51 |  4.32 | 3.88 |  4.13 | 3.10 | 2.88 |  3.87 |  3.89 |  3.67 |  3.45 |  3.97 |  3.71 |  3.64 | 2.87 |  3.85 |  3.08 | 1.93 |  2.40 |  3.16 |  4.36 | 3.80 |  3.71 |  3.02 | 3.74 |  2.83 |  3.25 |  4.10 |  2.56 |
|        41 |  2.92 | 2.22 |  2.41 | 2.11 | 2.64 |  3.13 | 1.71 |  2.66 |  3.62 |  3.14 |  2.87 |  3.49 |  2.80 |  3.18 | 3.12 |  3.27 | 2.51 | 2.60 |  2.90 |  2.98 |  2.39 |  2.51 |  3.36 |  2.98 |  2.56 | 2.35 |  2.84 |  2.45 | 1.24 |  1.64 |  2.24 |  3.00 | 2.80 |  2.80 |  1.99 | 3.02 |  1.78 |  2.51 |  3.47 |  1.44 |
|        42 |  2.08 | 1.57 |  1.88 | 1.89 | 1.82 |  2.32 | 1.28 |  2.21 |  2.91 |  2.35 |  2.16 |  2.98 |  2.19 |  2.13 | 2.58 |  2.42 | 2.16 | 2.29 |  2.14 |  2.30 |  1.37 |  1.68 |  2.69 |  2.21 |  1.73 | 2.25 |  1.96 |  2.00 | 0.70 |  1.03 |  1.42 |  1.93 | 2.05 |  2.07 |  1.19 | 2.49 |  1.03 |  1.90 |  2.98 |  0.66 |
|        43 |  1.26 | 1.33 |  1.49 | 1.79 | 1.20 |  1.41 | 1.13 |  1.83 |  2.26 |  1.70 |  1.61 |  2.64 |  1.66 |  1.25 | 2.17 |  1.66 | 2.03 | 2.31 |  1.61 |  1.84 |  0.58 |  1.09 |  1.99 |  1.45 |  1.12 | 2.43 |  1.20 |  1.63 | 0.34 |  0.50 |  0.61 |  1.08 | 1.49 |  1.38 |  0.54 | 2.11 |  0.51 |  1.40 |  2.48 |  0.12 |
|        44 |  0.52 | 1.31 |  1.20 | 1.36 | 0.71 |  0.60 | 1.33 |  1.66 |  1.70 |  1.18 |  1.16 |  2.46 |  1.23 |  0.52 | 1.84 |  1.01 | 2.48 | 2.40 |  1.15 |  1.41 |  0.06 |  0.61 |  1.44 |  0.77 |  0.68 | 2.26 |  0.69 |  1.36 | 0.15 |  0.18 |    -0 |  0.37 | 1.06 |  0.77 |  0.21 | 1.84 |  0.20 |  0.98 |  1.86 | -0.14 |
|        45 |  0.02 | 1.33 |  0.98 | 0.87 | 0.44 |  0.14 | 1.62 |  1.63 |  1.38 |  0.75 |  0.81 |  2.64 |  0.94 |     0 | 1.63 |  0.50 | 2.94 | 2.38 |  0.80 |  1.08 | -0.23 |  0.31 |  1.05 |  0.40 |  0.41 | 1.94 |  0.40 |  1.11 | 0.06 |  0.01 | -0.15 | -0.08 | 0.74 |  0.35 |  0.03 | 1.66 |  0.09 |  0.70 |  1.19 | -0.29 |
|        46 | -0.26 | 1.24 |  0.79 | 0.43 | 0.29 | -0.11 | 1.73 |  1.57 |  1.04 |  0.45 |  0.47 |  3.19 |  0.74 | -0.21 | 1.50 |  0.21 | 3.41 | 2.16 |  0.59 |  1.08 | -0.42 |  0.16 |  0.80 |  0.12 |  0.27 | 1.90 |  0.20 |  0.84 | 0.04 | -0.12 | -0.23 | -0.27 | 0.69 |  0.13 | -0.09 | 1.54 |  0.02 |  0.52 |  0.65 | -0.37 |
|        47 | -0.35 | 1.48 |  0.69 | 0.17 | 0.20 | -0.25 | 1.80 |  1.33 |  0.42 |  0.23 |  0.20 |  3.67 |  0.63 | -0.33 | 1.59 |  0.04 | 3.99 | 1.91 |  0.41 |  1.04 | -0.52 |  0.26 |  0.60 | -0.05 |  0.15 | 2.08 |  0.09 |  0.58 | 0.06 | -0.14 | -0.12 | -0.36 | 1.24 |  0.02 | -0.17 | 1.37 | -0.05 |  0.41 |  0.29 | -0.44 |
|        48 | -0.42 | 2.02 |  0.82 | 0.30 | 0.17 | -0.31 | 2.23 |  0.86 | -0.08 |  0.10 |  0.04 |  3.92 |  0.48 | -0.41 | 2.01 | -0.08 | 4.27 | 2.38 |  0.25 |  0.95 | -0.66 |  0.36 |  0.54 | -0.41 |  0.05 | 2.36 |  0.19 |  0.47 | 0.03 | -0.09 | -0.02 | -0.41 | 1.91 | -0.06 | -0.10 | 1.37 |  0.10 |  0.37 | -0.02 | -0.57 |
|        51 | -0.47 | 3.95 |  2.38 | 1.84 | 0.18 | -0.39 | 3.62 |  0.54 | -0.62 | -0.18 | -0.18 |  4.50 | -0.21 | -0.54 | 3.37 | -0.49 | 4.53 | 4.31 | -0.06 |  2.19 | -1.30 |  2.13 |  1.43 | -0.66 | -0.04 | 3.39 |  0.13 |  1.45 | 0.90 |  0.61 |  0.04 | -0.33 | 3.26 | -0.23 |  0.59 | 2.87 |  1.42 |  0.63 | -0.50 | -0.52 |
|        54 | -0.41 | 4.63 |  3.19 | 3.20 | 1.50 |  0.65 | 4.21 |  1.86 | -0.74 |  0.12 |  0.14 |  3.90 | -0.39 |  0.05 | 3.78 | -0.62 | 5.02 | 4.90 |  0.75 |  2.97 | -0.67 |  3.11 |  3.08 | -0.52 |  1.16 | 4.14 |  1.20 |  3.34 | 2.17 |  1.90 |  1.46 |  1.12 | 3.83 |  0.23 |  1.65 | 3.99 |  2.63 |  1.63 |  0.15 |  1.26 |
|        57 |  1.28 | 5.99 |  4.09 | 4.27 | 2.99 |  2.14 | 5.24 |  3.78 |  0.97 |  1.65 |  2.40 |  4.82 |  1.19 |  1.92 | 4.45 |  0.78 | 6.06 | 5.83 |  2.78 |  4.28 |  1.22 |  3.98 |  4.41 |  1.19 |  2.50 | 5.81 |  3.11 |  4.67 | 3.77 |  3.48 |  3.38 |  2.89 | 4.90 |  2.08 |  3.59 | 5.17 |  3.83 |  3.50 |  1.72 |  3.06 |
|        60 |  3.99 | 7.97 |  7.18 | 7.23 | 5.44 |  4.57 | 7.12 |  6.55 |  4.28 |  4.01 |  5.08 |  8.27 |  3.34 |  4.37 | 7.19 |  2.83 | 8.00 | 8.27 |  5.38 |  6.58 |  3.75 |  6.33 |  6.57 |  3.20 |  5.28 | 7.69 |  6.33 |  6.66 | 7.15 |  5.93 |  5.35 |  6.46 | 7.83 |  4.05 |  6.04 | 7.27 |  6.28 |  5.84 |  3.84 |  6.29 |
|        63 |  4.38 | 7.80 |  7.04 | 7.58 | 5.81 |  4.71 | 7.17 |  6.76 |  5.24 |  4.92 |  4.59 |  7.88 |  4.59 |  5.24 | 7.44 |  4.00 | 7.03 | 7.92 |  6.22 |  6.74 |  4.73 |  6.66 |  6.78 |  4.98 |  6.15 | 7.37 |  6.64 |  7.10 | 7.12 |  6.43 |  6.17 |  6.15 | 7.51 |  4.52 |  6.54 | 7.27 |  6.50 |  5.97 |  4.52 |  6.80 |
|        66 |  3.37 | 5.33 |  5.86 | 6.14 | 4.97 |  3.73 | 6.10 |  5.82 |  4.66 |  4.80 |  2.72 |  6.69 |  4.98 |  5.01 | 6.57 |  3.57 | 5.07 | 6.45 |  5.44 |  5.25 |  4.54 |  5.56 |  5.81 |  4.23 |  5.71 | 6.28 |  5.27 |  5.59 | 6.19 |  5.61 |  5.26 |  3.20 | 5.88 |  4.29 |  5.32 | 5.80 |  6.04 |  4.76 |  4.68 |  5.14 |
|        69 |  2.95 | 3.98 |  5.18 | 6.14 | 4.44 |  2.75 | 6.11 |  5.70 |  4.48 |  4.36 |  2.59 |  6.34 |  5.38 |  4.81 | 6.00 |  2.91 | 4.25 | 6.42 |  4.82 |  4.69 |  5.11 |  4.98 |  5.75 |  3.66 |  6.01 | 5.34 |  3.87 |  5.60 | 6.00 |  5.88 |  4.78 |  2.97 | 4.40 |  4.61 |  4.91 | 4.88 |  5.96 |  4.48 |  4.64 |  4.29 |
|        72 |  3.11 | 3.56 |  4.82 | 5.92 | 3.88 |  2.76 | 6.14 |  5.15 |  3.83 |  3.83 |  3.35 |  5.13 |  5.97 |  4.33 | 5.87 |  2.59 | 3.17 | 6.06 |  4.36 |  4.96 |  5.97 |  4.64 |  5.83 |  3.67 |  4.69 | 5.18 |  3.26 |  5.74 | 5.71 |  5.95 |  5.15 |  3.70 | 4.70 |  4.06 |  5.00 | 4.70 |  5.23 |  4.02 |  4.89 |  4.32 |
|        78 |  2.91 | 3.62 |  3.92 | 4.63 | 2.99 |  2.61 | 5.85 |  5.05 |  2.91 |  4.65 |  3.91 |  4.51 |  6.83 |  5.07 | 5.01 |  2.41 | 4.42 | 5.34 |  3.78 |  4.38 |  5.10 |  4.93 |  5.68 |  5.34 |  4.08 | 6.12 |  4.24 |  5.52 | 3.43 |  5.81 |  5.48 |  4.19 | 5.49 |  3.92 |  4.97 | 4.73 |  5.00 |  4.09 |  5.00 |  4.84 |
|        84 |  5.26 | 7.19 |  6.45 | 6.80 | 6.62 |  6.92 | 6.98 |  7.34 |  7.56 |  6.53 |  6.44 |  7.71 |  8.81 |  7.81 | 7.68 |  5.96 | 7.37 | 7.48 |  6.20 |  6.98 |  6.61 |  7.42 |  7.64 |  6.87 |  6.38 | 7.79 |  6.99 |  6.67 | 7.77 |  8.16 |  6.91 |  6.90 | 7.60 |  5.49 |  6.67 | 7.15 |  7.48 |  6.37 |  6.40 |  6.96 |
|        90 |  1.79 | 5.80 |  3.85 | 6.43 | 2.99 |  2.81 | 6.50 |  3.99 |  3.83 |  4.97 |  5.31 |  5.54 |  6.73 |  5.10 | 5.25 |  2.22 | 5.97 | 6.51 |  6.46 |  5.79 |  5.82 |  3.13 |  6.01 |  6.12 |  5.33 | 6.03 |  3.58 |  4.61 | 6.92 |  7.26 |  4.12 |  4.02 | 4.98 |  4.64 |  4.89 | 3.05 |  3.68 |  4.48 |  4.89 |  3.77 |
|        96 | -0.20 | 1.90 |  0.87 | 3.70 | 1.18 | -0.01 | 5.22 |  1.10 | -0.08 |  2.06 |  2.55 |  2.52 |  3.96 |  3.66 | 2.37 |  0.31 | 5.25 | 3.05 |  5.45 |  1.43 |  4.22 |  1.75 |  3.37 |  5.19 |  4.13 | 3.06 |  0.86 |  1.19 | 6.08 |  6.51 |  0.53 |  1.09 | 2.03 |  1.08 |  2.86 | 0.82 |  0.30 |  1.42 |  1.72 |  1.09 |
|       102 | -1.40 | 0.09 | -0.49 | 0.77 | 0.38 | -0.69 | 1.24 | -0.91 | -1.25 | -0.66 |  0.10 |  0.60 |  0.55 |  0.31 | 1.19 | -1.22 | 1.55 | 0.69 |  3.16 | -0.64 |  4.50 | -0.33 |  0.56 |  1.94 |  2.85 | 0.39 |  0.10 | -0.67 | 3.49 |  5.31 | -0.44 | -0.07 | 2.55 | -0.06 |  0.25 | 0.38 | -1.02 | -0.22 | -0.02 | -0.13 |
|       108 |  0.56 | 4.22 |  1.97 | 3.58 | 6.08 |  2.25 | 5.34 |  2.76 |  1.66 |  2.06 |  2.46 |  3.86 |  3.21 |  3.43 | 5.19 |  2.21 | 5.11 | 5.24 |  4.19 |  3.87 |  6.61 |  3.27 |  3.35 |  3.76 |  5.67 | 5.25 |  2.02 |  0.69 | 6.47 |  7.73 |  1.40 |  4.36 | 4.60 |  2.77 |  3.69 | 1.94 |  1.49 |  1.69 |  1.69 |  3.66 |
|       114 | -0.29 | 1.50 |  1.16 | 0.78 | 5.29 |  0.02 | 2.00 |  1.78 |  0.15 | -0.06 |  2.61 |  3.28 |  0.42 |  0.35 | 1.86 |  0.29 | 3.77 | 2.72 |  2.70 |  1.83 |  5.00 |  1.02 |  1.26 |  1.79 |  1.67 | 3.08 |  0.50 | -0.14 | 5.12 |  5.41 |  1.77 |  0.26 | 2.17 |  3.28 |  2.20 | 2.38 | -0.36 |  1.67 |  2.80 |  0.21 |
|       120 | -0.19 | 2.43 |  1.06 | 1.03 | 4.43 |  1.61 | 0.03 | -0.24 | -0.38 | -1.17 |  2.61 | -0.08 |  2.54 | -0.57 | 1.31 | -0.11 | 0.51 | 1.14 |  3.82 |  1.00 |  4.54 | -0.42 | -1.31 |  0.66 | -0.50 | 3.75 | -0.43 | -0.48 | 4.58 |  1.78 |  3.09 | -0.76 | 1.60 |  3.14 |  0.75 | 2.69 |  0.05 |  1.10 |  2.05 |  0.97 |
