# variable: Wind Gust at 10m, Maximum of Time Interval before fcst_hour
# units: km/h
# 
| fcst_hour |     1 |     2 |     3 |     4 |     5 |     6 |     7 |     8 |     9 |    10 |    11 |    12 |    13 |    14 |    15 |    16 |    17 |    18 |    19 |    20 |    21 |    22 |    23 |    24 |    25 |    26 |    27 |    28 |    29 |    30 |    31 |    32 |    33 |    34 |    35 |    36 |    37 |    38 |    39 |    40 |
|         1 | 27.22 | 27.60 | 30.43 | 30.74 | 28.11 | 29.48 | 30.63 | 27.46 | 28.67 | 22.55 | 26.80 | 26.83 | 24.51 | 27.81 | 26.84 | 29.03 | 25.33 | 29.44 | 24.19 | 28.66 | 30.23 | 27.31 | 27.29 | 25.98 | 29.71 | 28.81 | 28.32 | 30.83 | 26.97 | 24.08 | 28.44 | 27.70 | 26.48 | 28.58 | 29.08 | 29.81 | 31.02 | 27.65 | 27.84 | 27.79 |
|         2 | 28.19 | 27.44 | 30.48 | 30.73 | 28.02 | 29.43 | 29.39 | 28.33 | 28.02 | 22.16 | 26.11 | 26.93 | 25.10 | 26.73 | 26.74 | 29.53 | 26.18 | 29.67 | 24.57 | 28.57 | 29.96 | 26.57 | 28.06 | 26.78 | 29.18 | 28.62 | 28.55 | 28.60 | 26.70 | 24.58 | 28.38 | 28.15 | 26.59 | 28.31 | 29.58 | 29.69 | 29.67 | 27.64 | 26.24 | 27.28 |
|         3 | 28.25 | 26.38 | 29.40 | 30.13 | 27.29 | 28.27 | 28.30 | 28.53 | 26.35 | 21.99 | 25.17 | 26.87 | 24.36 | 25.48 | 26.00 | 28.39 | 26.18 | 28.72 | 24.25 | 27.28 | 27.66 | 26.17 | 26.70 | 26.78 | 28.64 | 29.04 | 28.36 | 27.35 | 24.94 | 24.60 | 28.35 | 28.53 | 28.15 | 28.49 | 29.54 | 28.19 | 29.48 | 27.44 | 25.98 | 27.14 |
|         4 | 24.86 | 26.24 | 28.56 | 27.86 | 26.26 | 25.64 | 27.56 | 27.39 | 24.44 | 20.44 | 24.77 | 26.87 | 23.24 | 24.69 | 25.53 | 27.76 | 25.22 | 26.52 | 24.17 | 26.09 | 24.84 | 25.23 | 30.29 | 26.52 | 29.34 | 28.16 | 26.81 | 27.18 | 23.48 | 24.57 | 28.41 | 27.50 | 28.33 | 27.91 | 29.15 | 27.52 | 28.70 | 24.95 | 24.53 | 26.32 |
|         5 | 23.84 | 26.63 | 28.30 | 26.42 | 25.48 | 26.10 | 26.57 | 25.56 | 24.14 | 19.83 | 24.38 | 26.22 | 22.34 | 24.29 | 23.40 | 25.36 | 23.47 | 25.35 | 23.87 | 27.14 | 24.59 | 25.03 | 24.33 | 25.24 | 26.75 | 26.48 | 26.06 | 28.40 | 22.60 | 23.56 | 26.09 | 25.69 | 25.47 | 27.41 | 29.09 | 27.63 | 27.98 | 24.15 | 24.33 | 23.92 |
|         6 | 24.69 | 26.93 | 27.20 | 25.20 | 24.60 | 28.11 | 26.08 | 25.04 | 27.07 | 18.55 | 22.67 | 24.03 | 20.89 | 21.82 | 21.84 | 22.69 | 24.30 | 25.57 | 24.18 | 28.77 | 23.71 | 23.53 | 24.14 | 24.39 | 25.36 | 26.46 | 27.56 | 28.25 | 21.14 | 22.60 | 24.34 | 25.60 | 23.55 | 26.71 | 28.49 | 27.01 | 27.41 | 25.06 | 22.96 | 22.06 |
|         7 | 25.43 | 26.01 | 27.30 | 24.87 | 24.20 | 28.65 | 27.42 | 25.80 | 22.45 | 21.43 | 21.76 | 24.08 | 20.15 | 19.59 | 22.30 | 20.94 | 23.09 | 25.58 | 22.87 | 26.53 | 24.34 | 26.87 | 24.91 | 26.35 | 23.32 | 26.33 | 25.02 | 25.73 | 23.01 | 24.28 | 24.50 | 23.73 | 23.51 | 27.03 | 27.64 | 27.35 | 25.78 | 24.09 | 23.09 | 23.83 |
|         8 | 25.15 | 29.12 | 27.33 | 25.10 | 26.03 | 26.81 | 25.84 | 25.65 | 22.82 | 22.05 | 22.16 | 22.53 | 20.93 | 20.94 | 24.49 | 24.60 | 20.38 | 24.77 | 22.83 | 24.69 | 26.38 | 28.09 | 23.63 | 26.52 | 22.29 | 25.51 | 20.63 | 24.22 | 22.97 | 24.53 | 24.68 | 24.63 | 23.89 | 25.86 | 28.06 | 25.69 | 21.79 | 21.45 | 23.95 | 23.66 |
|         9 | 23.91 | 29.82 | 30.08 | 25.44 | 24.66 | 24.18 | 27.13 | 26.92 | 22.60 | 23.32 | 24.52 | 29.46 | 20.91 | 26.51 | 24.50 | 24.04 | 20.53 | 24.51 | 22.33 | 21.70 | 25.65 | 23.38 | 23.97 | 28.15 | 25.41 | 25.00 | 22.81 | 24.09 | 18.87 | 25.34 | 22.94 | 24.41 | 24.79 | 27.77 | 28.88 | 24.71 | 25.14 | 21.46 | 20.99 | 21.28 |
|        10 | 24.45 | 25.61 | 27.24 | 23.91 | 24.35 | 28.45 | 26.46 | 26.27 | 23.82 | 21.85 | 22.57 | 27.64 | 18.76 | 25.55 | 18.78 | 21.49 | 22.10 | 24.50 | 22.55 | 21.97 | 24.48 | 24.39 | 23.24 | 26.74 | 22.44 | 28.48 | 22.66 | 24.64 | 18.72 | 21.36 | 22.06 | 22.82 | 25.70 | 27.63 | 28.34 | 22.72 | 24.67 | 23.80 | 18.41 | 21.24 |
|        11 | 23.95 | 26.38 | 25.75 | 21.78 | 23.38 | 25.96 | 21.37 | 22.99 | 23.62 | 19.78 | 18.19 | 20.68 | 17.21 | 19.82 | 22.73 | 19.92 | 21.82 | 23.64 | 18.43 | 22.28 | 23.44 | 23.81 | 22.74 | 21.93 | 21.58 | 24.34 | 22.27 | 25.07 | 18.90 | 19.80 | 19.25 | 20.30 | 23.37 | 25.01 | 25.84 | 22.40 | 21.68 | 21.30 | 18.29 | 19.66 |
|        12 | 21.76 | 26.88 | 23.45 | 18.28 | 22.67 | 23.49 | 21.77 | 19.93 | 17.25 | 17.04 | 17.78 | 22.37 | 18.21 | 16.48 | 21.02 | 16.52 | 21.44 | 20.86 | 18.13 | 20.73 | 18.23 | 23.42 | 22.78 | 19.78 | 21.69 | 24.39 | 19.36 | 24.15 | 19.83 | 19.98 | 18.94 | 18.67 | 23.17 | 22.28 | 23.20 | 22.01 | 17.08 | 18.13 | 17.50 | 19.26 |
|        13 | 20.04 | 23.48 | 22.19 | 16.74 | 16.96 | 20.31 | 21.13 | 19.44 | 16.32 | 16.46 | 19.24 | 22.10 | 18.88 | 15.62 | 17.34 | 16.73 | 18.89 | 19.31 | 19.41 | 18.75 | 17.15 | 22.96 | 21.38 | 19.75 | 18.62 | 21.52 | 19.16 | 20.95 | 19.32 | 17.34 | 20.53 | 18.49 | 22.19 | 20.06 | 22.04 | 20.57 | 17.83 | 16.27 | 15.21 | 17.70 |
|        14 | 18.17 | 19.45 | 18.58 | 15.89 | 14.77 | 19.92 | 16.98 | 18.03 | 13.14 | 15.07 | 19.26 | 19.76 | 16.55 | 15.07 | 15.50 | 16.01 | 14.55 | 15.87 | 18.12 | 17.69 | 17.13 | 20.77 | 17.00 | 18.46 | 15.48 | 18.33 | 16.44 | 19.22 | 18.89 | 15.43 | 18.49 | 18.30 | 20.27 | 19.13 | 20.45 | 16.37 | 16.86 | 14.95 | 14.10 | 16.34 |
|        15 | 15.74 | 20.53 | 17.43 | 14.72 | 12.51 | 16.98 | 13.41 | 17.07 | 13.35 | 14.21 | 16.19 | 18.72 | 13.53 | 14.73 | 13.51 | 14.43 | 12.80 | 14.02 | 16.97 | 14.48 | 16.07 | 16.74 | 15.89 | 17.18 | 14.82 | 17.66 | 13.70 | 17.28 | 17.29 | 12.62 | 16.37 | 17.61 | 15.95 | 16.76 | 18.32 | 12.19 | 15.37 | 14.23 | 13.49 | 17.51 |
|        16 | 12.73 | 15.89 | 16.92 | 12.57 |  8.12 | 11.43 | 14.06 | 13.65 | 13.84 | 11.00 | 13.12 | 16.72 | 11.76 | 10.97 | 10.02 | 14.71 | 10.78 | 14.31 | 14.64 | 11.85 | 14.06 | 14.84 | 14.90 | 14.54 | 13.72 | 13.23 |  8.19 | 16.24 | 14.82 | 11.79 | 14.73 | 12.70 | 14.71 | 15.43 | 11.89 | 10.07 | 11.20 | 14.17 | 13.53 | 13.79 |
|        17 | 11.41 | 13.82 | 15.59 |  7.79 |  9.53 | 11.11 | 13.50 | 13.32 | 13.88 | 10.21 | 11.00 | 13.12 | 10.07 | 10.38 |  9.93 | 14.15 |  8.17 | 14.48 | 12.51 | 13.14 | 14.49 | 15.84 | 13.05 | 11.67 | 10.94 | 10.04 |  7.61 | 14.52 | 13.04 |  9.92 |  8.44 | 12.07 | 11.02 | 13.78 |  9.85 | 11.17 |  8.95 | 12.36 | 12.60 |  9.67 |
|        18 |  7.23 | 12.61 | 14.12 |  7.55 | 11.00 |  9.10 | 12.62 | 10.07 | 11.72 |  7.81 | 10.27 | 13.07 |  7.31 |  8.76 | 10.06 | 13.74 |  7.08 | 10.72 | 11.34 | 13.73 | 13.77 | 12.88 | 12.02 | 11.55 | 10.05 | 10.35 |  7.79 | 13.61 | 12.58 |  8.89 |  6.83 |  8.99 | 10.64 | 11.98 |  8.62 | 11.04 |  9.07 | 14.30 |  8.43 |  8.66 |
|        19 |  8.11 | 12.02 | 10.67 |  6.91 | 10.56 |  8.97 | 11.47 | 10.23 | 10.00 |  6.74 | 11.01 | 12.63 |  7.10 |  7.91 |  8.78 | 13.01 |  8.43 |  8.59 | 11.61 | 14.91 |  7.38 | 11.12 | 12.04 |  9.65 |  7.94 | 10.06 |  9.27 | 11.21 | 12.50 |  9.51 |  6.73 |  7.89 |  8.67 |  8.96 |  8.25 |  9.59 |  7.80 | 12.55 |  7.82 |  7.82 |
|        20 |  7.99 | 10.59 |  9.29 |  3.53 | 10.18 |  9.07 | 10.65 | 12.41 |  5.03 |  5.34 | 10.42 | 12.44 |  4.40 |  6.77 |  7.27 | 13.20 | 10.83 | 11.33 | 11.25 | 14.52 |  7.21 | 10.80 | 11.99 |  9.74 |  9.98 |  4.92 |  9.10 | 10.02 | 11.97 | 10.23 |  5.99 |  8.43 |  8.87 |  9.12 |  8.30 |  7.84 |  8.23 | 12.48 |  9.06 | 10.49 |
|        21 |  5.99 |  9.43 |  9.15 |  3.77 | 11.82 |  8.91 | 11.44 |  9.65 |  6.64 |  4.58 | 11.76 | 10.11 |  9.44 |  8.48 |  7.36 | 13.37 | 10.66 |  9.69 | 12.04 | 14.65 |  6.25 | 10.08 | 12.06 | 10.74 | 10.06 |  4.77 |  7.68 |  6.16 | 12.26 | 10.32 |  5.55 |  9.18 |  8.04 | 10.06 |  9.04 |  8.66 |  9.32 | 13.08 |  9.18 | 11.59 |
|        22 |  8.03 |  9.74 | 10.76 |  4.62 | 12.06 | 10.13 | 11.43 | 10.24 |  7.29 |  4.71 | 11.86 | 12.42 | 10.77 |  7.09 |  6.92 | 15.06 | 12.02 |  5.64 | 11.59 | 14.70 |  5.38 |  7.08 | 11.48 | 14.65 |  8.34 |  5.97 |  8.43 |  6.09 | 12.12 | 10.54 |  6.85 |  8.26 |  7.81 | 10.07 |  8.20 |  9.42 |  7.80 | 12.61 |  9.22 | 12.47 |
|        23 |  8.52 | 10.24 | 13.77 |  4.62 | 11.89 | 10.18 | 10.37 |  9.62 |  6.15 |  4.70 | 12.31 | 12.40 |  9.12 |  5.84 |  8.22 | 14.09 | 13.23 |  5.64 | 10.74 | 12.85 |  6.34 |  7.22 | 13.49 | 14.68 | 11.17 |  7.75 |  9.19 | 12.26 | 10.02 | 14.19 |  9.67 |  6.56 |  9.20 |  9.67 |  7.10 |  9.36 | 10.99 | 13.01 |  9.07 | 11.34 |
|        24 |  7.62 | 10.29 | 13.47 |  4.32 | 12.62 | 10.03 | 11.63 | 10.59 |  6.23 |  4.10 | 14.42 | 10.75 | 10.09 |  8.07 |  8.21 | 13.43 | 13.07 |  7.64 | 10.77 | 12.34 |  7.34 |  7.06 | 13.54 | 14.09 | 13.63 |  7.90 | 11.58 | 12.12 |  9.34 | 17.17 | 10.55 |  8.40 | 10.93 | 10.95 |  6.53 |  9.59 | 11.19 | 12.73 |  9.46 |  9.15 |
|        25 | 11.15 | 10.70 | 12.68 |  5.12 | 13.10 | 12.05 | 12.38 | 12.60 |  7.12 |  6.82 | 15.18 | 12.04 | 12.56 |  8.64 |  7.55 | 12.91 | 13.26 |  7.98 | 13.11 | 12.16 |  8.08 |  7.10 | 13.86 | 14.71 | 14.49 | 10.26 | 12.85 |  8.69 | 11.32 | 18.52 | 10.48 | 13.13 | 10.95 | 10.97 |  6.56 | 11.49 |  9.30 | 13.53 | 10.83 |  9.63 |
|        26 | 11.28 | 10.34 | 12.37 |  5.92 | 14.59 | 12.04 | 14.75 | 11.41 |  6.91 |  9.03 | 16.23 | 14.00 | 12.45 | 11.45 |  8.42 | 12.73 | 14.77 |  8.48 | 14.01 | 13.15 |  7.72 | 10.47 | 14.54 | 14.75 | 14.64 | 11.42 | 12.31 |  8.00 | 11.56 | 18.58 |  9.14 | 13.93 | 10.71 |  9.59 |  7.41 | 13.03 |  8.78 | 14.18 | 11.04 | 12.59 |
|        27 |  9.42 | 10.16 | 11.52 |  6.06 | 15.56 | 11.48 | 14.71 | 11.66 |  9.34 | 10.81 | 16.42 | 14.90 |  9.26 | 11.09 |  8.50 | 13.70 | 14.80 |  9.15 | 14.55 | 14.30 |  9.45 | 10.87 | 14.55 | 14.82 | 12.26 | 11.32 | 11.03 |  8.83 | 10.81 | 17.68 |  9.97 | 13.69 | 11.26 |  9.78 |  8.36 | 14.07 |  8.35 | 14.36 | 11.75 | 13.08 |
|        28 | 11.72 |  9.28 | 12.63 |  7.35 | 16.06 | 11.50 | 14.22 | 13.12 | 10.38 | 10.85 | 16.61 | 15.00 |  9.34 | 10.06 |  7.94 | 13.74 | 15.05 | 11.29 | 13.54 | 14.46 |  9.89 |  9.38 | 14.97 | 14.97 | 14.51 | 10.29 | 10.07 |  9.85 |  8.62 | 17.72 | 10.74 | 11.13 | 11.78 |  9.53 |  7.84 | 14.56 |  9.97 | 14.10 | 12.21 | 12.74 |
|        29 | 11.61 | 12.78 | 12.75 |  9.35 | 16.53 | 11.29 | 13.30 | 13.43 | 12.03 | 12.97 | 16.77 | 12.32 | 12.14 | 11.40 | 11.12 | 12.45 | 15.06 | 12.63 | 11.17 | 14.66 | 10.14 | 10.09 | 15.42 | 15.53 | 14.40 | 10.00 |  9.99 |  9.34 |  5.25 | 17.73 | 10.74 | 10.71 | 12.86 |  8.45 |  9.84 | 14.74 | 10.20 | 14.09 | 10.50 | 12.27 |
|        30 |  9.64 | 13.56 | 11.78 |  9.66 | 17.52 | 10.61 | 13.32 | 12.15 | 12.54 | 14.82 | 17.32 | 14.39 | 13.17 | 11.36 | 11.58 | 14.04 | 16.19 | 12.80 | 12.40 | 15.72 | 12.95 |  9.23 | 15.75 | 15.67 | 16.40 |  8.70 |  9.38 |  9.60 | 11.83 | 17.98 | 11.74 | 11.91 | 12.63 |  8.50 | 10.75 | 15.39 |  9.34 | 12.48 | 10.11 | 14.44 |
|        31 |  9.09 | 13.74 | 13.24 |  9.28 | 17.89 | 11.03 | 13.31 | 12.27 | 12.24 | 11.28 | 17.74 | 14.67 | 13.26 | 11.27 | 12.61 | 14.13 | 17.54 | 12.15 | 12.94 | 16.92 | 11.72 |  7.25 | 16.96 | 15.17 | 17.67 | 10.82 |  9.25 |  9.68 | 11.84 | 18.03 | 13.07 | 11.92 | 12.61 | 10.37 | 10.96 | 16.32 | 12.49 | 15.79 | 10.12 | 15.59 |
|        32 |  9.63 | 12.77 | 15.55 |  9.87 | 18.07 | 12.83 | 12.75 | 12.80 | 10.24 |  8.85 | 18.19 | 13.70 | 12.46 | 10.55 | 13.39 | 15.48 | 17.71 | 11.24 | 13.53 | 17.07 | 14.06 |  7.14 | 16.96 | 14.51 | 17.75 | 10.81 |  9.68 |  8.63 |  7.54 | 18.76 | 13.98 | 12.94 | 11.58 | 10.38 | 11.66 | 16.36 | 13.50 | 15.67 |  9.20 | 15.19 |
|        33 | 10.86 | 14.42 | 16.23 | 12.71 | 18.41 | 15.26 | 12.46 | 13.15 |  9.98 |  9.02 | 18.41 | 13.32 | 11.64 | 10.14 | 13.04 | 15.62 | 17.67 | 13.83 | 15.98 | 17.09 | 11.17 |  8.89 | 15.91 | 17.37 | 18.08 | 11.24 | 10.07 |  8.74 |  9.64 | 19.81 | 15.87 | 13.44 | 16.36 |  8.66 | 11.93 | 16.35 | 12.83 | 12.33 |  9.84 | 12.19 |
|        34 | 13.21 | 14.51 | 16.17 | 13.25 | 18.60 | 17.24 | 14.52 | 13.86 | 10.45 |  8.89 | 18.40 | 14.42 | 12.21 | 13.75 | 12.43 | 14.27 | 18.14 | 15.44 | 15.45 | 16.17 | 10.93 |  9.05 | 15.79 | 19.35 | 16.63 | 11.48 | 10.81 | 10.53 |  9.49 | 21.21 | 15.92 | 13.37 | 16.67 |  8.13 | 12.05 | 16.15 | 12.32 | 12.17 | 10.01 | 12.40 |
|        35 | 14.23 | 14.94 | 15.85 | 13.37 | 18.24 | 16.00 | 15.63 | 17.10 | 10.35 | 11.72 | 20.46 | 15.09 | 13.01 | 14.43 | 15.40 | 13.03 | 19.47 | 15.43 | 13.26 | 15.47 | 12.74 |  9.26 | 15.75 | 22.32 | 15.20 | 13.45 | 11.68 | 10.22 |  7.54 | 21.20 | 14.65 | 14.52 | 17.41 | 11.47 | 11.46 | 15.83 | 13.02 | 12.28 | 11.71 | 11.93 |
|        36 | 18.71 | 14.89 | 15.96 | 12.32 | 18.41 | 12.98 | 15.69 | 17.82 | 13.83 | 12.88 | 21.05 | 16.20 | 13.51 | 14.58 | 18.37 | 13.13 | 21.12 | 17.04 | 16.60 | 16.70 | 13.99 |  9.20 | 15.89 | 23.54 | 11.92 | 13.17 | 12.55 | 10.46 |  7.33 | 20.11 | 13.18 | 16.91 | 17.62 | 12.66 | 11.37 | 15.98 | 12.81 | 13.99 | 12.68 | 12.38 |
|        37 | 17.19 | 14.45 | 16.26 | 12.45 | 17.69 | 13.98 | 13.60 | 18.25 | 13.11 | 13.69 | 21.19 | 15.41 | 13.66 | 14.60 | 16.67 | 16.42 | 21.18 | 17.03 | 17.78 | 17.32 | 14.67 |  8.05 | 16.26 | 23.17 | 13.13 | 11.91 | 12.33 | 12.65 |  6.47 | 19.55 | 12.42 | 20.21 | 17.06 | 13.30 | 11.08 | 17.35 | 12.77 | 13.79 | 12.89 | 12.87 |
|        38 | 14.82 | 13.88 | 16.13 | 11.37 | 16.29 | 14.05 | 11.99 | 15.66 | 13.31 | 12.77 | 20.79 | 15.62 | 13.63 | 13.46 | 16.86 | 16.47 | 19.48 | 15.80 | 15.19 | 17.73 | 14.24 |  8.07 | 18.02 | 21.56 | 14.64 | 10.74 | 12.19 | 12.87 |  6.69 | 20.03 | 11.59 | 16.72 | 15.03 | 10.35 | 10.64 | 17.71 | 13.94 | 13.13 | 12.90 | 12.13 |
|        39 |  9.67 | 12.89 | 16.03 | 11.85 | 15.58 | 13.80 | 13.08 | 14.49 | 12.35 | 12.14 | 19.87 | 14.81 | 13.80 | 12.10 | 13.81 | 16.84 | 20.45 | 14.48 | 13.92 | 19.02 | 12.75 |  5.45 | 19.38 | 20.66 | 15.16 | 12.77 | 11.91 | 12.75 |  4.71 | 21.17 | 11.91 | 12.36 | 14.23 |  7.03 | 10.29 | 18.80 | 14.67 | 12.20 | 12.92 | 10.48 |
|        40 | 10.18 | 12.34 | 16.08 | 12.64 | 16.59 | 13.09 | 16.54 | 15.80 | 11.31 | 12.02 | 20.97 | 17.04 | 14.18 | 13.39 | 11.87 | 17.33 | 21.79 | 14.66 | 12.35 | 19.70 | 10.31 |  2.88 | 20.24 | 23.38 | 15.66 | 14.27 | 11.34 | 12.33 |  3.78 | 22.22 | 14.20 | 10.21 | 15.74 |  6.94 | 10.82 | 19.98 | 14.71 | 11.98 | 12.63 | 11.43 |
|        41 | 10.98 | 11.75 | 16.09 | 13.07 | 17.58 | 13.67 | 18.07 | 15.91 | 11.29 | 12.16 | 21.29 | 21.48 | 15.61 | 14.38 | 12.74 | 18.09 | 24.73 | 15.13 | 11.74 | 20.57 | 10.89 |  3.22 | 22.27 | 23.70 | 15.16 | 14.50 | 10.32 | 12.32 |  4.92 | 24.13 | 15.25 |  9.95 | 15.57 |  6.78 | 11.72 | 20.14 | 15.40 | 13.06 | 12.51 | 12.66 |
|        42 | 11.51 | 11.46 | 17.82 | 13.12 | 17.59 | 13.72 | 17.33 | 15.63 | 12.13 | 12.91 | 22.03 | 24.11 | 16.37 | 14.39 | 13.41 | 18.16 | 24.88 | 17.77 | 11.70 | 23.61 | 10.73 |  4.00 | 22.81 | 24.74 | 14.35 | 15.53 | 11.03 | 13.58 |  6.32 | 24.26 | 16.87 |  9.98 | 14.01 |  6.66 | 12.46 | 19.83 | 16.20 | 14.05 | 12.77 | 13.43 |
|        43 | 12.02 | 11.35 | 18.98 | 12.47 | 17.44 | 13.34 | 15.69 | 17.36 | 11.21 | 13.60 | 22.87 | 24.24 | 17.97 | 13.88 | 13.55 | 18.15 | 24.67 | 18.34 | 13.22 | 26.66 |  9.19 |  5.17 | 23.06 | 24.73 | 12.55 | 16.15 | 11.28 | 13.77 |  6.93 | 23.58 | 17.87 | 10.08 | 12.84 |  6.94 | 13.34 | 20.47 | 17.06 | 14.04 | 12.80 | 13.66 |
|        44 | 12.02 | 10.77 | 19.77 | 14.39 | 17.07 | 12.92 | 13.49 | 18.04 | 14.35 | 13.60 | 23.26 | 24.19 | 18.82 | 14.34 | 14.36 | 17.87 | 23.95 | 19.54 | 13.96 | 26.51 |  7.66 |  5.83 | 23.62 | 23.38 | 11.14 | 16.51 | 11.13 | 14.60 |  8.15 | 22.91 | 17.88 |  9.83 | 12.97 |  6.90 | 13.30 | 21.61 | 17.63 | 14.40 | 12.58 | 14.05 |
|        45 | 12.20 |  9.75 | 19.77 | 15.54 | 16.60 | 12.84 | 14.96 | 18.01 | 16.46 | 12.83 | 23.37 | 19.19 | 19.69 | 14.29 | 14.67 | 17.22 | 24.11 | 20.10 | 13.91 | 25.45 |  8.38 |  6.17 | 23.57 | 22.16 | 10.37 | 16.54 | 10.52 | 15.59 |  8.26 | 22.53 | 17.22 |  8.09 | 12.90 |  7.03 | 13.29 | 22.71 | 18.69 | 15.17 | 13.25 | 14.58 |
|        46 | 12.50 |  9.22 | 19.32 | 15.70 | 16.36 | 12.65 | 15.48 | 18.44 | 12.42 | 14.36 | 23.35 | 15.03 | 19.76 | 13.54 | 14.90 | 17.76 | 23.48 | 19.57 | 13.02 | 24.54 |  8.76 |  6.49 | 22.80 | 20.86 | 10.65 | 16.36 | 10.13 | 15.57 |  7.93 | 21.04 | 17.09 |  7.42 | 12.14 |  6.99 | 13.32 | 22.71 | 19.67 | 15.92 | 13.69 | 15.25 |
|        47 | 12.58 |  9.65 | 19.14 | 15.43 | 16.48 | 12.74 | 15.81 | 18.48 | 13.20 | 14.96 | 22.43 | 13.32 | 18.86 | 13.44 | 14.90 | 18.41 | 20.39 | 16.80 | 12.01 | 23.39 |  9.19 |  6.57 | 20.64 | 18.69 | 11.22 | 15.07 |  9.94 | 14.57 |  7.08 | 18.95 | 17.22 |  7.32 | 12.37 |  5.98 | 12.93 | 21.33 | 20.23 | 15.92 | 13.67 | 15.41 |
|        48 | 12.48 |  9.65 | 18.69 | 14.86 | 16.40 | 12.64 | 18.03 | 17.77 | 14.59 | 14.81 | 21.07 | 13.74 | 17.40 | 13.14 | 13.80 | 18.52 | 18.10 | 14.78 | 11.15 | 21.62 |  9.28 |  6.72 | 18.97 | 15.79 | 11.00 | 14.05 | 10.69 | 13.19 |  6.48 | 17.44 | 16.43 |  6.63 | 12.39 |  5.13 | 12.29 | 19.68 | 20.23 | 14.71 | 13.19 | 15.40 |
|        51 | 12.00 |  6.68 | 15.81 | 16.25 | 12.70 | 11.09 | 16.25 | 15.97 | 19.28 | 12.61 | 16.29 | 15.58 | 17.30 | 11.63 | 14.28 | 17.40 | 17.24 | 15.52 |  9.56 | 19.04 |  8.15 |  4.84 | 17.00 | 10.07 |  6.93 | 10.30 | 10.27 | 15.53 |  6.79 | 11.95 | 11.81 |  4.28 | 13.13 |  3.17 | 12.27 | 16.04 | 15.53 | 13.92 | 10.43 | 11.47 |
|        54 | 11.63 |  5.31 | 14.02 | 13.26 | 11.27 | 10.76 | 19.12 | 13.99 | 25.21 |  7.64 | 15.38 | 11.07 | 12.75 |  9.56 |  8.24 | 16.99 | 14.92 | 11.26 |  6.91 | 17.19 |  7.24 |  7.27 | 13.04 |  9.63 |  5.65 |  8.05 |  7.90 | 10.23 | 13.22 |  8.49 | 10.53 |  7.01 | 14.79 |  9.01 | 12.50 | 15.45 | 12.02 | 13.04 |  6.80 |  9.84 |
|        57 | 11.66 |  4.34 | 11.67 | 11.44 |  8.42 |  9.47 | 14.67 | 11.00 | 28.55 |  6.69 | 12.64 | 10.78 | 10.57 |  5.78 |  6.18 | 14.85 | 11.09 | 11.76 |  6.61 | 14.30 |  7.42 | 18.53 |  7.89 |  7.65 |  3.45 |  4.93 |  5.69 | 10.49 | 20.62 |  5.71 |  8.39 | 17.79 | 16.26 | 13.08 | 13.87 | 15.69 | 10.14 | 12.51 |  4.25 |  8.23 |
|        60 | 13.41 | 14.67 | 12.05 | 13.74 |  9.57 |  7.88 | 12.10 | 12.30 | 30.28 |  8.24 |  7.66 | 11.03 |  6.49 |  3.23 | 11.45 | 16.25 | 10.56 |  9.85 |  7.90 | 10.03 |  8.11 | 19.48 |  8.21 |  7.18 |  7.33 |  9.86 |  4.68 | 25.75 | 23.68 |  5.78 |  9.90 | 18.42 | 13.19 | 13.70 | 11.94 | 18.16 |  7.53 | 11.80 |  7.79 |  6.83 |
|        63 |  8.27 | 20.70 |  9.25 | 11.55 |  3.44 |  9.41 |  9.51 |  5.32 | 26.10 | 11.66 |  9.53 |  8.81 |  6.05 |  6.59 | 25.66 | 16.53 |  4.19 | 11.63 | 11.53 | 11.88 |  4.74 | 16.58 | 10.17 |  3.31 | 14.52 | 21.04 |  1.74 | 25.70 | 21.11 |  8.18 |  3.74 | 21.44 | 10.05 | 14.64 | 11.92 | 16.25 |  6.32 |  8.26 | 11.28 |  5.81 |
|        66 | 11.46 | 22.94 | 10.09 | 13.95 |  5.88 |  9.51 |  5.79 |  5.77 | 24.55 | 14.93 |  8.85 |  9.92 |  9.63 |  7.76 | 23.29 | 18.04 |  5.64 |  7.26 | 18.42 |  8.90 |  6.17 | 17.72 | 10.49 |  4.97 | 18.48 | 19.80 |  6.26 | 24.65 | 23.29 |  9.63 |  2.46 | 23.29 |  6.97 | 10.81 | 12.15 | 15.68 |  9.78 |  7.56 | 17.69 |  9.82 |
|        69 | 20.25 | 18.47 | 11.00 | 14.96 |  7.21 |  9.04 |  7.82 | 10.72 | 24.66 | 14.71 |  9.93 |  8.90 | 11.11 | 10.71 | 19.45 | 16.08 |  2.85 |  1.76 | 18.79 | 12.02 |  6.64 | 17.69 | 11.51 |  1.47 | 17.98 | 18.61 |  8.54 | 16.45 | 21.78 |  8.98 |  5.34 | 21.86 | 12.01 | 12.10 |  7.72 | 15.10 | 14.41 |  9.40 | 20.19 | 10.15 |
|        72 | 17.90 | 15.46 | 14.32 | 18.83 |  5.96 | 12.23 |  7.82 | 11.35 | 22.86 | 15.65 |  9.94 |  9.07 | 10.74 | 10.03 | 17.56 | 17.09 |  4.63 |  5.55 | 18.04 | 13.17 |  7.15 | 16.45 |  9.36 |  6.60 | 18.25 | 11.47 | 13.47 | 15.26 | 19.67 |  6.84 |  7.07 | 21.23 |  8.28 | 10.98 |  8.86 | 11.82 | 20.98 | 14.05 | 16.29 | 11.46 |
|        78 | 12.38 | 12.67 | 15.10 | 14.94 | 11.74 | 12.36 | 16.02 | 19.82 | 16.68 | 15.84 | 10.92 |  9.86 | 15.52 | 10.06 | 15.49 | 11.78 |  5.51 | 11.57 |  8.68 |  6.59 |  9.71 | 15.50 | 10.82 |  8.65 | 18.53 | 17.13 | 19.97 | 19.64 | 17.18 |  7.26 | 10.73 | 14.76 |  7.98 | 10.10 |  1.83 | 15.17 | 16.86 | 13.05 | 11.83 | 13.65 |
|        84 | 20.29 | 21.53 | 18.52 | 18.79 | 16.53 | 17.97 | 18.82 |  9.92 | 11.31 | 19.08 | 18.80 | 13.77 | 23.96 | 17.07 | 13.57 | 10.39 |  5.97 | 11.49 | 12.63 | 13.60 | 15.36 | 23.94 | 19.87 | 16.34 | 18.46 | 22.32 | 19.90 | 22.87 | 14.62 |  5.67 | 20.17 | 20.24 | 12.65 | 12.60 | 10.02 | 21.31 | 14.11 | 19.11 | 17.26 | 17.85 |
|        90 | 14.19 | 20.92 | 18.41 | 16.89 | 17.30 | 13.96 | 18.62 | 12.35 | 11.39 | 24.56 | 16.16 |  5.59 | 16.48 | 20.18 | 13.73 | 17.00 |  9.62 | 15.95 | 16.59 | 12.96 | 14.55 |  7.56 | 15.30 | 14.37 | 12.47 | 17.78 | 16.91 | 15.62 | 11.58 | 10.16 | 12.20 | 14.19 |  5.62 | 19.02 |  8.96 | 14.50 | 14.16 | 20.24 | 19.51 | 16.92 |
|        96 |  7.88 | 12.45 | 14.75 | 20.05 | 14.80 |  9.90 | 16.56 | 15.42 | 11.95 | 17.22 | 11.01 |  9.70 | 11.00 | 18.66 | 16.35 | 14.40 |  9.95 | 11.31 | 18.14 | 15.49 | 12.82 |  7.78 | 11.20 |  8.97 |  6.86 | 12.27 |  9.63 | 12.78 |  9.62 | 11.01 |  7.37 | 10.16 | 16.96 | 20.24 | 10.05 | 12.16 | 11.19 | 12.44 | 12.57 | 19.23 |
|       102 |  7.80 | 10.56 |  9.49 | 15.40 | 15.14 |  9.60 | 16.24 | 16.54 | 14.29 | 10.04 |  6.70 |  9.18 | 11.20 | 16.51 | 14.28 | 10.11 | 12.15 | 12.00 | 14.25 | 14.31 | 11.79 |  7.17 |  8.88 |  9.68 |  9.17 | 13.42 |  7.06 | 13.88 |  6.91 | 21.36 |  8.14 |  7.27 | 17.69 | 16.65 | 14.02 |  9.49 | 10.90 |  9.54 |  9.92 | 17.01 |
|       108 |  9.81 |  9.53 | 13.59 | 19.72 | 15.59 | 11.14 | 19.10 | 15.90 | 17.15 | 10.00 | 10.61 | 16.07 | 11.18 | 20.26 |  8.91 | 11.93 | 12.29 |  9.73 | 10.49 | 18.79 | 14.63 |  9.01 | 17.39 | 14.27 | 13.19 | 15.47 |  9.06 | 21.61 | 11.67 | 19.96 | 11.55 | 11.46 | 20.35 | 16.79 | 12.29 | 13.67 | 12.26 |  8.93 | 10.34 | 16.56 |
|       114 | 13.03 |  8.68 | 14.18 |  9.46 | 15.11 | 10.27 | 21.57 | 17.62 | 16.38 | 11.32 | 15.21 | 10.05 | 12.91 | 15.58 |  8.87 | 13.81 | 13.98 |  7.12 |  8.74 | 16.80 | 12.99 | 10.02 | 14.80 | 19.23 | 13.99 | 17.10 |  8.88 | 18.90 | 13.53 | 11.72 | 14.48 | 13.43 | 15.84 | 16.76 | 11.44 |  9.65 | 13.95 | 12.86 |  7.33 | 12.11 |
|       120 | 12.83 |  7.22 | 19.41 | 10.31 | 13.35 | 11.00 | 17.93 | 18.34 | 14.74 | 12.39 | 22.99 | 12.78 | 14.18 | 21.66 |  8.87 | 19.03 | 20.68 |  8.32 | 13.36 | 13.22 | 15.04 |  9.27 | 18.10 | 23.24 | 13.74 | 16.26 | 11.31 | 19.03 | 17.58 |  9.55 | 20.91 | 14.27 | 14.62 | 23.84 | 13.24 | 12.30 | 16.23 | 18.40 | 11.50 | 12.46 |
