# variable: Direct Downward Shortwave Radiation, Average of Time Interval before fcst_hour
# units: W/m^2
# 
| fcst_hour |      1 |      2 |      3 |      4 |      5 |      6 |      7 |      8 |      9 |     10 |     11 |     12 |     13 |     14 |     15 |     16 |     17 |     18 |     19 |     20 |     21 |     22 |     23 |     24 |     25 |     26 |     27 |     28 |     29 |     30 |     31 |     32 |     33 |     34 |     35 |    36 |    37 |     38 |     39 |     40 |
|         1 |      0 |      0 |      0 |      0 |      0 |      0 |      0 |      0 |      0 |      0 |      0 |      0 |      0 |      0 |      0 |      0 |      0 |      0 |      0 |      0 |      0 |      0 |      0 |      0 |      0 |      0 |      0 |      0 |      0 |      0 |      0 |      0 |      0 |      0 |      0 |     0 |     0 |      0 |      0 |      0 |
|         2 |      0 |      0 |      0 |      0 |      0 |      0 |      0 |      0 |      0 |      0 |      0 |      0 |      0 |      0 |      0 |      0 |      0 |      0 |      0 |      0 |      0 |      0 |      0 |      0 |      0 |      0 |      0 |      0 |      0 |      0 |      0 |      0 |      0 |      0 |      0 |     0 |     0 |      0 |      0 |      0 |
|         3 |      0 |      0 |      0 |      0 |      0 |      0 |      0 |      0 |      0 |      0 |      0 |      0 |      0 |      0 |      0 |      0 |      0 |      0 |      0 |      0 |      0 |      0 |      0 |      0 |      0 |      0 |      0 |      0 |      0 |      0 |      0 |      0 |      0 |      0 |      0 |     0 |     0 |      0 |      0 |      0 |
|         4 |      0 |      0 |      0 |      0 |      0 |      0 |      0 |      0 |      0 |      0 |      0 |      0 |      0 |      0 |      0 |      0 |      0 |      0 |      0 |      0 |      0 |      0 |      0 |      0 |      0 |      0 |      0 |      0 |      0 |      0 |      0 |      0 |      0 |      0 |      0 |     0 |     0 |      0 |      0 |      0 |
|         5 |      0 |      0 |      0 |      0 |      0 |      0 |      0 |      0 |      0 |      0 |      0 |      0 |      0 |      0 |      0 |      0 |      0 |      0 |      0 |      0 |      0 |      0 |      0 |      0 |      0 |      0 |      0 |      0 |      0 |      0 |      0 |      0 |      0 |      0 |      0 |     0 |     0 |      0 |      0 |      0 |
|         6 |      0 |      0 |      0 |      0 |      0 |      0 |      0 |      0 |      0 |      0 |      0 |      0 |      0 |      0 |      0 |      0 |      0 |      0 |      0 |      0 |      0 |      0 |      0 |      0 |      0 |      0 |      0 |      0 |      0 |      0 |      0 |      0 |      0 |      0 |      0 |     0 |     0 |      0 |      0 |      0 |
|         7 |   0.10 |      0 |      0 |   0.10 |   0.30 |   0.10 |   0.10 |   0.20 |   0.20 |   0.40 |      0 |      0 |   0.10 |   0.10 |   0.10 |   0.10 |   0.20 |      0 |   0.10 |   0.50 |   0.10 |   0.40 |   0.30 |   0.20 |   0.20 |   0.20 |   0.30 |   0.60 |   0.30 |      0 |   0.10 |   0.10 |   0.10 |      0 |   0.10 |     0 |  0.10 |   0.20 |   0.10 |      0 |
|         8 |   3.40 |   2.70 |   4.10 |   6.90 |   9.00 |  15.60 |   5.40 |  11.60 |   2.60 |  10.70 |   1.00 |   0.70 |   5.40 |  16.90 |   4.70 |   9.30 |   4.90 |  14.10 |   6.40 |  21.70 |   7.80 |  10.90 |   7.70 |  11.80 |  10.80 |  10.40 |  10.90 |  22.90 |  12.20 |  12.60 |   4.20 |   6.90 |   4.40 |   2.10 |  15.40 | 11.90 |  4.20 |   7.30 |   2.90 |   8.00 |
|         9 |  31.80 |  34.20 |  29.50 |  11.80 |  64.40 |  74.50 |  16.70 |  38.60 |   0.10 |  29.70 |  64.20 |   0.40 |  17.00 |  68.50 |  15.60 |  32.70 |  23.30 |  48.80 |   3.40 |  86.00 |  35.60 |  27.80 |  29.20 |  34.70 |  66.90 |  35.90 |  33.90 |  78.40 |  39.50 |  64.90 |  17.10 |  23.90 |  35.20 |  11.90 |  65.90 | 41.40 | 39.80 |  29.30 |  41.60 |  38.50 |
|        10 |  72.30 |  89.30 |  51.10 |  21.60 | 127.60 |  78.60 |  25.70 |  36.10 |  11.50 |  48.50 | 100.50 |   4.50 |  39.80 |  74.40 |  82.40 |  46.90 |  37.50 |  81.30 |   1.20 |  93.70 |  54.30 |  15.70 |  24.00 |  32.30 | 122.00 |  39.60 |  43.80 | 131.70 |  38.60 |  86.10 |  22.50 |  38.40 |  50.20 |  34.80 |  74.80 | 30.00 | 59.40 |  51.40 |  78.20 |  59.60 |
|        11 |  25.00 |  40.20 |  18.40 |  24.60 | 113.00 |  22.80 |  56.70 |  22.80 |  16.10 |  63.90 |  45.80 |  28.80 | 111.80 |  49.40 | 139.40 |  33.30 |  22.20 | 126.80 |   9.40 |  36.10 |  22.10 |  41.00 |  28.80 |  11.20 |  92.50 |  23.00 |  52.80 | 167.40 |  45.70 |  32.10 |  43.90 |  93.20 |  79.80 |  13.70 |  63.70 | 14.70 | 62.90 | 114.70 |  86.40 |  26.10 |
|        12 |   2.10 |  11.50 |  13.70 |  17.00 |  37.60 |   6.30 |  30.20 |  10.50 |   2.90 |  19.30 |  35.50 |   7.50 |  35.60 |   8.60 |  76.90 |  35.30 |  40.30 |  70.80 |   7.30 |  28.80 |  14.50 |  28.40 |  10.80 |   1.40 |  37.80 |  21.20 |  48.30 |  96.30 |  52.90 |   5.10 |  19.10 |  28.40 |   8.90 |  23.50 |  11.50 | 43.10 | 29.60 |  55.70 |  49.00 |   3.00 |
|        13 |  20.10 |   5.30 |  18.90 |  52.00 |   6.20 |  21.70 |  13.60 |  12.40 |  15.30 |   8.80 |  25.40 |   6.10 |  46.70 |   7.80 |  39.50 |  50.90 |  15.90 |  25.60 |  10.40 |  37.20 |   7.20 |  25.80 |   2.40 |   6.40 |  30.70 |  40.30 |  18.90 |  16.10 |  26.30 |   4.20 |  16.70 |  43.70 |   5.90 |  16.10 |   8.90 | 61.30 | 26.10 |   8.10 |   8.90 |   2.90 |
|        14 |  94.60 |  14.90 |  17.40 |  11.00 |   0.50 |  10.00 |   5.60 |   8.00 |  27.00 |  20.10 |  29.30 |  15.00 |  36.80 |  14.10 |  32.60 |  18.20 |  27.50 |  21.00 |  43.40 |  20.90 |   4.00 |  16.50 |   5.10 |  12.80 |   1.10 |   9.10 |  41.10 |  18.60 |  16.10 |  19.10 |  34.20 |  72.90 |  20.60 |  12.00 |  38.20 | 22.30 | 45.70 |  21.30 |   7.40 |   7.60 |
|        15 |  29.90 |  15.40 |  25.10 |   2.90 |   8.90 |   5.60 |   2.00 |   3.70 |   9.00 |      0 |   0.60 |   6.10 |  20.10 |   7.20 |   5.90 |   9.50 |   8.10 |  21.80 |  23.50 |  10.70 |   5.80 |   3.20 |   2.10 |   9.10 |  11.30 |   0.30 |  13.40 |   3.30 |   0.10 |  18.60 |   5.70 |  22.20 |  26.60 |   0.80 |  34.80 |  8.90 | 11.30 |  12.70 |  28.20 |   0.90 |
|        16 |   0.20 |   2.90 |   0.90 |   0.50 |   2.60 |   1.20 |      0 |      0 |   0.90 |      0 |      0 |   1.40 |   3.40 |   1.50 |   0.50 |   0.10 |   2.20 |   1.70 |   0.30 |   0.40 |   1.30 |   0.10 |      0 |   0.50 |   3.30 |      0 |   0.80 |   1.30 |      0 |   4.70 |      0 |   0.20 |   2.90 |      0 |   4.50 |  4.20 |  0.40 |   2.20 |   3.10 |   0.10 |
|        17 |   0.10 |      0 |      0 |      0 |      0 |      0 |      0 |      0 |      0 |   0.10 |      0 |      0 |      0 |      0 |      0 |      0 |      0 |      0 |      0 |      0 |      0 |      0 |      0 |      0 |      0 |      0 |      0 |      0 |      0 |   0.10 |      0 |      0 |   0.10 |      0 |   0.10 |     0 |     0 |   0.10 |      0 |      0 |
|        18 |      0 |      0 |      0 |      0 |      0 |      0 |      0 |      0 |      0 |      0 |      0 |      0 |   0.10 |      0 |      0 |   0.10 |      0 |      0 |      0 |   0.10 |      0 |      0 |      0 |      0 |      0 |      0 |      0 |   0.10 |      0 |      0 |      0 |      0 |      0 |      0 |      0 |  0.10 |     0 |      0 |      0 |   0.10 |
|        19 |      0 |   0.10 |      0 |      0 |      0 |   0.10 |      0 |      0 |      0 |      0 |      0 |   0.10 |      0 |      0 |      0 |      0 |      0 |      0 |   0.10 |      0 |      0 |   0.10 |      0 |      0 |      0 |   0.10 |      0 |      0 |      0 |   0.10 |      0 |      0 |   0.10 |      0 |      0 |     0 |  0.10 |      0 |      0 |      0 |
|        20 |      0 |      0 |      0 |   0.10 |      0 |      0 |   0.10 |   0.10 |      0 |      0 |      0 |      0 |   0.10 |      0 |      0 |      0 |   0.10 |      0 |      0 |      0 |      0 |      0 |      0 |      0 |      0 |      0 |   0.10 |      0 |      0 |      0 |      0 |      0 |      0 |      0 |      0 |     0 |     0 |      0 |      0 |      0 |
|        21 |      0 |   0.10 |      0 |      0 |      0 |      0 |      0 |      0 |      0 |   0.10 |      0 |      0 |      0 |      0 |      0 |   0.10 |      0 |      0 |      0 |      0 |   0.10 |      0 |      0 |      0 |   0.10 |      0 |      0 |      0 |   0.10 |      0 |      0 |      0 |      0 |      0 |      0 |     0 |     0 |      0 |   0.10 |      0 |
|        22 |   0.10 |      0 |      0 |      0 |      0 |      0 |      0 |      0 |      0 |      0 |      0 |      0 |      0 |   0.10 |      0 |      0 |      0 |      0 |      0 |      0 |      0 |      0 |      0 |      0 |      0 |      0 |      0 |      0 |      0 |      0 |      0 |   0.10 |      0 |      0 |      0 |     0 |     0 |      0 |      0 |      0 |
|        23 |      0 |      0 |      0 |      0 |      0 |      0 |      0 |      0 |      0 |      0 |      0 |      0 |      0 |      0 |      0 |      0 |      0 |      0 |      0 |      0 |      0 |      0 |      0 |      0 |      0 |      0 |   0.10 |      0 |      0 |      0 |   0.10 |      0 |      0 |      0 |      0 |     0 |     0 |      0 |   0.10 |      0 |
|        24 |      0 |      0 |      0 |      0 |      0 |   0.10 |      0 |   0.10 |      0 |      0 |      0 |      0 |      0 |      0 |      0 |      0 |      0 |      0 |      0 |   0.10 |      0 |      0 |      0 |      0 |   0.10 |      0 |      0 |   0.10 |      0 |      0 |      0 |      0 |   0.10 |      0 |      0 |     0 |     0 |      0 |      0 |      0 |
|        25 |      0 |      0 |      0 |      0 |      0 |      0 |      0 |      0 |      0 |      0 |      0 |      0 |      0 |      0 |   0.10 |      0 |      0 |      0 |      0 |      0 |      0 |      0 |      0 |      0 |      0 |      0 |   0.10 |      0 |      0 |   0.10 |      0 |      0 |      0 |      0 |      0 |     0 |     0 |      0 |      0 |   0.10 |
|        26 |      0 |      0 |      0 |      0 |      0 |      0 |      0 |   0.10 |   0.10 |      0 |      0 |      0 |   0.10 |      0 |      0 |      0 |      0 |      0 |   0.10 |      0 |      0 |      0 |      0 |      0 |      0 |      0 |      0 |      0 |      0 |      0 |      0 |      0 |      0 |      0 |      0 |  0.10 |     0 |      0 |      0 |      0 |
|        27 |      0 |      0 |      0 |      0 |      0 |      0 |      0 |      0 |      0 |      0 |      0 |   0.10 |      0 |      0 |      0 |      0 |      0 |      0 |      0 |      0 |      0 |      0 |      0 |      0 |      0 |   0.10 |      0 |   0.10 |   0.10 |      0 |   0.10 |      0 |   0.10 |      0 |      0 |     0 |     0 |      0 |      0 |      0 |
|        28 |   0.10 |      0 |      0 |      0 |      0 |      0 |      0 |      0 |      0 |      0 |      0 |      0 |      0 |      0 |      0 |      0 |      0 |      0 |      0 |      0 |      0 |      0 |      0 |   0.10 |   0.10 |      0 |      0 |      0 |      0 |      0 |      0 |      0 |      0 |      0 |   0.10 |  0.10 |     0 |      0 |   0.10 |   0.10 |
|        29 |      0 |      0 |   0.10 |      0 |      0 |   0.10 |      0 |      0 |      0 |      0 |      0 |      0 |      0 |      0 |      0 |      0 |      0 |      0 |      0 |      0 |      0 |      0 |      0 |      0 |      0 |      0 |      0 |      0 |      0 |      0 |   0.10 |      0 |      0 |      0 |      0 |     0 |     0 |   0.10 |      0 |      0 |
|        30 |      0 |      0 |      0 |   0.10 |      0 |      0 |      0 |      0 |      0 |      0 |      0 |      0 |      0 |      0 |      0 |   0.10 |      0 |      0 |      0 |      0 |      0 |      0 |   0.10 |      0 |      0 |      0 |   0.10 |      0 |      0 |      0 |      0 |      0 |      0 |      0 |   0.10 |     0 |     0 |      0 |      0 |      0 |
|        31 |   0.10 |   0.20 |      0 |      0 |   0.10 |      0 |   0.10 |   0.10 |   0.10 |      0 |      0 |      0 |      0 |      0 |   0.10 |      0 |   0.10 |   0.10 |      0 |   0.50 |   0.10 |   0.10 |      0 |      0 |   0.10 |   0.10 |      0 |   0.10 |      0 |   0.10 |      0 |      0 |   0.10 |   0.10 |   0.90 |     0 |     0 |      0 |      0 |      0 |
|        32 |   0.60 |   7.70 |   1.50 |  18.00 |   0.20 |   0.10 |   2.50 |   7.50 |   0.10 |   2.10 |      0 |   0.30 |      0 |   0.10 |   2.80 |   0.10 |   8.00 |   1.00 |   0.40 |  11.20 |   0.40 |   0.10 |   0.40 |   0.30 |   4.00 |   0.20 |   0.60 |   0.30 |   0.20 |   1.90 |   0.20 |   0.30 |   1.80 |   0.20 |  27.50 |  3.80 |  1.30 |      0 |      0 |   5.60 |
|        33 |   4.60 |  19.10 |  37.10 |  98.00 |   5.60 |   5.50 |  61.20 |  42.20 |   1.30 |   5.70 |   3.00 |   0.30 |  10.70 |   5.40 |  25.80 |   0.30 |  37.90 |   2.00 |   0.70 |  23.50 |   7.20 |  14.50 |   4.80 |   3.80 |  30.90 |   0.50 |  21.60 |   2.50 |   2.90 |  16.60 |   5.10 |   0.80 |  31.90 |   0.20 | 106.50 | 22.80 |  0.30 |   3.70 |  16.10 |  82.50 |
|        34 |   0.40 |  37.50 | 100.20 | 161.50 |  15.40 |   4.50 |  89.80 |  75.60 |  20.40 |   5.00 |   0.50 |      0 |  67.00 |  17.90 |  48.50 |      0 |  73.60 |  10.20 |   8.40 |  35.70 |  69.50 |  32.00 |   0.70 |  12.10 | 126.40 |      0 |  16.00 |   4.80 |   8.70 |  62.50 |   3.00 |   0.30 |  39.70 |   2.30 | 177.60 | 50.00 |  0.50 |   1.40 |  76.80 | 177.90 |
|        35 |   2.40 |  57.80 | 102.90 | 173.60 |  31.80 |   8.30 |  70.10 |  22.40 |  42.00 |  50.60 |  12.80 |      0 | 139.60 |  17.60 |  41.60 |   4.50 | 103.80 |  17.20 |   4.20 |  24.80 | 113.70 |  46.60 |   0.40 |  41.80 | 196.30 |   2.30 |  27.80 |   1.50 |   4.20 | 152.40 |  22.80 |   1.30 |  35.00 |   2.60 | 155.50 | 70.20 |  5.80 |  11.50 | 161.80 | 213.40 |
|        36 |   2.60 |  44.80 |  52.80 | 122.30 |  23.30 |   6.70 |  94.40 |  23.80 |  77.70 |  59.00 |  29.90 |   0.30 | 109.50 |  39.50 |  21.20 |  15.90 | 129.40 |   8.70 |  11.80 |   5.90 |  84.90 |   7.20 |      0 |  29.60 | 161.60 |      0 |  15.30 |   6.00 |  15.50 |  68.60 |  35.10 |   0.20 |  25.00 |   2.30 |  72.50 | 26.70 |  1.50 |   1.20 | 263.20 | 190.00 |
|        37 |   6.30 |  53.10 |  22.70 |  30.20 |  11.20 |   9.00 | 139.50 |   5.60 |  52.60 |  54.70 |  12.60 |   1.10 |  75.40 |  14.10 |  20.10 |  12.00 | 100.70 |   3.60 |  21.60 |   2.90 |  96.90 |   6.10 |   0.90 |   6.40 | 109.60 |  61.70 |   3.50 |   8.70 |  12.50 |   4.60 |  21.70 |   0.60 |   6.20 |   1.70 |   7.70 |  6.80 |  0.20 |   2.50 | 237.90 |  70.70 |
|        38 |   3.90 |   2.60 |   5.10 |   1.00 |   1.10 |  20.40 |  76.20 |   9.00 |  11.10 |  26.90 |  13.90 |   0.20 |  12.60 |   7.80 |      0 |  18.20 |  30.80 |      0 |   3.20 |   0.60 |  48.00 |   2.70 |   2.00 |      0 |  74.40 |  48.80 |   1.10 |   7.10 |      0 |   1.90 |   2.60 |      0 |      0 |   3.70 |  13.60 |     0 |  4.20 |   9.00 | 135.00 |   2.00 |
|        39 |      0 |   1.20 |   3.80 |   0.60 |   0.80 |   1.60 |  16.90 |   4.40 |   2.50 |   3.70 |  15.70 |   1.00 |   8.00 |   8.00 |   9.80 |  12.40 |   8.40 |   2.20 |   0.80 |   2.80 |  22.10 |   2.20 |   0.40 |   0.50 |  15.00 |   8.00 |   0.10 |  17.40 |   1.20 |   0.30 |   2.10 |   0.80 |   0.70 |   1.20 |   3.30 |  0.90 |  1.90 |  10.00 |  41.20 |   1.50 |
|        40 |   0.20 |      0 |   0.50 |      0 |      0 |      0 |   2.20 |   0.50 |      0 |      0 |   1.30 |   0.30 |   2.70 |   0.50 |   2.00 |   0.80 |   0.10 |   0.50 |      0 |   1.10 |   1.20 |   0.30 |   0.20 |      0 |   1.20 |   0.20 |   0.20 |   0.60 |   0.20 |      0 |      0 |   0.10 |      0 |      0 |   0.80 |  0.10 |  0.10 |   0.60 |   3.60 |   0.30 |
|        41 |      0 |      0 |      0 |   0.10 |   0.10 |      0 |   0.10 |   0.20 |      0 |      0 |      0 |      0 |      0 |      0 |      0 |      0 |   0.10 |      0 |   0.10 |      0 |   0.20 |      0 |      0 |   0.10 |   0.20 |   0.20 |      0 |   0.10 |      0 |   0.10 |      0 |      0 |      0 |      0 |      0 |     0 |     0 |      0 |      0 |   0.20 |
|        42 |   0.10 |   0.10 |      0 |      0 |   0.10 |   0.10 |      0 |      0 |      0 |   0.10 |      0 |      0 |      0 |   0.10 |      0 |      0 |      0 |      0 |      0 |      0 |      0 |   0.10 |      0 |      0 |      0 |      0 |      0 |      0 |      0 |      0 |      0 |   0.10 |      0 |      0 |      0 |     0 |     0 |      0 |      0 |      0 |
|        43 |      0 |      0 |      0 |      0 |      0 |      0 |   0.10 |      0 |   0.10 |      0 |      0 |      0 |      0 |      0 |   0.10 |   0.10 |   0.10 |      0 |      0 |      0 |      0 |      0 |      0 |   0.10 |      0 |      0 |      0 |      0 |      0 |      0 |      0 |      0 |      0 |      0 |      0 |  0.10 |  0.10 |      0 |      0 |      0 |
|        44 |      0 |   0.10 |   0.10 |      0 |      0 |   0.10 |      0 |   0.10 |      0 |      0 |      0 |      0 |   0.10 |      0 |      0 |      0 |      0 |      0 |      0 |      0 |      0 |      0 |      0 |      0 |   0.10 |      0 |   0.10 |      0 |   0.10 |      0 |   0.10 |      0 |      0 |   0.10 |      0 |     0 |     0 |   0.10 |      0 |      0 |
|        45 |      0 |      0 |   0.10 |   0.10 |   0.10 |      0 |      0 |   0.10 |      0 |   0.10 |   0.10 |   0.10 |      0 |   0.10 |      0 |      0 |      0 |      0 |      0 |      0 |      0 |      0 |      0 |      0 |      0 |      0 |      0 |   0.10 |      0 |      0 |      0 |      0 |   0.10 |      0 |      0 |     0 |     0 |      0 |   0.10 |      0 |
|        46 |      0 |   0.10 |      0 |      0 |      0 |      0 |   0.10 |      0 |      0 |      0 |      0 |      0 |   0.10 |      0 |   0.10 |      0 |   0.10 |      0 |      0 |   0.20 |      0 |      0 |   0.10 |   0.10 |   0.10 |      0 |   0.10 |      0 |      0 |      0 |      0 |   0.10 |   0.10 |      0 |   0.10 |     0 |     0 |   0.10 |      0 |      0 |
|        47 |   0.10 |      0 |      0 |      0 |   0.10 |      0 |      0 |      0 |      0 |   0.10 |   0.10 |      0 |      0 |   0.10 |   0.10 |   0.10 |      0 |      0 |   0.10 |      0 |   0.10 |   0.10 |      0 |      0 |      0 |      0 |   0.10 |   0.10 |      0 |      0 |   0.10 |      0 |      0 |   0.10 |      0 |  0.10 |     0 |   0.10 |      0 |   0.10 |
|        48 |      0 |      0 |   0.10 |   0.10 |      0 |      0 |      0 |      0 |      0 |      0 |      0 |   0.10 |      0 |      0 |      0 |      0 |      0 |   0.20 |      0 |      0 |      0 |      0 |   0.10 |   0.10 |      0 |      0 |      0 |      0 |   0.10 |      0 |      0 |      0 |   0.10 |      0 |   0.10 |     0 |  0.10 |      0 |      0 |      0 |
|        51 |      0 |      0 |      0 |      0 |      0 |      0 |      0 |      0 |      0 |      0 |      0 |      0 |      0 |      0 |      0 |      0 |      0 |      0 |      0 |      0 |      0 |      0 |      0 |      0 |      0 |      0 |      0 |      0 |      0 |      0 |      0 |   0.10 |      0 |      0 |      0 |     0 |     0 |      0 |      0 |      0 |
|        54 |   0.10 |      0 |      0 |      0 |      0 |      0 |      0 |      0 |      0 |      0 |      0 |      0 |      0 |      0 |      0 |   0.10 |      0 |      0 |      0 |      0 |      0 |      0 |      0 |      0 |   0.10 |      0 |      0 |      0 |      0 |      0 |      0 |      0 |      0 |      0 |      0 |     0 |     0 |      0 |      0 |      0 |
|        57 |  60.70 |   7.80 |   0.70 |  23.40 |  58.50 |  15.20 |  12.50 |   2.80 |   2.70 |  11.40 |   5.40 |   8.30 |   1.30 |  26.90 |  13.50 |  14.50 |  10.50 |   1.80 |  14.40 |  35.80 |   2.70 |  15.10 |   2.40 |  13.80 |   1.80 |  13.20 |   7.30 |  12.10 |   4.50 |   5.60 |   6.80 |  37.90 |  59.00 |   0.30 |  22.60 |  2.80 | 16.80 |  14.70 |  32.00 |  26.10 |
|        60 | 266.10 |  11.40 |  51.90 | 126.80 | 139.40 |  16.90 | 125.20 |  14.70 |  54.40 |  18.20 | 145.50 |  19.60 |  84.60 | 159.10 |  14.00 |  61.70 | 116.50 |  21.10 |  15.50 |  12.70 |   7.90 | 110.50 |  18.60 | 140.00 |  13.70 | 137.30 |  68.70 |  15.80 |  10.80 |  89.00 | 125.60 |  51.80 | 228.70 |  73.80 | 126.60 | 26.70 | 39.20 | 106.80 |  81.80 | 140.70 |
|        63 | 187.30 |  86.60 |  12.70 |  76.00 |  89.40 |  72.30 | 108.60 |  30.10 | 140.90 | 136.10 | 151.10 |  53.50 | 123.60 | 136.50 |  87.30 |  80.70 | 115.40 | 110.20 | 126.60 |  26.40 |  68.40 | 112.30 |  74.80 | 127.10 |  98.30 | 118.30 | 111.10 |  59.30 |  18.20 | 186.70 | 116.40 |  41.10 |  54.00 |  38.80 |  42.20 | 99.50 |  6.50 | 152.10 |   5.50 | 116.00 |
|        66 |   7.20 |   6.50 |   0.50 |      0 |   2.00 |   3.80 |   1.20 |   4.00 |   5.90 |   7.00 |   4.30 |   5.60 |   5.60 |   5.90 |   1.70 |   3.40 |   6.90 |   3.70 |   5.80 |   0.30 |   5.20 |   4.80 |   5.90 |   5.40 |   5.50 |   2.60 |   3.30 |   5.50 |   4.80 |   6.80 |   5.30 |   5.80 |   2.30 |   3.60 |   1.70 |  6.20 |  0.30 |   5.80 |   1.10 |   2.90 |
|        69 |      0 |      0 |      0 |      0 |   0.10 |      0 |   0.10 |      0 |      0 |      0 |      0 |      0 |      0 |      0 |      0 |      0 |      0 |      0 |      0 |      0 |      0 |      0 |      0 |      0 |      0 |      0 |      0 |      0 |      0 |      0 |      0 |      0 |      0 |      0 |      0 |     0 |  0.10 |      0 |      0 |      0 |
|        72 |      0 |      0 |      0 |      0 |      0 |      0 |      0 |      0 |   0.10 |      0 |      0 |      0 |      0 |      0 |      0 |      0 |      0 |   0.10 |      0 |      0 |      0 |      0 |   0.10 |      0 |      0 |      0 |      0 |      0 |      0 |      0 |      0 |      0 |      0 |      0 |      0 |     0 |     0 |   0.10 |      0 |      0 |
|        78 |      0 |      0 |      0 |      0 |      0 |      0 |      0 |      0 |      0 |      0 |      0 |      0 |      0 |      0 |      0 |      0 |      0 |      0 |      0 |      0 |      0 |      0 |      0 |      0 |      0 |      0 |      0 |      0 |      0 |      0 |      0 |      0 |      0 |      0 |      0 |     0 |     0 |      0 |      0 |      0 |
|        84 | 130.00 | 145.50 |  58.10 |  89.60 |  72.40 |  83.80 |  65.60 | 108.10 | 141.20 |  73.00 | 132.10 |  47.40 |  77.30 | 151.20 | 133.30 |  50.60 |  58.60 |  66.60 |  69.10 |  65.90 | 134.70 | 144.40 |  38.10 |  96.40 |  98.50 |  79.30 |  66.40 |  50.80 | 106.80 |  51.60 | 129.20 | 146.80 | 139.60 | 141.80 | 145.80 | 84.30 | 43.80 |  70.40 | 121.20 |  61.10 |
|        90 |  62.00 |  55.30 |  52.10 |  23.30 |  42.50 |  34.00 |  25.60 |  93.50 |  73.00 |  88.30 |  92.20 |  62.40 |  16.80 |  89.80 |  69.30 |  45.70 |  94.60 |  48.30 |  75.10 |  93.10 |  96.80 |  56.50 |  50.50 |  77.20 |  89.90 |  40.60 |  85.70 |  51.90 |  77.30 |  60.00 |  92.70 |  75.90 |  96.90 |  77.40 |  91.50 | 68.80 | 37.60 |  82.10 |  83.20 |  38.30 |
|        96 |      0 |      0 |      0 |      0 |      0 |      0 |      0 |      0 |      0 |      0 |      0 |      0 |      0 |      0 |      0 |      0 |      0 |      0 |      0 |      0 |      0 |      0 |      0 |      0 |      0 |      0 |      0 |      0 |      0 |      0 |      0 |      0 |      0 |      0 |      0 |     0 |     0 |      0 |      0 |      0 |
|       102 |      0 |      0 |      0 |      0 |      0 |      0 |      0 |      0 |      0 |      0 |      0 |      0 |      0 |      0 |      0 |      0 |      0 |      0 |      0 |      0 |      0 |      0 |      0 |      0 |      0 |      0 |      0 |      0 |      0 |      0 |   0.10 |      0 |      0 |      0 |      0 |     0 |     0 |      0 |      0 |      0 |
|       108 |  28.10 |  64.00 | 155.50 | 158.00 | 156.40 | 103.70 | 158.60 |  72.30 |  78.60 | 148.30 | 114.40 | 120.50 |  10.50 | 157.20 |  19.30 | 148.90 |   9.50 | 147.50 |  66.40 | 161.40 | 158.60 | 129.30 | 141.90 |  50.60 | 139.20 | 143.60 | 155.60 | 116.90 | 137.10 |   3.70 | 146.30 | 147.20 | 124.30 |  88.20 | 145.00 | 74.90 |  3.80 |  33.20 | 150.20 | 136.10 |
|       114 |   4.60 |   5.60 |  96.90 |  95.30 |  91.00 |   8.10 |  96.20 |   8.30 |  77.70 |  81.70 |  53.00 |  46.00 |  24.00 |  96.00 |  26.30 |  72.90 |  29.60 |  93.40 |  62.80 |  96.90 |  92.30 |  24.50 |  39.90 |  15.10 |  93.60 |  93.10 |  91.40 |  48.70 |  58.80 |  36.10 |  89.40 |  94.20 |  62.30 |  35.60 |  83.10 | 15.70 | 12.40 |   1.70 |  80.90 |  22.70 |
|       120 |      0 |      0 |      0 |      0 |      0 |      0 |      0 |      0 |      0 |      0 |      0 |      0 |      0 |      0 |      0 |      0 |      0 |      0 |      0 |      0 |      0 |      0 |      0 |      0 |      0 |   0.10 |      0 |      0 |   0.10 |      0 |      0 |      0 |      0 |   0.10 |      0 |     0 |  0.10 |      0 |      0 |      0 |
