# variable: Direct Downward Shortwave Radiation, Average of Time Interval before fcst_hour
# units: W/m^2
# 
| fcst_hour |      1 |      2 |      3 |      4 |      5 |      6 |      7 |      8 |      9 |     10 |     11 |     12 |     13 |    14 |     15 |     16 |     17 |     18 |     19 |     20 |     21 |     22 |     23 |     24 |     25 |     26 |     27 |     28 |     29 |     30 |     31 |     32 |     33 |     34 |     35 |     36 |     37 |     38 |     39 |     40 |
|         1 |      0 |      0 |      0 |      0 |      0 |      0 |      0 |      0 |      0 |      0 |      0 |      0 |      0 |     0 |      0 |      0 |      0 |      0 |      0 |      0 |      0 |      0 |      0 |      0 |      0 |      0 |      0 |      0 |      0 |      0 |      0 |      0 |      0 |      0 |      0 |      0 |      0 |      0 |      0 |      0 |
|         2 |      0 |      0 |      0 |      0 |      0 |      0 |      0 |      0 |      0 |      0 |      0 |      0 |      0 |     0 |      0 |      0 |      0 |      0 |      0 |      0 |      0 |      0 |      0 |      0 |      0 |      0 |      0 |      0 |      0 |      0 |      0 |      0 |      0 |      0 |      0 |      0 |      0 |      0 |      0 |      0 |
|         3 |      0 |      0 |      0 |      0 |      0 |      0 |      0 |      0 |      0 |      0 |      0 |      0 |      0 |     0 |      0 |      0 |      0 |      0 |      0 |      0 |      0 |      0 |      0 |      0 |      0 |      0 |      0 |      0 |      0 |      0 |      0 |      0 |      0 |      0 |      0 |      0 |      0 |      0 |      0 |      0 |
|         4 |      0 |      0 |      0 |      0 |      0 |      0 |      0 |      0 |      0 |      0 |      0 |      0 |      0 |     0 |      0 |      0 |      0 |      0 |      0 |      0 |      0 |      0 |      0 |      0 |      0 |      0 |      0 |      0 |      0 |      0 |      0 |      0 |      0 |      0 |      0 |      0 |      0 |      0 |      0 |      0 |
|         5 |      0 |      0 |      0 |      0 |      0 |      0 |      0 |      0 |      0 |      0 |      0 |      0 |      0 |     0 |      0 |      0 |      0 |      0 |      0 |      0 |      0 |      0 |      0 |      0 |      0 |      0 |      0 |      0 |      0 |      0 |      0 |      0 |      0 |      0 |      0 |      0 |      0 |      0 |      0 |      0 |
|         6 |      0 |      0 |      0 |      0 |      0 |      0 |      0 |      0 |      0 |      0 |      0 |      0 |      0 |     0 |      0 |      0 |      0 |      0 |      0 |      0 |      0 |      0 |      0 |      0 |      0 |      0 |      0 |      0 |      0 |      0 |      0 |      0 |      0 |      0 |      0 |      0 |      0 |      0 |      0 |      0 |
|         7 |      0 |      0 |      0 |      0 |      0 |      0 |      0 |      0 |      0 |      0 |      0 |      0 |      0 |     0 |      0 |      0 |      0 |      0 |      0 |      0 |      0 |      0 |      0 |      0 |      0 |      0 |      0 |      0 |      0 |      0 |      0 |      0 |      0 |      0 |      0 |      0 |      0 |      0 |      0 |      0 |
|         8 |   6.20 |   6.40 |   8.00 |   7.60 |   5.00 |   6.80 |   7.70 |   6.50 |   5.90 |   7.90 |   9.80 |   9.20 |   0.90 |  8.10 |   6.90 |   4.90 |   5.10 |   7.60 |   4.00 |  13.90 |   6.70 |   6.40 |   9.80 |   7.60 |   6.70 |   4.30 |   3.80 |   9.80 |   4.50 |   6.90 |   7.90 |   4.40 |   7.90 |   9.30 |   8.60 |   8.00 |   7.00 |   7.20 |   7.80 |   3.70 |
|         9 |  34.10 |  26.20 |  35.80 |  40.60 |  21.20 |  32.00 |  34.80 |  34.40 |  32.10 |  49.90 |  52.30 |  53.10 |  13.00 | 38.70 |  37.60 |  25.90 |  35.80 |  37.70 |  34.50 |  71.60 |  16.70 |  39.50 |  53.00 |  37.50 |  34.90 |  31.10 |  24.30 |  41.30 |  36.10 |  42.80 |  45.30 |  30.90 |  38.70 |  38.60 |  46.80 |  29.40 |  49.50 |  44.80 |  40.90 |  20.00 |
|        10 |  81.60 |  73.40 |  70.20 |  70.60 |  43.00 |  62.30 |  76.10 |  73.30 |  59.30 | 106.60 | 109.00 | 114.30 |  60.30 | 69.00 |  87.90 |  51.30 |  77.10 |  69.60 |  74.40 | 136.20 |  37.80 |  85.00 |  93.10 |  91.30 |  75.20 |  67.50 |  56.70 |  94.30 |  99.40 |  99.30 |  80.00 |  65.00 |  83.20 |  71.70 | 102.50 |  72.10 | 110.60 |  92.90 |  68.70 |  51.60 |
|        11 | 118.50 | 119.60 | 108.10 | 104.30 |  88.60 | 101.10 | 122.00 | 115.30 |  98.60 | 148.40 | 150.50 | 169.90 | 116.60 | 54.30 | 125.70 |  90.40 | 115.70 | 120.00 |  98.70 | 176.50 |  77.00 | 116.90 | 146.00 | 157.00 |  98.60 | 115.60 |  99.20 | 145.60 | 146.20 | 134.70 | 146.00 | 105.00 | 125.80 | 112.90 | 156.40 | 117.30 | 165.50 | 116.40 | 105.90 | 118.50 |
|        12 | 134.20 | 133.10 | 124.60 | 124.50 |  94.40 | 131.40 | 147.40 | 138.90 | 126.40 | 147.10 | 161.10 | 172.30 | 109.20 | 54.90 | 139.70 | 118.00 | 142.30 | 150.40 | 108.20 | 172.40 |  98.50 |  67.70 | 165.40 | 166.00 | 114.70 | 151.90 | 124.50 | 158.20 | 143.50 | 137.10 | 152.30 | 112.60 | 141.40 | 150.60 | 161.00 | 123.80 | 171.40 | 135.40 | 132.10 | 103.90 |
|        13 | 110.00 | 108.70 |  91.60 | 111.60 |  80.80 | 113.20 | 116.20 | 112.70 | 113.20 | 121.20 | 125.10 | 129.50 |  84.50 | 58.20 | 109.30 |  90.40 | 116.80 | 126.20 |  96.70 | 122.60 | 102.00 |  26.30 | 134.60 | 119.70 | 103.00 | 123.30 | 106.50 | 125.80 |  62.90 | 111.90 | 119.20 | 103.90 | 119.00 | 120.90 | 124.80 |  94.20 | 131.20 | 116.00 | 106.30 |  56.30 |
|        14 |  46.90 |  52.00 |  39.20 |  57.60 |  38.20 |  52.50 |  56.90 |  57.20 |  63.00 |  61.20 |  49.70 |  61.40 |  14.30 | 25.20 |  57.60 |  40.60 |  55.70 |  63.50 |  48.20 |  33.90 |  56.60 |  15.40 |  66.30 |  53.60 |  52.70 |  58.40 |  57.10 |  64.10 |  10.20 |  61.40 |  63.10 |  57.60 |  63.10 |  64.10 |  60.70 |  53.20 |  62.80 |  52.10 |  53.20 |  33.60 |
|        15 |   3.00 |   4.10 |   2.80 |   6.70 |   3.30 |   3.60 |   6.00 |   6.70 |   8.00 |   7.50 |   3.90 |   7.40 |   1.30 |  2.30 |   6.70 |   2.70 |   7.20 |   7.80 |   5.40 |   1.90 |   6.30 |   4.00 |   7.90 |   4.60 |   5.30 |   7.40 |   7.00 |   7.80 |   0.60 |   7.40 |   7.50 |   7.00 |   7.80 |   8.20 |   6.00 |   7.00 |   6.80 |   3.80 |   5.40 |   2.50 |
|        16 |      0 |      0 |      0 |      0 |      0 |      0 |      0 |      0 |      0 |      0 |      0 |      0 |      0 |     0 |      0 |      0 |      0 |      0 |      0 |      0 |      0 |      0 |      0 |      0 |      0 |      0 |      0 |      0 |      0 |      0 |   0.10 |   0.10 |      0 |   0.10 |      0 |      0 |      0 |      0 |      0 |      0 |
|        17 |      0 |      0 |      0 |      0 |      0 |      0 |   0.10 |      0 |      0 |      0 |      0 |      0 |      0 |     0 |      0 |      0 |      0 |      0 |      0 |      0 |      0 |      0 |      0 |      0 |      0 |      0 |      0 |      0 |   0.10 |      0 |      0 |      0 |      0 |      0 |      0 |      0 |      0 |      0 |      0 |      0 |
|        18 |      0 |      0 |      0 |      0 |      0 |      0 |      0 |      0 |   0.10 |      0 |      0 |      0 |      0 |     0 |      0 |   0.10 |      0 |      0 |      0 |      0 |      0 |      0 |      0 |      0 |      0 |      0 |   0.10 |      0 |      0 |      0 |      0 |      0 |      0 |      0 |      0 |      0 |      0 |      0 |      0 |      0 |
|        19 |      0 |      0 |      0 |      0 |      0 |      0 |      0 |      0 |      0 |      0 |      0 |   0.10 |      0 |     0 |      0 |      0 |      0 |      0 |   0.10 |   0.10 |      0 |      0 |      0 |      0 |      0 |      0 |      0 |      0 |   0.10 |      0 |      0 |      0 |      0 |      0 |      0 |      0 |      0 |      0 |      0 |      0 |
|        20 |      0 |      0 |      0 |      0 |      0 |      0 |      0 |      0 |      0 |      0 |      0 |      0 |      0 |     0 |      0 |      0 |      0 |      0 |      0 |      0 |      0 |      0 |      0 |      0 |      0 |      0 |      0 |      0 |      0 |      0 |      0 |      0 |      0 |      0 |      0 |      0 |      0 |      0 |      0 |      0 |
|        21 |      0 |      0 |      0 |      0 |      0 |      0 |   0.10 |      0 |   0.10 |      0 |      0 |      0 |      0 |     0 |      0 |      0 |      0 |      0 |      0 |      0 |   0.10 |      0 |      0 |      0 |      0 |      0 |      0 |      0 |   0.10 |   0.10 |      0 |      0 |   0.10 |      0 |      0 |      0 |      0 |      0 |      0 |      0 |
|        22 |      0 |      0 |      0 |      0 |      0 |   0.10 |      0 |      0 |      0 |      0 |      0 |      0 |   0.10 |     0 |      0 |      0 |      0 |      0 |      0 |      0 |      0 |      0 |      0 |      0 |      0 |      0 |      0 |      0 |      0 |      0 |      0 |      0 |      0 |      0 |      0 |      0 |      0 |      0 |      0 |      0 |
|        23 |      0 |      0 |      0 |      0 |      0 |      0 |      0 |      0 |      0 |      0 |   0.10 |   0.10 |      0 |     0 |      0 |      0 |      0 |      0 |      0 |      0 |      0 |      0 |      0 |      0 |      0 |      0 |      0 |      0 |      0 |      0 |      0 |      0 |   0.10 |      0 |      0 |      0 |      0 |   0.10 |      0 |      0 |
|        24 |      0 |      0 |   0.10 |      0 |   0.10 |      0 |      0 |      0 |      0 |      0 |      0 |      0 |   0.10 |     0 |      0 |      0 |      0 |      0 |      0 |      0 |      0 |      0 |   0.10 |      0 |      0 |      0 |      0 |      0 |      0 |      0 |      0 |      0 |      0 |      0 |      0 |      0 |      0 |      0 |      0 |      0 |
|        25 |      0 |      0 |      0 |      0 |      0 |      0 |      0 |      0 |      0 |      0 |      0 |      0 |      0 |  0.10 |      0 |      0 |      0 |      0 |   0.10 |      0 |      0 |      0 |      0 |      0 |   0.10 |      0 |      0 |      0 |      0 |   0.10 |      0 |   0.10 |      0 |      0 |      0 |      0 |   0.10 |      0 |      0 |      0 |
|        26 |      0 |      0 |      0 |      0 |      0 |      0 |      0 |   0.10 |      0 |      0 |   0.10 |      0 |      0 |     0 |      0 |      0 |      0 |   0.10 |      0 |      0 |      0 |      0 |      0 |      0 |      0 |      0 |      0 |      0 |      0 |      0 |      0 |      0 |      0 |      0 |      0 |   0.10 |      0 |   0.10 |      0 |   0.10 |
|        27 |      0 |      0 |      0 |      0 |   0.10 |      0 |      0 |      0 |      0 |      0 |      0 |      0 |   0.10 |     0 |      0 |   0.10 |   0.10 |      0 |      0 |      0 |      0 |      0 |      0 |      0 |      0 |      0 |      0 |   0.10 |   0.10 |      0 |      0 |      0 |      0 |      0 |      0 |      0 |      0 |      0 |   0.10 |      0 |
|        28 |      0 |      0 |   0.10 |      0 |      0 |      0 |      0 |      0 |   0.10 |      0 |      0 |      0 |      0 |     0 |      0 |      0 |      0 |      0 |      0 |      0 |      0 |      0 |      0 |      0 |      0 |   0.10 |      0 |      0 |      0 |   0.10 |      0 |      0 |      0 |      0 |      0 |      0 |      0 |   0.10 |      0 |      0 |
|        29 |   0.10 |      0 |      0 |      0 |      0 |   0.10 |      0 |   0.10 |      0 |      0 |      0 |      0 |      0 |     0 |      0 |      0 |      0 |      0 |      0 |      0 |      0 |      0 |      0 |      0 |      0 |      0 |      0 |   0.10 |   0.10 |      0 |      0 |      0 |      0 |      0 |      0 |      0 |      0 |      0 |      0 |      0 |
|        30 |      0 |      0 |      0 |      0 |      0 |      0 |      0 |      0 |      0 |      0 |      0 |      0 |      0 |     0 |      0 |   0.10 |   0.10 |   0.10 |      0 |   0.10 |      0 |      0 |      0 |      0 |      0 |   0.10 |      0 |      0 |      0 |      0 |      0 |      0 |   0.10 |      0 |      0 |      0 |      0 |      0 |      0 |   0.10 |
|        31 |      0 |      0 |      0 |      0 |      0 |      0 |      0 |      0 |   0.10 |      0 |      0 |      0 |      0 |  0.10 |      0 |      0 |      0 |      0 |      0 |      0 |   0.10 |   0.10 |      0 |   0.10 |      0 |      0 |      0 |      0 |      0 |      0 |      0 |      0 |      0 |   0.10 |      0 |      0 |      0 |   0.10 |      0 |      0 |
|        32 |   4.60 |   3.40 |   2.70 |   0.10 |      0 |   0.20 |      0 |   5.60 |  10.60 |   0.30 |   1.50 |   0.90 |   5.90 |  2.90 |   3.40 |   2.30 |   0.30 |  10.40 |  10.80 |   6.90 |   7.60 |   8.90 |   8.10 |   0.30 |   1.30 |   9.60 |   7.60 |      0 |   3.20 |  10.30 |   0.70 |   4.90 |   5.10 |   2.80 |  11.30 |   1.20 |   0.90 |   1.10 |      0 |   0.60 |
|        33 |  28.40 |  36.70 |  15.60 |      0 |   1.30 |   0.10 |  17.90 |  24.90 |  53.50 |  20.70 |  10.40 |   0.90 |  53.70 | 11.50 |   6.60 |   7.40 |   2.70 |  38.80 |  52.40 |  41.80 |  36.60 |  53.20 |  40.20 |   0.60 |   1.00 |  64.80 |  48.50 |  11.80 |  21.00 |  61.70 |  12.70 |  46.40 |  32.80 |  29.30 |  56.10 |   6.40 |   3.90 |   7.90 |   3.10 |   2.50 |
|        34 |  67.40 | 114.20 |  31.20 |   4.30 |  29.00 |      0 |  50.90 |  31.00 |  79.70 |  46.60 |  16.60 |  22.30 | 119.80 | 30.20 |  30.40 |   2.80 |   4.20 |  75.50 |  92.70 |  85.30 |  61.60 |  94.80 |  69.90 |   4.90 |   3.40 | 119.40 | 115.60 |  49.60 |  44.30 | 117.00 |  56.60 | 110.90 |  51.60 |  35.60 | 112.70 |  21.60 |  11.10 |  19.60 |  17.50 |  11.00 |
|        35 |  93.50 | 132.60 |  19.80 |   7.20 |  85.00 |   7.80 | 109.50 |  33.60 | 139.90 |  34.50 |  22.90 |  53.40 | 156.20 | 21.10 |  30.00 |  23.10 |  10.50 |  92.30 | 116.60 |  94.20 |  68.10 |  83.50 |  99.70 |  39.10 |   7.50 | 161.10 | 163.20 |  74.60 |  40.10 | 152.20 |  90.10 | 137.30 |  58.60 |  38.50 | 131.70 |  25.70 |  45.10 |  20.60 |  38.70 |  33.20 |
|        36 |  86.20 |  84.30 |   5.70 |  19.70 | 126.60 |   9.00 | 106.80 |  20.10 |  98.70 |  48.60 |  25.00 |  32.00 | 156.30 | 27.10 |   0.50 |  55.90 |   4.00 |  56.20 |  74.10 | 123.70 | 100.70 | 105.40 |  63.80 |  68.00 |  10.10 | 161.10 | 151.10 |  90.10 | 102.60 | 144.90 | 127.70 | 131.20 |  56.90 |  55.20 | 100.70 |  28.90 | 113.80 |  27.80 |  20.10 |  54.10 |
|        37 |  51.00 |  42.30 |   5.90 |  24.50 | 106.40 |  12.40 |  58.80 |  10.50 |  49.00 |  39.60 |  47.50 |  19.20 | 108.30 | 32.00 |   5.10 |  39.20 |   2.30 |  32.60 |  56.50 | 108.90 |  80.20 |  63.70 |  30.10 |  30.40 |   4.20 | 122.10 | 105.10 |  81.30 |  37.00 | 108.70 | 112.60 |  87.80 |  27.10 |  25.00 |  73.20 |  45.00 |  94.20 |  51.90 |   1.10 |  83.30 |
|        38 |  38.40 |   9.40 |   2.00 |   3.30 |  43.70 |   2.20 |   7.10 |   4.00 |  26.70 |      0 |  33.00 |   6.10 |  36.70 |  1.70 |   0.10 |  10.70 |   0.70 |   4.60 |  37.50 |  23.70 |  27.30 |   6.70 |   1.20 |   3.30 |   2.10 |  48.20 |  40.90 |  41.10 |   1.60 |   8.30 |  36.50 |  41.30 |  11.30 |      0 |   9.90 |   6.70 |  26.90 |  28.40 |   0.70 |  30.40 |
|        39 |   2.80 |   0.20 |   0.20 |   0.10 |   5.70 |      0 |   0.40 |   0.10 |   1.00 |      0 |   2.60 |   0.20 |   2.00 |     0 |      0 |   0.10 |      0 |   0.30 |   0.50 |   1.20 |   2.30 |      0 |      0 |   0.10 |   0.10 |   2.30 |   3.20 |   4.60 |      0 |      0 |   1.30 |   4.80 |   0.80 |      0 |   0.10 |   0.10 |   2.10 |   4.30 |      0 |   1.80 |
|        40 |      0 |   0.10 |      0 |      0 |   0.10 |      0 |      0 |      0 |      0 |      0 |   0.10 |   0.10 |      0 |  0.10 |      0 |      0 |      0 |      0 |      0 |   0.10 |      0 |   0.10 |      0 |      0 |   0.10 |      0 |      0 |      0 |      0 |      0 |      0 |      0 |   0.10 |      0 |      0 |      0 |      0 |      0 |   0.10 |   0.10 |
|        41 |   0.10 |      0 |      0 |      0 |      0 |   0.10 |   0.10 |   0.10 |   0.10 |      0 |      0 |      0 |      0 |     0 |      0 |      0 |      0 |   0.10 |      0 |      0 |      0 |      0 |      0 |   0.10 |   0.10 |   0.10 |      0 |      0 |   0.10 |      0 |      0 |      0 |      0 |      0 |   0.10 |      0 |   0.10 |      0 |      0 |      0 |
|        42 |      0 |      0 |   0.10 |   0.10 |      0 |      0 |   0.10 |      0 |      0 |   0.10 |      0 |      0 |      0 |     0 |      0 |      0 |      0 |      0 |   0.10 |   0.10 |   0.10 |   0.10 |      0 |      0 |      0 |      0 |      0 |      0 |      0 |      0 |   0.10 |      0 |   0.10 |      0 |      0 |      0 |      0 |   0.10 |      0 |      0 |
|        43 |      0 |      0 |      0 |      0 |   0.10 |   0.10 |      0 |   0.10 |      0 |      0 |   0.10 |      0 |      0 |     0 |      0 |      0 |      0 |      0 |      0 |      0 |      0 |      0 |      0 |      0 |      0 |      0 |      0 |   0.10 |      0 |   0.10 |      0 |      0 |      0 |      0 |      0 |      0 |      0 |      0 |      0 |      0 |
|        44 |   0.10 |      0 |      0 |      0 |      0 |      0 |      0 |      0 |   0.10 |   0.10 |      0 |      0 |   0.10 |     0 |      0 |      0 |      0 |   0.10 |      0 |      0 |   0.10 |      0 |      0 |      0 |   0.10 |      0 |   0.10 |      0 |      0 |      0 |      0 |      0 |      0 |      0 |      0 |   0.10 |   0.10 |   0.10 |   0.10 |      0 |
|        45 |      0 |   0.10 |      0 |   0.10 |   0.10 |      0 |      0 |      0 |      0 |      0 |      0 |      0 |      0 |  0.10 |   0.10 |      0 |      0 |      0 |      0 |      0 |      0 |      0 |      0 |   0.10 |   0.10 |   0.10 |      0 |      0 |   0.10 |      0 |      0 |      0 |   0.10 |      0 |   0.10 |      0 |      0 |      0 |      0 |   0.10 |
|        46 |      0 |      0 |      0 |      0 |      0 |      0 |   0.10 |   0.10 |      0 |      0 |      0 |      0 |   0.10 |     0 |      0 |      0 |      0 |   0.10 |   0.10 |      0 |      0 |      0 |   0.10 |      0 |      0 |      0 |      0 |      0 |      0 |      0 |      0 |      0 |      0 |   0.10 |      0 |      0 |      0 |   0.10 |      0 |      0 |
|        47 |   0.10 |      0 |      0 |      0 |   0.10 |      0 |      0 |      0 |   0.10 |   0.10 |      0 |      0 |      0 |     0 |      0 |      0 |   0.10 |      0 |      0 |      0 |      0 |      0 |      0 |      0 |      0 |   0.10 |      0 |   0.10 |      0 |      0 |   0.10 |   0.10 |   0.10 |   0.10 |      0 |      0 |      0 |      0 |      0 |      0 |
|        48 |      0 |      0 |   0.20 |      0 |      0 |      0 |      0 |      0 |      0 |   0.10 |      0 |   0.10 |      0 |     0 |      0 |      0 |      0 |      0 |      0 |      0 |      0 |      0 |      0 |      0 |      0 |      0 |      0 |      0 |   0.10 |   0.10 |      0 |      0 |   0.10 |      0 |      0 |      0 |      0 |   0.20 |   0.10 |      0 |
|        51 |      0 |      0 |      0 |   0.10 |      0 |      0 |      0 |      0 |   0.10 |      0 |      0 |      0 |      0 |     0 |      0 |      0 |      0 |      0 |   0.10 |      0 |      0 |      0 |      0 |      0 |      0 |      0 |      0 |      0 |      0 |      0 |      0 |      0 |      0 |      0 |      0 |      0 |      0 |      0 |      0 |      0 |
|        54 |      0 |      0 |      0 |      0 |      0 |      0 |      0 |      0 |      0 |      0 |      0 |      0 |      0 |     0 |      0 |   0.10 |      0 |      0 |      0 |   0.10 |      0 |      0 |   0.10 |      0 |      0 |      0 |      0 |      0 |      0 |      0 |      0 |      0 |      0 |      0 |      0 |      0 |      0 |      0 |      0 |      0 |
|        57 |   0.20 |  10.90 |   2.30 |   0.10 |   0.30 |   5.10 |   0.20 |   7.40 |   0.10 |   0.60 |   1.80 |   0.10 |      0 |  0.30 |   3.80 |      0 |      0 |   0.10 |   0.40 |   1.20 |   0.10 |   0.50 |   0.10 |      0 |   0.70 |   5.00 |   3.30 |      0 |   0.90 |   1.50 |   4.00 |   0.40 |   0.50 |  11.60 |      0 |   0.50 |   0.10 |      0 |   0.50 |      0 |
|        60 |  11.50 |  26.80 |   0.90 |   6.70 |   7.40 |  10.70 |   2.00 |  26.30 |   7.80 |  17.40 |  16.10 |   1.70 |   1.50 |  6.90 |   8.90 |   0.60 |   4.30 |   0.50 |   6.20 |  14.00 |   4.70 |   7.10 |   1.40 |   1.20 |   2.90 |  41.90 |   8.00 |  10.60 |   1.90 |   6.80 |  11.90 |   5.40 |   3.00 |  36.40 |   4.30 |   4.50 |   5.20 |  10.20 |  11.20 |   1.40 |
|        63 |   3.40 |   3.00 |   0.70 |   5.20 |   3.00 |   0.20 |  10.90 |  11.00 |   2.90 |  12.20 |  15.10 |      0 |   1.80 |  1.00 |   0.50 |   0.90 |   0.40 |   3.00 |   0.20 |   8.90 |   9.30 |   4.00 |   0.80 |   0.40 |   0.20 |  11.00 |   0.30 |   0.80 |   1.20 |   7.90 |   8.90 |   2.10 |   4.90 |   6.80 |   3.20 |   3.70 |   3.90 |   0.20 |   3.20 |   2.30 |
|        66 |      0 |      0 |      0 |      0 |      0 |      0 |      0 |      0 |      0 |      0 |      0 |      0 |   0.10 |     0 |      0 |      0 |      0 |      0 |      0 |      0 |      0 |      0 |      0 |      0 |      0 |      0 |      0 |      0 |      0 |      0 |      0 |      0 |      0 |      0 |      0 |      0 |      0 |   0.10 |      0 |      0 |
|        69 |   0.10 |      0 |      0 |      0 |   0.10 |      0 |      0 |      0 |      0 |      0 |      0 |   0.10 |      0 |     0 |   0.10 |      0 |      0 |      0 |      0 |      0 |      0 |      0 |      0 |      0 |      0 |   0.10 |      0 |      0 |      0 |      0 |      0 |      0 |      0 |      0 |   0.10 |      0 |      0 |      0 |      0 |      0 |
|        72 |      0 |      0 |      0 |      0 |      0 |      0 |      0 |      0 |      0 |      0 |      0 |      0 |      0 |     0 |      0 |      0 |      0 |      0 |      0 |      0 |      0 |   0.10 |      0 |      0 |      0 |      0 |      0 |   0.10 |      0 |      0 |      0 |      0 |      0 |      0 |      0 |      0 |      0 |      0 |      0 |   0.10 |
|        78 |      0 |      0 |      0 |      0 |      0 |      0 |      0 |      0 |      0 |      0 |      0 |      0 |      0 |     0 |      0 |      0 |      0 |      0 |      0 |      0 |      0 |      0 |      0 |      0 |      0 |      0 |      0 |      0 |      0 |      0 |      0 |      0 |      0 |      0 |      0 |      0 |      0 |      0 |      0 |      0 |
|        84 |  23.90 |   1.20 |   5.00 |  79.00 |   3.30 |   7.80 |  64.90 |   1.60 |  75.60 |  11.40 |   1.00 |   9.20 |   1.00 |  1.10 |  25.40 |  87.50 |   6.30 |  48.90 |   1.20 |  22.20 |  31.80 |   0.80 |  36.40 |  18.70 |  91.30 |   1.90 |  17.00 |  60.40 |  36.10 |  40.20 |   7.90 |  44.80 |  28.40 |   3.70 |   1.80 |   2.00 |  24.30 |  86.60 |  82.20 |   8.50 |
|        90 |   3.70 |   0.60 |   3.80 |  22.30 |   1.20 |   1.20 |  19.00 |   0.70 |  30.20 |   4.00 |   0.20 |   0.90 |   0.20 |  0.10 |   4.00 |  26.30 |   0.80 |   8.10 |      0 |  11.30 |   7.90 |      0 |  24.70 |   5.70 |  28.60 |   1.10 |   3.40 |  29.90 |  13.20 |   7.10 |   3.70 |   1.80 |   5.80 |   3.50 |   0.90 |   0.20 |   7.60 |  29.40 |  31.40 |   1.20 |
|        96 |      0 |      0 |      0 |      0 |      0 |      0 |   0.10 |      0 |      0 |      0 |      0 |      0 |      0 |     0 |      0 |      0 |      0 |      0 |      0 |      0 |      0 |      0 |      0 |      0 |      0 |      0 |      0 |      0 |      0 |      0 |      0 |      0 |      0 |      0 |      0 |      0 |      0 |      0 |      0 |      0 |
|       102 |      0 |      0 |      0 |      0 |      0 |      0 |      0 |      0 |      0 |      0 |      0 |      0 |      0 |     0 |      0 |      0 |   0.10 |      0 |      0 |      0 |      0 |      0 |      0 |      0 |      0 |      0 |      0 |      0 |      0 |      0 |      0 |      0 |      0 |      0 |      0 |      0 |      0 |      0 |      0 |      0 |
|       108 |  80.10 |   3.70 |   0.40 |   0.40 |  78.60 |  87.70 |  31.20 |  11.90 |  58.80 |      0 |   1.40 |   7.00 |  16.10 |  4.70 |   1.90 |   0.10 |   0.80 |  20.30 |  83.70 |  77.50 |   2.00 |   0.60 |  23.00 |   0.70 |  29.40 |  70.20 |  14.10 |  14.10 |   0.60 |  23.00 |   0.10 |   1.20 |  62.30 |   0.60 |   3.60 |   6.80 |   1.10 |  51.40 |  13.30 |   1.00 |
|       114 |  28.70 |   2.60 |   0.60 |   0.20 |  28.40 |  29.60 |   4.70 |   2.10 |   7.30 |      0 |   0.30 |   1.80 |   6.10 |  1.80 |   1.00 |      0 |      0 |   4.90 |  30.60 |  22.90 |   0.50 |   1.50 |   6.00 |   0.50 |   4.50 |  18.10 |   4.50 |   1.40 |   0.70 |   2.90 |   0.10 |   1.20 |  17.90 |   2.50 |   0.10 |   1.20 |   0.50 |  13.50 |   1.10 |   0.40 |
|       120 |      0 |      0 |      0 |      0 |      0 |      0 |      0 |      0 |      0 |      0 |      0 |      0 |      0 |     0 |      0 |   0.10 |      0 |      0 |      0 |      0 |      0 |      0 |      0 |      0 |      0 |      0 |      0 |      0 |      0 |      0 |      0 |      0 |      0 |      0 |      0 |      0 |      0 |      0 |      0 |      0 |
