# variable: Total Cloud Cover
# units: percent
# 
| fcst_hour |      1 |      2 |      3 |      4 |      5 |      6 |      7 |      8 |      9 |     10 |     11 |     12 |     13 |     14 |     15 |     16 |     17 |     18 |     19 |     20 |     21 |     22 |     23 |     24 |     25 |     26 |     27 |     28 |     29 |     30 |     31 |     32 |     33 |     34 |     35 |     36 |     37 |     38 |     39 |     40 |
|         0 |      0 |      0 |      0 |      0 |      0 |      0 |      0 |      0 |      0 |      0 |      0 |      0 |      0 |      0 |      0 |      0 |      0 |      0 |      0 |      0 |      0 |      0 |      0 |  20.40 |      0 |      0 |      0 |      0 |      0 |      0 |      0 |      0 |      0 |      0 |      0 |      0 |      0 |      0 |      0 |      0 |
|         1 |      0 |  62.41 |      0 |   6.68 |      0 |      0 |      0 |  42.99 |  46.09 |      0 |      0 |      0 |      0 |      0 |  30.75 |      0 |      0 |      0 |      0 |      0 |      0 |      0 |      0 |  34.49 |  22.86 |  40.84 |      0 |  24.44 |  27.64 |      0 |      0 |      0 |      0 |  66.67 |      0 |      0 |      0 |      0 |      0 |      0 |
|         2 |      0 |  80.21 |      0 |  64.37 |      0 |  38.30 |  68.13 |  59.91 | 100.00 |  21.59 |  83.71 |      0 |  53.67 |      0 |  45.35 |  32.42 |  44.30 |  30.62 |   1.69 |   1.22 |  53.73 |  37.58 |      0 |  47.38 |  47.54 |  82.25 |      0 |  36.85 |  39.31 |   5.63 |      0 |  26.69 |  50.35 |  53.69 |      0 |   2.17 |  52.59 |      0 |  27.38 |  27.61 |
|         3 |  76.03 |  91.68 |  55.26 |  82.23 |  81.82 |  70.75 |  78.16 |  75.29 | 100.00 |  68.51 | 100.00 |  42.09 |  78.27 |  32.31 |  72.66 |  44.02 |  85.59 |  65.05 |  40.94 |      0 |  95.17 |  84.33 |  38.49 |  62.40 |  94.35 | 100.00 |  43.75 |  65.08 |  75.58 |  69.14 |  26.16 |  71.16 |  48.90 | 100.00 |  91.15 |  85.83 |  53.59 |  31.78 |  73.41 |  62.14 |
|         4 |  80.80 |  93.75 |  89.57 |  90.84 |  75.94 |  96.11 |  76.22 |  80.65 | 100.00 |  57.64 |  93.80 |  74.93 |  72.24 |  81.92 |  83.13 |  75.90 |  76.08 |  73.79 |  75.11 |  40.05 |  68.17 |  99.25 |  69.80 |  73.34 |  77.89 |  94.29 |  69.65 |  78.06 |  72.55 |  65.33 |  53.50 |  90.23 |  73.78 |  95.61 |  99.28 |  89.35 |  81.96 |  76.25 |  83.92 |  77.23 |
|         5 |  79.00 |  88.23 |  80.57 |  80.14 |  91.35 | 100.00 |  79.43 |  70.58 | 100.00 |  99.07 |  87.22 |  70.24 |  55.78 |  92.10 |  70.87 |  70.11 |  51.12 |  66.27 |  83.82 |  70.07 |  35.47 |  98.11 |  53.67 | 100.00 |  75.11 |  96.61 |  61.09 |  76.35 |  75.43 |  91.35 |  61.25 |  85.23 |  29.18 |  89.77 | 100.00 |  85.69 |  88.44 |  54.83 |  82.07 |  89.32 |
|         6 |  72.26 |  91.58 |  67.66 | 100.00 |  88.60 | 100.00 |  81.19 |  66.07 | 100.00 |  54.51 |  97.20 |  57.80 |  54.95 |  88.61 |  79.36 |  63.48 |  61.28 |  77.97 |  83.09 |  74.78 |  26.37 |  96.55 |  22.35 | 100.00 |  78.82 | 100.00 |  40.92 |  69.45 |  97.01 |  86.48 |  95.62 |  93.43 |  89.31 |  92.30 | 100.00 |  91.17 | 100.00 |  68.54 |  68.62 |  81.41 |
|         7 |  61.40 |  68.04 |  73.36 | 100.00 |  88.09 | 100.00 |  90.77 |  55.53 | 100.00 | 100.00 |  94.25 |  83.52 |  52.02 |  92.42 |  73.03 |  93.73 |  72.69 |  81.56 |  83.92 |  80.34 |  35.85 |  95.30 |  94.62 | 100.00 |  82.19 | 100.00 |  26.00 |  79.12 | 100.00 |  86.98 | 100.00 |  97.60 | 100.00 |  94.92 |  95.47 |  90.42 |  99.63 |  85.00 |  78.85 | 100.00 |
|         8 |  62.28 |  90.68 |  85.47 | 100.00 | 100.00 | 100.00 |  94.27 |  96.10 | 100.00 | 100.00 |  99.58 |  99.78 |  48.21 | 100.00 |  98.70 | 100.00 | 100.00 |  91.03 |  84.67 |  97.61 |  80.65 | 100.00 | 100.00 | 100.00 | 100.00 | 100.00 |  24.14 | 100.00 | 100.00 |  99.01 | 100.00 |  75.96 | 100.00 | 100.00 |  70.50 |  95.55 | 100.00 | 100.00 | 100.00 | 100.00 |
|         9 |  52.85 | 100.00 | 100.00 | 100.00 | 100.00 | 100.00 | 100.00 | 100.00 | 100.00 | 100.00 | 100.00 | 100.00 |  98.38 | 100.00 | 100.00 |  98.10 | 100.00 | 100.00 |  62.59 |  95.94 |  99.50 | 100.00 |  99.33 | 100.00 | 100.00 | 100.00 |  18.57 | 100.00 |  99.18 | 100.00 | 100.00 | 100.00 | 100.00 | 100.00 |  63.28 | 100.00 | 100.00 | 100.00 |  97.41 | 100.00 |
|        10 |  63.28 |  96.24 |  99.12 | 100.00 |  99.79 |  99.43 |  99.55 | 100.00 |  99.92 |  99.99 |  98.62 |  92.11 |  70.86 |  98.42 |  94.92 |  99.82 | 100.00 | 100.00 |  57.40 |  94.87 |  55.16 |  96.40 |  85.67 |  97.05 |  99.93 | 100.00 |  99.84 | 100.00 |  97.54 | 100.00 | 100.00 |  98.84 |  98.38 | 100.00 | 100.00 | 100.00 |  98.86 |  99.74 |  99.58 | 100.00 |
|        11 |  15.06 |  97.16 |  87.04 | 100.00 |  98.25 |  99.06 |  94.78 |  94.90 | 100.00 |  90.42 |  98.07 |  81.49 |  68.78 |  99.60 |  93.84 |  96.86 | 100.00 |  99.54 |  74.92 |  76.83 |  58.75 |  92.43 |  80.12 |  72.99 |  98.58 | 100.00 |  72.78 |  95.64 |  96.77 |  89.61 |  98.39 |  95.30 | 100.00 | 100.00 |  34.13 | 100.00 | 100.00 |  94.62 |  99.45 | 100.00 |
|        12 |  47.05 |  94.18 |  89.69 |  98.41 |  97.53 |  97.09 |  94.45 |  98.08 | 100.00 |  94.14 |  97.42 |  68.67 |  55.80 | 100.00 |  60.92 |  97.57 | 100.00 |  99.35 |  92.78 |  47.57 |   2.69 |  93.69 |  96.61 |  57.90 |  99.68 |  96.76 |  68.61 |  91.35 |  96.86 |  39.10 | 100.00 |  87.35 | 100.00 |  99.01 |  14.36 | 100.00 | 100.00 |  91.89 | 100.00 | 100.00 |
|        13 |  67.83 |  88.26 | 100.00 |  99.66 | 100.00 | 100.00 |  96.83 | 100.00 | 100.00 | 100.00 | 100.00 |  99.43 |  52.54 | 100.00 |  55.96 | 100.00 | 100.00 |  89.31 |  98.98 | 100.00 |  11.78 |  96.68 | 100.00 |  14.27 |  78.96 |  98.42 |  40.02 |  93.31 |  94.60 | 100.00 | 100.00 |  84.75 | 100.00 | 100.00 |  79.05 | 100.00 | 100.00 |  77.67 | 100.00 |  97.40 |
|        14 |  94.05 |  88.79 | 100.00 | 100.00 | 100.00 | 100.00 |  98.20 | 100.00 | 100.00 | 100.00 | 100.00 | 100.00 |      0 | 100.00 |  95.17 | 100.00 |  99.95 |  98.29 | 100.00 | 100.00 | 100.00 | 100.00 | 100.00 |  96.09 | 100.00 | 100.00 |  61.89 | 100.00 |  91.18 | 100.00 | 100.00 |  55.52 | 100.00 | 100.00 | 100.00 | 100.00 | 100.00 | 100.00 |  96.68 |  95.73 |
|        15 | 100.00 |  97.11 |  95.26 | 100.00 | 100.00 | 100.00 | 100.00 | 100.00 | 100.00 | 100.00 |  99.58 |  95.46 |  76.63 | 100.00 | 100.00 | 100.00 |  95.84 | 100.00 | 100.00 | 100.00 | 100.00 | 100.00 |  83.65 | 100.00 | 100.00 | 100.00 |  58.25 | 100.00 |  97.42 | 100.00 | 100.00 |  75.54 | 100.00 | 100.00 | 100.00 | 100.00 | 100.00 |  98.83 | 100.00 |  99.14 |
|        16 | 100.00 | 100.00 |  95.11 |  85.86 | 100.00 | 100.00 |  94.24 | 100.00 | 100.00 |  95.11 |  99.13 |  92.49 |  92.78 | 100.00 | 100.00 | 100.00 |  89.59 | 100.00 | 100.00 | 100.00 | 100.00 | 100.00 | 100.00 | 100.00 | 100.00 | 100.00 |  84.14 | 100.00 | 100.00 |  98.57 | 100.00 | 100.00 | 100.00 | 100.00 | 100.00 | 100.00 |  99.90 |  88.59 |  96.32 | 100.00 |
|        17 | 100.00 | 100.00 |  91.29 |   9.81 |  87.49 |  94.94 |  92.83 | 100.00 |  95.00 | 100.00 | 100.00 |  74.23 |  72.91 |  80.21 | 100.00 |  97.77 |  89.04 | 100.00 |  99.12 |  94.83 | 100.00 |  80.57 |  99.15 |  90.85 |  91.19 | 100.00 |  82.25 |  96.90 |  80.56 |  95.08 |  97.88 | 100.00 | 100.00 | 100.00 |  98.50 | 100.00 |  77.50 |  92.66 |  98.74 |  87.46 |
|        18 | 100.00 | 100.00 |  81.53 |  20.41 | 100.00 |  92.90 | 100.00 | 100.00 |  93.26 |  91.01 | 100.00 | 100.00 | 100.00 | 100.00 | 100.00 |  93.34 | 100.00 |  84.67 |  66.70 | 100.00 | 100.00 |  76.77 |  96.54 |  70.37 |  99.97 |  84.98 |  99.51 |  89.62 |  91.74 |  93.81 |  89.96 | 100.00 |  99.67 | 100.00 |  99.35 | 100.00 |  71.06 |  40.06 | 100.00 |  33.11 |
|        19 | 100.00 | 100.00 |  66.62 |  30.54 | 100.00 |  93.03 |  98.34 | 100.00 |  82.93 |  87.81 | 100.00 |  74.69 | 100.00 |  94.70 | 100.00 |  98.59 |  76.13 |  65.74 |  76.84 |  96.33 | 100.00 | 100.00 | 100.00 |  89.42 | 100.00 |  96.78 | 100.00 |  89.84 |  97.35 | 100.00 |  91.99 |  96.70 |  97.93 |  90.11 |  92.95 | 100.00 |  98.32 |  92.02 | 100.00 |  72.12 |
|        20 | 100.00 | 100.00 |  65.35 | 100.00 | 100.00 |  94.22 | 100.00 |  99.48 |  81.32 |  94.25 |  99.88 |  92.48 |  87.80 |  78.33 | 100.00 |  96.52 |  94.73 |  65.46 |  93.74 |  95.99 |  96.66 | 100.00 | 100.00 |  95.33 | 100.00 | 100.00 | 100.00 | 100.00 |  93.95 |  95.14 | 100.00 | 100.00 |  99.99 |  98.05 | 100.00 | 100.00 |  93.33 |  98.84 | 100.00 |  98.52 |
|        21 | 100.00 |  88.36 |  97.23 | 100.00 | 100.00 |  96.07 | 100.00 |  95.13 |  99.70 | 100.00 |  97.54 |  98.41 | 100.00 | 100.00 | 100.00 | 100.00 |  98.57 |  79.99 |  99.51 | 100.00 |  96.01 | 100.00 | 100.00 |  74.57 | 100.00 | 100.00 |  91.55 | 100.00 |  93.39 |  90.68 | 100.00 | 100.00 | 100.00 | 100.00 | 100.00 | 100.00 |  84.17 | 100.00 | 100.00 | 100.00 |
|        22 | 100.00 |  85.66 | 100.00 | 100.00 | 100.00 | 100.00 | 100.00 |  99.64 | 100.00 | 100.00 | 100.00 |  96.02 | 100.00 | 100.00 | 100.00 | 100.00 | 100.00 |  96.19 | 100.00 |  99.97 |  92.90 | 100.00 | 100.00 | 100.00 | 100.00 |  95.51 |  96.08 | 100.00 | 100.00 | 100.00 | 100.00 | 100.00 | 100.00 | 100.00 | 100.00 | 100.00 |  77.53 |  91.17 | 100.00 |  93.26 |
|        23 | 100.00 | 100.00 | 100.00 | 100.00 | 100.00 | 100.00 | 100.00 | 100.00 | 100.00 | 100.00 | 100.00 | 100.00 |  85.78 | 100.00 | 100.00 | 100.00 | 100.00 | 100.00 | 100.00 | 100.00 | 100.00 | 100.00 | 100.00 | 100.00 | 100.00 | 100.00 | 100.00 | 100.00 |  99.90 |  98.84 | 100.00 | 100.00 | 100.00 | 100.00 | 100.00 | 100.00 |  92.22 | 100.00 | 100.00 |  95.06 |
|        24 | 100.00 |  96.34 | 100.00 | 100.00 | 100.00 | 100.00 | 100.00 | 100.00 | 100.00 | 100.00 |  99.07 | 100.00 |  99.24 | 100.00 | 100.00 | 100.00 | 100.00 | 100.00 | 100.00 | 100.00 |  95.33 | 100.00 | 100.00 |  98.90 | 100.00 | 100.00 | 100.00 | 100.00 | 100.00 | 100.00 | 100.00 | 100.00 | 100.00 | 100.00 | 100.00 | 100.00 | 100.00 | 100.00 | 100.00 |  91.91 |
|        25 | 100.00 |  98.21 | 100.00 |  94.30 | 100.00 | 100.00 | 100.00 |  99.43 | 100.00 | 100.00 | 100.00 | 100.00 |  97.00 | 100.00 |  95.91 | 100.00 | 100.00 | 100.00 | 100.00 | 100.00 | 100.00 | 100.00 | 100.00 | 100.00 | 100.00 | 100.00 |  99.59 | 100.00 | 100.00 |  99.86 | 100.00 | 100.00 | 100.00 | 100.00 | 100.00 | 100.00 |  84.82 |  99.87 | 100.00 | 100.00 |
|        26 | 100.00 |  99.96 | 100.00 | 100.00 | 100.00 | 100.00 | 100.00 |  99.97 | 100.00 | 100.00 |  99.49 | 100.00 | 100.00 | 100.00 |  97.99 |  98.61 | 100.00 | 100.00 | 100.00 | 100.00 | 100.00 | 100.00 | 100.00 | 100.00 | 100.00 | 100.00 | 100.00 | 100.00 | 100.00 | 100.00 | 100.00 | 100.00 | 100.00 | 100.00 |  99.18 | 100.00 | 100.00 | 100.00 | 100.00 | 100.00 |
|        27 | 100.00 | 100.00 | 100.00 |  99.86 | 100.00 | 100.00 | 100.00 |  99.84 | 100.00 | 100.00 |  97.85 | 100.00 | 100.00 | 100.00 | 100.00 | 100.00 | 100.00 | 100.00 | 100.00 |  97.79 | 100.00 | 100.00 | 100.00 | 100.00 | 100.00 | 100.00 |  99.70 | 100.00 | 100.00 | 100.00 | 100.00 | 100.00 | 100.00 | 100.00 |  97.84 | 100.00 | 100.00 | 100.00 | 100.00 |  98.60 |
|        28 | 100.00 |  97.73 | 100.00 | 100.00 |  99.91 |  99.51 | 100.00 |  99.62 | 100.00 | 100.00 | 100.00 | 100.00 | 100.00 | 100.00 | 100.00 | 100.00 | 100.00 | 100.00 | 100.00 | 100.00 | 100.00 | 100.00 | 100.00 | 100.00 | 100.00 | 100.00 |  95.98 | 100.00 | 100.00 | 100.00 | 100.00 | 100.00 | 100.00 | 100.00 | 100.00 | 100.00 | 100.00 | 100.00 | 100.00 |  95.18 |
|        29 | 100.00 | 100.00 | 100.00 | 100.00 |  99.53 | 100.00 | 100.00 | 100.00 | 100.00 | 100.00 |  96.66 | 100.00 | 100.00 | 100.00 |  99.77 | 100.00 | 100.00 | 100.00 | 100.00 |  90.95 |  99.81 | 100.00 | 100.00 | 100.00 | 100.00 | 100.00 | 100.00 | 100.00 | 100.00 | 100.00 | 100.00 | 100.00 | 100.00 | 100.00 | 100.00 | 100.00 | 100.00 | 100.00 | 100.00 |  99.20 |
|        30 | 100.00 | 100.00 | 100.00 | 100.00 | 100.00 | 100.00 | 100.00 | 100.00 | 100.00 | 100.00 | 100.00 | 100.00 | 100.00 | 100.00 |  99.55 | 100.00 |  99.91 | 100.00 | 100.00 |  85.17 | 100.00 | 100.00 | 100.00 | 100.00 | 100.00 | 100.00 | 100.00 | 100.00 | 100.00 | 100.00 | 100.00 | 100.00 | 100.00 | 100.00 | 100.00 | 100.00 | 100.00 | 100.00 |  99.83 | 100.00 |
|        31 | 100.00 | 100.00 | 100.00 | 100.00 | 100.00 | 100.00 | 100.00 | 100.00 | 100.00 | 100.00 | 100.00 | 100.00 |  99.85 | 100.00 | 100.00 | 100.00 | 100.00 | 100.00 | 100.00 |  78.16 | 100.00 | 100.00 | 100.00 | 100.00 | 100.00 | 100.00 | 100.00 | 100.00 | 100.00 | 100.00 | 100.00 | 100.00 | 100.00 | 100.00 | 100.00 | 100.00 | 100.00 | 100.00 |  95.78 | 100.00 |
|        32 | 100.00 | 100.00 | 100.00 | 100.00 | 100.00 | 100.00 |  99.76 | 100.00 | 100.00 |  99.86 | 100.00 | 100.00 | 100.00 | 100.00 | 100.00 | 100.00 | 100.00 | 100.00 | 100.00 |  87.39 | 100.00 | 100.00 | 100.00 | 100.00 |  99.13 | 100.00 | 100.00 | 100.00 | 100.00 |  98.10 | 100.00 | 100.00 | 100.00 | 100.00 | 100.00 | 100.00 | 100.00 |  99.58 |  95.91 | 100.00 |
|        33 | 100.00 | 100.00 | 100.00 | 100.00 | 100.00 | 100.00 | 100.00 | 100.00 |  99.79 | 100.00 | 100.00 | 100.00 | 100.00 | 100.00 | 100.00 |  99.06 | 100.00 | 100.00 | 100.00 | 100.00 | 100.00 |  98.87 | 100.00 | 100.00 |  94.19 | 100.00 | 100.00 | 100.00 | 100.00 |  99.88 | 100.00 | 100.00 | 100.00 | 100.00 | 100.00 | 100.00 | 100.00 |  99.69 |  96.90 | 100.00 |
|        34 |  98.01 |  97.02 |  93.81 | 100.00 | 100.00 |  98.55 | 100.00 | 100.00 |  98.12 | 100.00 | 100.00 | 100.00 | 100.00 | 100.00 | 100.00 |  98.68 | 100.00 | 100.00 | 100.00 |  97.47 | 100.00 |  95.30 |  99.98 | 100.00 |  93.58 | 100.00 | 100.00 | 100.00 | 100.00 |  99.82 |  98.51 | 100.00 | 100.00 | 100.00 | 100.00 | 100.00 | 100.00 |  91.18 | 100.00 | 100.00 |
|        35 |  95.34 |  93.50 |  95.62 | 100.00 | 100.00 |  96.70 | 100.00 | 100.00 |  95.95 | 100.00 | 100.00 | 100.00 | 100.00 | 100.00 | 100.00 | 100.00 |  97.64 | 100.00 |  99.56 |  90.76 | 100.00 |  95.32 |  97.50 | 100.00 |  98.04 | 100.00 | 100.00 | 100.00 |  97.72 |  99.54 |  96.71 | 100.00 | 100.00 | 100.00 | 100.00 | 100.00 | 100.00 |  90.84 | 100.00 | 100.00 |
|        36 | 100.00 |  97.60 |  96.07 | 100.00 | 100.00 |  93.75 | 100.00 |  96.99 |  97.19 | 100.00 | 100.00 | 100.00 | 100.00 | 100.00 | 100.00 | 100.00 |  96.17 | 100.00 |  93.74 |  83.66 | 100.00 | 100.00 | 100.00 | 100.00 |  98.85 | 100.00 | 100.00 | 100.00 |  95.44 | 100.00 |  96.43 |  96.25 | 100.00 | 100.00 |  98.88 | 100.00 | 100.00 |  90.96 | 100.00 | 100.00 |
|        37 | 100.00 |  87.58 |  97.22 | 100.00 | 100.00 |  93.54 | 100.00 |  95.30 |  93.24 |  98.29 |  98.48 | 100.00 | 100.00 |  98.67 | 100.00 | 100.00 |  96.46 | 100.00 | 100.00 |  87.98 | 100.00 |  97.04 | 100.00 | 100.00 | 100.00 | 100.00 | 100.00 | 100.00 |  99.17 | 100.00 |  95.61 |  99.88 | 100.00 |  95.80 |  98.99 | 100.00 |  94.44 | 100.00 | 100.00 | 100.00 |
|        38 |  96.25 | 100.00 |  95.70 | 100.00 | 100.00 | 100.00 | 100.00 |  99.44 |  98.60 |  98.50 |  95.94 | 100.00 | 100.00 |  96.55 | 100.00 |  99.54 |  95.10 |  99.79 | 100.00 | 100.00 | 100.00 | 100.00 | 100.00 | 100.00 |  99.86 | 100.00 | 100.00 | 100.00 | 100.00 | 100.00 | 100.00 |  99.73 | 100.00 |  94.80 |  98.49 | 100.00 |  93.59 |  90.13 | 100.00 |  99.99 |
|        39 |  97.69 | 100.00 |  91.63 |  97.33 | 100.00 | 100.00 | 100.00 | 100.00 | 100.00 | 100.00 | 100.00 | 100.00 | 100.00 |  99.84 | 100.00 | 100.00 |  97.92 |  92.37 | 100.00 | 100.00 |  97.51 | 100.00 | 100.00 | 100.00 | 100.00 | 100.00 | 100.00 | 100.00 |  99.97 | 100.00 | 100.00 |  94.95 | 100.00 |  97.00 | 100.00 | 100.00 |  98.29 |  93.95 | 100.00 | 100.00 |
|        40 | 100.00 | 100.00 |  94.39 |  96.58 |  99.84 | 100.00 | 100.00 | 100.00 |  95.29 | 100.00 | 100.00 | 100.00 | 100.00 | 100.00 | 100.00 | 100.00 | 100.00 |  91.30 | 100.00 | 100.00 |  97.62 | 100.00 | 100.00 | 100.00 | 100.00 |  92.16 |  95.20 |  98.84 |  99.95 |  99.22 | 100.00 | 100.00 | 100.00 | 100.00 | 100.00 | 100.00 |  96.30 | 100.00 | 100.00 | 100.00 |
|        41 | 100.00 | 100.00 |  93.86 | 100.00 |  99.21 | 100.00 | 100.00 | 100.00 |  97.53 | 100.00 | 100.00 | 100.00 | 100.00 | 100.00 | 100.00 |  96.37 |  98.24 |  94.56 |  96.61 | 100.00 | 100.00 | 100.00 | 100.00 | 100.00 | 100.00 | 100.00 |  98.22 | 100.00 | 100.00 | 100.00 | 100.00 | 100.00 | 100.00 | 100.00 | 100.00 | 100.00 |  97.02 | 100.00 | 100.00 | 100.00 |
|        42 | 100.00 | 100.00 |  93.10 | 100.00 | 100.00 | 100.00 | 100.00 | 100.00 | 100.00 | 100.00 |  97.83 | 100.00 | 100.00 |  97.02 | 100.00 |  97.34 |  94.61 | 100.00 | 100.00 | 100.00 | 100.00 | 100.00 | 100.00 | 100.00 | 100.00 | 100.00 | 100.00 |  96.95 | 100.00 | 100.00 | 100.00 | 100.00 | 100.00 | 100.00 |  99.64 |  95.76 |  94.20 | 100.00 | 100.00 |  94.70 |
|        43 | 100.00 | 100.00 |  93.31 | 100.00 | 100.00 | 100.00 | 100.00 |  92.91 | 100.00 |  99.72 | 100.00 | 100.00 | 100.00 |  99.68 | 100.00 |  97.01 |  96.92 | 100.00 | 100.00 |  92.44 | 100.00 | 100.00 | 100.00 |  99.71 |  99.76 |  98.08 |  95.43 | 100.00 | 100.00 | 100.00 | 100.00 | 100.00 |  98.80 | 100.00 |  98.37 |  98.64 |  90.38 | 100.00 | 100.00 |  94.83 |
|        44 | 100.00 | 100.00 |  94.31 | 100.00 | 100.00 | 100.00 | 100.00 |  96.43 | 100.00 | 100.00 | 100.00 |  99.46 | 100.00 |  99.65 | 100.00 |  99.70 | 100.00 |  99.82 | 100.00 |  99.63 | 100.00 | 100.00 | 100.00 | 100.00 |  95.31 | 100.00 |  94.10 |  99.52 | 100.00 |  93.90 |  98.59 | 100.00 | 100.00 | 100.00 |  93.40 | 100.00 |  99.52 | 100.00 | 100.00 | 100.00 |
|        45 | 100.00 | 100.00 |  95.41 | 100.00 | 100.00 | 100.00 | 100.00 |  94.37 |  93.69 |  98.67 | 100.00 | 100.00 | 100.00 | 100.00 | 100.00 |  98.85 | 100.00 | 100.00 | 100.00 | 100.00 |  95.67 |  89.84 | 100.00 | 100.00 |  93.45 |  99.52 |  98.27 | 100.00 | 100.00 |  27.01 |  99.52 | 100.00 |  93.81 | 100.00 |  92.95 |  99.79 | 100.00 | 100.00 | 100.00 | 100.00 |
|        46 |  97.93 | 100.00 |  97.32 | 100.00 | 100.00 | 100.00 | 100.00 |  90.12 |  97.73 |  95.53 | 100.00 | 100.00 | 100.00 | 100.00 | 100.00 | 100.00 | 100.00 | 100.00 | 100.00 | 100.00 | 100.00 |  97.58 |  99.98 | 100.00 |  93.55 | 100.00 |  97.16 | 100.00 |  72.30 |      0 |  95.42 | 100.00 |  67.19 | 100.00 | 100.00 |  98.20 | 100.00 | 100.00 | 100.00 |  96.02 |
|        47 |  91.27 | 100.00 | 100.00 | 100.00 | 100.00 | 100.00 | 100.00 |  94.10 | 100.00 |  97.26 |  98.57 |  98.62 |  97.10 |  97.00 | 100.00 |  95.29 | 100.00 | 100.00 |  94.08 | 100.00 | 100.00 | 100.00 | 100.00 | 100.00 |  94.29 | 100.00 |  95.46 |  99.96 |  56.34 | 100.00 |  90.71 | 100.00 |  48.74 | 100.00 | 100.00 |  99.86 |  91.04 | 100.00 | 100.00 |  96.38 |
|        48 | 100.00 | 100.00 | 100.00 |  98.69 | 100.00 | 100.00 | 100.00 | 100.00 | 100.00 |  88.93 | 100.00 | 100.00 |  95.86 |  95.12 |  99.67 |  96.41 | 100.00 | 100.00 | 100.00 | 100.00 |  63.45 | 100.00 | 100.00 | 100.00 |  94.97 | 100.00 |  97.54 | 100.00 | 100.00 | 100.00 |  74.41 | 100.00 | 100.00 | 100.00 |  99.40 |  92.46 | 100.00 | 100.00 |  99.21 |  99.95 |
|        51 | 100.00 | 100.00 | 100.00 | 100.00 |  60.18 | 100.00 |  63.56 |  98.15 |  53.97 |  99.05 | 100.00 | 100.00 | 100.00 | 100.00 |  94.04 | 100.00 | 100.00 | 100.00 | 100.00 | 100.00 | 100.00 | 100.00 | 100.00 | 100.00 |  88.24 | 100.00 |  99.50 | 100.00 | 100.00 |  54.65 | 100.00 |  88.21 | 100.00 | 100.00 | 100.00 |  95.26 | 100.00 | 100.00 |  99.94 |  97.49 |
|        54 | 100.00 | 100.00 | 100.00 | 100.00 |  80.36 | 100.00 |  50.14 | 100.00 | 100.00 |  96.44 | 100.00 | 100.00 | 100.00 |  96.19 |  96.37 | 100.00 | 100.00 | 100.00 |  88.46 |  96.52 |  98.63 | 100.00 | 100.00 | 100.00 |  87.28 | 100.00 | 100.00 | 100.00 | 100.00 |  15.61 | 100.00 |  75.71 | 100.00 | 100.00 |  97.38 | 100.00 |  92.72 | 100.00 |  97.37 | 100.00 |
|        57 | 100.00 | 100.00 | 100.00 | 100.00 |  92.80 | 100.00 |  47.22 | 100.00 |  55.71 | 100.00 | 100.00 | 100.00 | 100.00 |  97.94 | 100.00 | 100.00 | 100.00 |  95.63 |  93.90 | 100.00 |  93.53 | 100.00 | 100.00 |  95.60 | 100.00 |  90.41 | 100.00 |  97.46 |  70.15 |  35.79 |  95.56 |  98.01 |  10.37 | 100.00 |  93.10 | 100.00 |  92.40 | 100.00 |  94.46 | 100.00 |
|        60 | 100.00 |  99.75 | 100.00 | 100.00 |  81.55 | 100.00 |  57.95 |  98.68 |  98.71 |  98.68 | 100.00 | 100.00 | 100.00 |  95.72 | 100.00 | 100.00 | 100.00 | 100.00 |  96.66 | 100.00 |  59.96 | 100.00 |  78.73 |  95.31 | 100.00 | 100.00 |  97.84 |  94.07 |  29.37 |  80.01 |  78.88 |  92.83 |      0 | 100.00 |  92.71 | 100.00 |  98.33 | 100.00 | 100.00 |  97.10 |
|        63 | 100.00 | 100.00 |  98.33 | 100.00 |  81.69 | 100.00 |  73.71 | 100.00 |  94.20 |  95.57 | 100.00 |  83.14 | 100.00 |  99.85 |  98.37 | 100.00 | 100.00 |  85.94 |  54.41 | 100.00 |  74.79 | 100.00 |  92.88 |  87.15 | 100.00 |  96.04 |  97.79 | 100.00 |  85.91 |  56.87 | 100.00 |  99.17 |      0 | 100.00 |  97.00 | 100.00 |  99.00 | 100.00 | 100.00 | 100.00 |
|        66 |  97.51 | 100.00 |  89.99 | 100.00 |  74.96 |  92.25 |  98.91 |  93.39 |  96.49 |  91.67 | 100.00 |  89.55 | 100.00 |  99.48 | 100.00 | 100.00 | 100.00 | 100.00 |  96.68 | 100.00 | 100.00 |  94.46 |  96.84 |  89.95 |  95.23 |  92.08 | 100.00 |  98.97 |  73.22 |   3.58 |  76.49 |  81.83 |      0 | 100.00 |  96.62 |  99.12 |  96.64 | 100.00 | 100.00 |  97.01 |
|        69 | 100.00 |  94.60 |  94.28 | 100.00 |  83.22 |  64.12 |  90.65 |  95.95 |  98.73 |  98.92 | 100.00 | 100.00 |  98.79 | 100.00 | 100.00 |  99.26 |  98.81 |  85.08 |  93.24 | 100.00 |  78.39 |  97.10 |  94.46 |  14.77 |  97.02 |  96.12 |  94.71 |  98.26 | 100.00 |  93.84 | 100.00 | 100.00 | 100.00 |  91.62 |  95.58 | 100.00 |  96.54 | 100.00 | 100.00 | 100.00 |
|        72 | 100.00 |  91.19 |  29.11 | 100.00 | 100.00 |  56.97 |  95.80 |  90.00 |  84.25 |  92.94 | 100.00 | 100.00 | 100.00 | 100.00 | 100.00 | 100.00 |  96.68 | 100.00 | 100.00 | 100.00 |  19.43 |  92.09 |  90.57 |  40.75 | 100.00 | 100.00 |  88.31 |  97.49 | 100.00 |  94.04 | 100.00 | 100.00 | 100.00 |  42.06 |  96.51 | 100.00 | 100.00 | 100.00 | 100.00 |  97.83 |
|        78 |  96.61 |  80.89 |  66.22 | 100.00 |  98.89 |  61.08 |  69.16 |  33.37 |  96.76 |  98.27 |  91.18 | 100.00 | 100.00 | 100.00 |  93.68 | 100.00 |  99.93 |  85.62 |  83.74 |  80.04 |  89.99 |   0.85 |  91.62 |  35.67 | 100.00 |  24.74 |  86.67 |  96.69 |  99.34 |  95.89 | 100.00 |  98.82 |  78.81 |      0 |  98.48 |  38.72 | 100.00 |  92.82 |  99.62 | 100.00 |
|        84 | 100.00 |  53.66 |      0 |  87.73 | 100.00 |  48.68 |  82.30 |  45.14 |  98.20 |  98.60 |  96.67 |  94.75 |  98.12 |  94.93 |  94.54 |  39.04 |  96.68 |  71.20 |  29.91 | 100.00 |  97.11 |  12.49 | 100.00 |  75.08 |  97.21 | 100.00 |  95.75 |  41.84 | 100.00 |  94.55 | 100.00 | 100.00 |   9.30 |  63.13 |  94.90 |  88.51 |  96.73 |  91.04 |  98.52 |  96.16 |
|        90 | 100.00 | 100.00 |   6.69 | 100.00 |  65.60 |  40.86 |  24.13 |      0 | 100.00 | 100.00 |  90.59 |  85.08 |  60.95 |  87.08 |  96.72 |  27.65 |  99.35 |  82.91 | 100.00 |  65.12 |  79.39 |  80.34 | 100.00 |  36.03 |  68.32 |  59.59 | 100.00 |  51.13 |  85.66 |  79.28 | 100.00 |  77.89 |  60.58 |      0 | 100.00 | 100.00 |  97.47 |  72.34 |  88.39 |  98.02 |
|        96 | 100.00 | 100.00 |   0.23 |  52.33 |  69.53 | 100.00 |  84.38 |      0 |  92.01 |      0 |  51.48 | 100.00 |  55.99 | 100.00 |  69.81 |  10.33 |  92.87 |  95.22 | 100.00 |  91.50 |  93.96 |  29.62 |  91.89 | 100.00 |  24.74 |      0 |  99.86 | 100.00 |  96.04 | 100.00 | 100.00 |  98.85 | 100.00 | 100.00 |  82.03 |  98.20 |  93.13 | 100.00 |  75.81 |  95.65 |
|       102 |  79.92 |  98.78 |   1.27 | 100.00 | 100.00 |  90.96 |  65.05 |  70.90 |  87.51 | 100.00 | 100.00 | 100.00 |  98.68 | 100.00 | 100.00 |  56.57 |  96.72 |  96.67 | 100.00 |  99.41 | 100.00 |      0 | 100.00 | 100.00 |  61.48 |  53.06 |  95.15 | 100.00 |  99.63 | 100.00 |  99.62 |  78.54 | 100.00 | 100.00 | 100.00 | 100.00 | 100.00 |  83.73 |  97.72 |  88.23 |
|       108 |  76.52 |  94.55 | 100.00 |  88.76 | 100.00 |  92.20 |  48.14 |  59.49 |  33.66 |  53.58 | 100.00 | 100.00 | 100.00 | 100.00 | 100.00 | 100.00 |  91.32 |  96.32 | 100.00 |  91.37 | 100.00 | 100.00 |  92.53 | 100.00 |      0 | 100.00 |  42.59 |  95.97 | 100.00 | 100.00 |  80.23 | 100.00 |  87.35 |  99.99 | 100.00 | 100.00 |  88.79 |  66.18 |      0 |  92.63 |
|       114 |      0 |  91.80 | 100.00 |  49.36 | 100.00 |  92.29 |  79.39 |  96.62 | 100.00 |   8.45 | 100.00 |      0 |  79.04 | 100.00 | 100.00 | 100.00 |  94.44 |  89.07 |  78.61 |  54.43 |  96.16 |  73.56 | 100.00 |  86.07 |      0 |  81.06 | 100.00 |  28.60 |  42.84 | 100.00 |      0 |  92.77 |  72.31 |  28.86 | 100.00 |  74.98 |  81.28 | 100.00 | 100.00 | 100.00 |
|       120 | 100.00 |  98.03 | 100.00 |  88.14 | 100.00 | 100.00 |  61.84 |  95.83 | 100.00 |   0.71 | 100.00 | 100.00 |      0 | 100.00 | 100.00 |  56.97 | 100.00 |  72.86 | 100.00 |  88.94 |  99.37 | 100.00 | 100.00 |  99.82 |      0 | 100.00 | 100.00 | 100.00 |  99.96 | 100.00 | 100.00 |      0 |  94.88 | 100.00 | 100.00 | 100.00 | 100.00 |  72.21 | 100.00 | 100.00 |
