# variable: Wind Gust at 10m, Maximum of Time Interval before fcst_hour
# units: km/h
# 
| fcst_hour |     1 |     2 |     3 |     4 |     5 |     6 |     7 |     8 |     9 |    10 |    11 |    12 |    13 |    14 |    15 |    16 |    17 |    18 |    19 |    20 |    21 |    22 |    23 |    24 |    25 |    26 |    27 |    28 |    29 |    30 |    31 |    32 |    33 |    34 |    35 |    36 |    37 |    38 |    39 |    40 |
|         1 | 31.49 | 31.31 | 27.71 | 31.20 | 30.34 | 31.71 | 26.50 | 28.88 | 31.24 | 28.53 | 32.03 | 33.91 | 33.04 | 30.81 | 27.51 | 30.43 | 30.11 | 31.37 | 31.72 | 34.24 | 31.87 | 27.92 | 29.92 | 32.80 | 27.10 | 33.61 | 33.14 | 33.03 | 28.70 | 30.10 | 31.94 | 28.41 | 30.61 | 31.01 | 29.47 | 29.52 | 30.54 | 29.05 | 26.46 | 28.29 |
|         2 | 30.30 | 29.76 | 29.58 | 31.23 | 30.32 | 30.50 | 27.38 | 29.27 | 31.53 | 28.74 | 32.91 | 33.33 | 32.40 | 29.51 | 27.92 | 30.94 | 30.51 | 31.96 | 32.18 | 34.30 | 32.37 | 28.16 | 30.47 | 32.94 | 27.51 | 32.25 | 33.36 | 33.42 | 29.12 | 29.66 | 31.95 | 27.99 | 30.41 | 29.69 | 29.48 | 29.80 | 30.55 | 28.41 | 27.34 | 29.66 |
|         3 | 30.06 | 30.61 | 30.66 | 29.60 | 29.74 | 30.04 | 26.80 | 29.56 | 31.89 | 28.39 | 33.04 | 31.03 | 31.83 | 29.88 | 28.31 | 30.44 | 29.81 | 31.24 | 32.48 | 32.58 | 33.03 | 28.16 | 29.11 | 32.60 | 27.04 | 30.53 | 33.33 | 34.16 | 30.41 | 29.78 | 32.58 | 28.49 | 29.75 | 30.56 | 29.21 | 30.18 | 29.21 | 28.45 | 27.76 | 29.76 |
|         4 | 28.43 | 29.74 | 30.64 | 28.96 | 28.77 | 29.96 | 25.05 | 29.16 | 31.81 | 28.04 | 31.89 | 28.35 | 30.72 | 29.44 | 28.01 | 29.74 | 28.40 | 30.71 | 31.22 | 30.57 | 31.66 | 27.17 | 26.52 | 31.38 | 26.48 | 28.78 | 31.75 | 33.45 | 29.64 | 28.63 | 31.64 | 28.24 | 29.57 | 30.07 | 28.04 | 30.18 | 28.05 | 27.34 | 28.13 | 28.10 |
|         5 | 28.25 | 27.88 | 29.74 | 28.30 | 28.50 | 29.96 | 26.02 | 29.42 | 31.06 | 28.32 | 32.26 | 27.94 | 28.80 | 27.67 | 27.82 | 29.48 | 28.36 | 31.39 | 30.47 | 28.53 | 30.98 | 26.29 | 27.57 | 31.32 | 26.26 | 29.17 | 32.40 | 31.60 | 28.56 | 26.53 | 29.28 | 26.89 | 29.96 | 28.69 | 26.62 | 29.58 | 27.68 | 25.94 | 28.11 | 28.81 |
|         6 | 28.34 | 27.81 | 30.76 | 26.42 | 29.22 | 29.10 | 27.83 | 29.79 | 29.33 | 28.34 | 33.45 | 27.69 | 29.25 | 27.22 | 28.72 | 29.88 | 28.42 | 30.91 | 28.17 | 28.60 | 28.25 | 26.45 | 30.41 | 30.82 | 24.47 | 29.19 | 32.39 | 31.21 | 28.38 | 26.63 | 29.31 | 26.81 | 30.14 | 27.91 | 25.81 | 28.88 | 26.81 | 26.63 | 27.08 | 29.47 |
|         7 | 28.74 | 28.53 | 32.57 | 25.25 | 28.89 | 28.77 | 27.67 | 29.47 | 28.16 | 28.06 | 33.30 | 26.69 | 28.04 | 26.84 | 27.98 | 29.58 | 29.06 | 31.07 | 26.19 | 27.78 | 27.54 | 27.70 | 31.64 | 29.64 | 24.74 | 29.10 | 32.50 | 32.01 | 28.38 | 27.74 | 29.39 | 27.15 | 31.46 | 28.15 | 27.83 | 29.06 | 29.02 | 26.67 | 26.99 | 31.51 |
|         8 | 30.39 | 30.45 | 32.52 | 27.36 | 30.00 | 30.02 | 27.52 | 30.01 | 30.19 | 27.86 | 32.14 | 28.88 | 29.53 | 27.48 | 29.49 | 29.92 | 31.01 | 30.85 | 27.77 | 29.82 | 28.10 | 29.90 | 35.38 | 29.96 | 26.22 | 29.75 | 33.42 | 33.69 | 29.89 | 29.20 | 30.98 | 27.80 | 32.83 | 28.33 | 29.39 | 31.22 | 29.80 | 27.27 | 26.98 | 32.84 |
|         9 | 31.55 | 35.51 | 36.89 | 31.17 | 30.66 | 30.59 | 31.78 | 33.86 | 30.98 | 31.05 | 34.15 | 30.53 | 30.80 | 30.66 | 30.58 | 32.69 | 31.72 | 41.97 | 30.27 | 35.20 | 35.51 | 33.52 | 36.13 | 34.71 | 28.65 | 32.83 | 37.28 | 37.17 | 33.44 | 30.22 | 34.15 | 31.15 | 34.30 | 33.00 | 32.46 | 33.81 | 29.86 | 29.88 | 29.74 | 35.16 |
|        10 | 35.02 | 41.26 | 36.36 | 42.14 | 37.38 | 34.46 | 34.67 | 40.26 | 37.50 | 38.99 | 40.41 | 35.34 | 32.52 | 34.22 | 32.25 | 34.89 | 40.51 | 41.37 | 35.28 | 42.31 | 44.31 | 37.96 | 41.61 | 35.46 | 33.18 | 35.07 | 45.44 | 47.10 | 39.04 | 31.46 | 40.16 | 35.34 | 48.79 | 40.69 | 39.48 | 45.73 | 34.83 | 32.36 | 41.25 | 36.26 |
|        11 | 35.87 | 44.54 | 44.61 | 42.61 | 37.90 | 39.12 | 45.85 | 44.80 | 37.49 | 43.82 | 38.58 | 34.35 | 34.79 | 40.84 | 44.02 | 33.98 | 48.02 | 48.93 | 44.94 | 42.62 | 36.42 | 38.69 | 46.00 | 49.38 | 40.22 | 35.39 | 46.33 | 50.85 | 40.98 | 33.28 | 47.08 | 44.32 | 49.54 | 45.30 | 47.08 | 47.85 | 35.83 | 33.99 | 44.53 | 36.85 |
|        12 | 45.38 | 42.82 | 38.81 | 38.37 | 35.17 | 46.43 | 40.97 | 44.80 | 40.31 | 43.41 | 41.16 | 40.98 | 42.97 | 40.71 | 42.39 | 44.35 | 46.63 | 45.72 | 44.54 | 43.87 | 36.97 | 38.23 | 48.29 | 50.02 | 43.99 | 47.24 | 46.20 | 47.70 | 42.64 | 34.03 | 46.18 | 45.62 | 42.32 | 45.32 | 49.74 | 46.50 | 35.51 | 43.63 | 48.24 | 44.50 |
|        13 | 46.20 | 41.62 | 39.81 | 41.75 | 39.36 | 45.75 | 43.82 | 44.31 | 41.65 | 37.79 | 36.18 | 38.69 | 41.44 | 36.48 | 33.71 | 46.49 | 41.28 | 43.42 | 43.40 | 40.75 | 33.81 | 46.58 | 47.06 | 41.53 | 38.22 | 37.03 | 45.98 | 42.14 | 40.94 | 35.53 | 44.31 | 42.51 | 52.05 | 45.12 | 45.04 | 41.76 | 34.18 | 44.34 | 41.65 | 41.06 |
|        14 | 38.70 | 41.71 | 39.93 | 41.27 | 38.87 | 40.37 | 39.01 | 41.69 | 41.72 | 35.26 | 40.62 | 42.38 | 38.85 | 38.48 | 39.71 | 40.78 | 41.69 | 43.21 | 37.88 | 38.98 | 37.08 | 39.30 | 38.60 | 44.43 | 38.78 | 36.82 | 40.89 | 38.66 | 36.67 | 41.44 | 45.06 | 42.95 | 52.03 | 44.58 | 42.67 | 40.62 | 36.31 | 42.82 | 40.46 | 42.00 |
|        15 | 38.76 | 37.77 | 38.16 | 36.82 | 33.53 | 41.09 | 36.02 | 34.54 | 38.04 | 33.61 | 40.68 | 42.16 | 39.16 | 39.86 | 39.77 | 39.87 | 41.72 | 39.14 | 38.44 | 37.10 | 37.00 | 40.18 | 38.32 | 44.25 | 38.21 | 33.10 | 42.28 | 37.63 | 35.92 | 41.63 | 40.62 | 41.84 | 39.12 | 39.18 | 39.70 | 37.05 | 37.50 | 35.45 | 40.71 | 41.72 |
|        16 | 39.01 | 33.57 | 37.24 | 36.43 | 31.78 | 37.45 | 36.53 | 36.89 | 35.95 | 33.48 | 37.92 | 40.84 | 35.33 | 39.63 | 37.67 | 41.45 | 38.59 | 39.57 | 38.50 | 37.45 | 36.06 | 39.95 | 36.94 | 40.75 | 37.30 | 32.43 | 46.01 | 37.65 | 36.82 | 40.20 | 40.77 | 41.28 | 39.68 | 36.43 | 39.82 | 37.92 | 37.35 | 35.04 | 37.27 | 41.01 |
|        17 | 39.11 | 37.92 | 38.37 | 36.31 | 33.96 | 32.76 | 39.17 | 40.53 | 37.38 | 33.96 | 38.88 | 41.98 | 35.33 | 39.97 | 40.35 | 41.11 | 42.56 | 40.69 | 38.17 | 41.07 | 36.04 | 39.32 | 39.27 | 38.05 | 37.86 | 32.64 | 46.60 | 38.69 | 35.87 | 39.36 | 38.66 | 41.71 | 40.51 | 38.58 | 41.40 | 39.15 | 36.66 | 36.10 | 39.88 | 40.89 |
|        18 | 39.97 | 38.43 | 40.25 | 38.20 | 37.63 | 34.83 | 39.62 | 41.74 | 38.82 | 37.33 | 39.31 | 43.43 | 39.39 | 40.83 | 40.35 | 41.38 | 43.40 | 43.98 | 40.73 | 42.79 | 37.00 | 39.61 | 40.88 | 37.41 | 39.15 | 35.14 | 46.84 | 41.89 | 39.54 | 39.89 | 40.78 | 42.48 | 41.54 | 42.42 | 41.93 | 40.94 | 39.10 | 37.42 | 41.48 | 40.85 |
|        19 | 42.72 | 39.59 | 42.39 | 40.13 | 41.21 | 38.22 | 40.06 | 41.66 | 40.13 | 37.23 | 41.79 | 46.15 | 40.59 | 40.88 | 41.05 | 43.04 | 44.11 | 47.68 | 41.59 | 44.22 | 40.72 | 41.16 | 41.62 | 39.61 | 40.13 | 35.70 | 45.64 | 42.47 | 41.78 | 42.34 | 40.93 | 42.51 | 42.17 | 42.38 | 42.87 | 42.28 | 41.57 | 39.09 | 43.50 | 41.43 |
|        20 | 43.57 | 42.47 | 42.47 | 41.83 | 43.41 | 39.61 | 39.97 | 41.74 | 40.08 | 40.80 | 42.67 | 46.55 | 41.36 | 41.16 | 41.72 | 43.42 | 44.52 | 48.44 | 42.23 | 45.36 | 41.56 | 43.84 | 42.54 | 44.69 | 41.51 | 38.13 | 43.82 | 41.72 | 42.32 | 42.28 | 40.98 | 42.46 | 42.70 | 45.38 | 43.62 | 42.23 | 43.30 | 40.35 | 44.71 | 42.70 |
|        21 | 42.57 | 42.47 | 43.62 | 42.39 | 44.00 | 39.88 | 39.91 | 39.67 | 40.81 | 41.20 | 43.97 | 45.27 | 41.47 | 40.38 | 41.77 | 43.07 | 43.29 | 50.13 | 41.77 | 46.29 | 41.28 | 43.83 | 42.59 | 44.88 | 42.04 | 38.72 | 43.10 | 40.51 | 43.38 | 41.31 | 41.89 | 42.41 | 42.89 | 45.91 | 43.38 | 41.79 | 42.72 | 41.01 | 44.56 | 42.64 |
|        22 | 42.40 | 40.46 | 43.22 | 41.45 | 43.55 | 40.24 | 40.54 | 40.17 | 42.08 | 41.42 | 43.67 | 44.47 | 41.06 | 40.75 | 42.38 | 42.94 | 43.06 | 49.44 | 39.97 | 46.34 | 41.93 | 42.78 | 41.67 | 42.12 | 43.04 | 39.32 | 42.28 | 41.20 | 43.39 | 41.72 | 41.48 | 42.25 | 42.90 | 44.05 | 42.06 | 41.82 | 42.42 | 41.03 | 43.34 | 42.42 |
|        23 | 42.84 | 40.97 | 44.15 | 39.09 | 42.91 | 40.61 | 41.34 | 40.45 | 44.06 | 41.66 | 41.09 | 43.81 | 39.74 | 42.05 | 42.58 | 41.51 | 43.11 | 49.68 | 39.76 | 46.66 | 41.92 | 40.35 | 42.09 | 43.88 | 42.50 | 42.00 | 44.23 | 40.30 | 42.63 | 40.45 | 40.78 | 42.28 | 41.44 | 42.24 | 45.32 | 40.97 | 42.11 | 40.40 | 45.51 | 44.27 |
|        24 | 41.46 | 41.03 | 43.60 | 39.18 | 43.10 | 39.91 | 41.05 | 40.21 | 43.16 | 42.45 | 39.67 | 43.14 | 38.94 | 44.38 | 42.02 | 40.11 | 43.05 | 49.83 | 39.70 | 46.64 | 39.58 | 41.08 | 42.28 | 43.33 | 41.62 | 43.71 | 45.26 | 45.58 | 42.63 | 40.53 | 42.88 | 42.05 | 41.21 | 43.43 | 45.29 | 39.33 | 40.94 | 40.09 | 45.17 | 45.98 |
|        25 | 40.52 | 40.12 | 43.73 | 39.23 | 40.18 | 39.71 | 40.17 | 41.04 | 45.65 | 42.37 | 40.45 | 42.98 | 37.21 | 45.52 | 42.00 | 39.69 | 42.62 | 48.26 | 39.84 | 46.86 | 39.97 | 42.47 | 41.82 | 43.32 | 42.32 | 43.64 | 46.44 | 45.66 | 41.16 | 39.81 | 43.96 | 42.80 | 40.84 | 44.22 | 44.84 | 39.45 | 39.88 | 40.04 | 44.63 | 45.84 |
|        26 | 40.69 | 40.12 | 43.58 | 37.45 | 38.48 | 38.46 | 39.30 | 41.74 | 45.22 | 41.58 | 41.01 | 42.01 | 36.41 | 44.76 | 41.78 | 39.65 | 41.99 | 48.18 | 39.94 | 46.63 | 39.35 | 42.64 | 41.90 | 45.18 | 39.66 | 43.19 | 46.74 | 44.11 | 40.08 | 37.85 | 44.41 | 41.56 | 39.76 | 45.10 | 45.98 | 40.58 | 40.26 | 39.71 | 43.42 | 45.60 |
|        27 | 39.77 | 40.75 | 43.27 | 39.16 | 39.50 | 38.08 | 42.09 | 43.41 | 44.63 | 41.51 | 41.19 | 42.14 | 36.35 | 43.78 | 43.23 | 38.75 | 43.38 | 48.09 | 42.13 | 41.93 | 40.18 | 44.51 | 40.62 | 45.52 | 39.87 | 43.85 | 46.40 | 44.04 | 39.25 | 38.34 | 44.56 | 40.57 | 41.58 | 44.83 | 46.80 | 41.16 | 40.03 | 39.69 | 43.90 | 45.12 |
|        28 | 40.11 | 41.79 | 43.30 | 39.15 | 41.08 | 37.95 | 41.40 | 43.83 | 43.44 | 41.43 | 41.78 | 41.86 | 33.82 | 41.14 | 45.77 | 39.08 | 43.59 | 47.22 | 44.80 | 44.97 | 40.21 | 44.58 | 39.17 | 43.92 | 40.76 | 43.65 | 45.49 | 42.82 | 40.34 | 38.49 | 43.36 | 45.41 | 42.03 | 43.38 | 46.60 | 41.97 | 39.80 | 39.75 | 44.16 | 45.33 |
|        29 | 39.74 | 41.12 | 42.57 | 40.78 | 41.65 | 37.68 | 41.39 | 44.40 | 43.12 | 43.26 | 40.98 | 41.55 | 38.65 | 41.08 | 45.38 | 41.58 | 42.96 | 46.75 | 44.68 | 43.69 | 43.09 | 43.81 | 40.71 | 43.54 | 37.45 | 42.38 | 44.48 | 42.68 | 41.96 | 38.22 | 40.62 | 45.73 | 41.49 | 43.34 | 46.10 | 42.09 | 40.29 | 39.63 | 43.90 | 45.52 |
|        30 | 41.19 | 44.03 | 41.84 | 42.57 | 42.95 | 37.94 | 42.61 | 44.27 | 41.34 | 43.93 | 41.02 | 42.07 | 41.29 | 41.78 | 43.16 | 41.56 | 41.99 | 42.90 | 42.23 | 43.63 | 44.16 | 42.81 | 40.34 | 41.89 | 37.76 | 40.81 | 46.71 | 43.28 | 43.23 | 42.80 | 40.28 | 48.31 | 41.24 | 41.32 | 46.31 | 42.05 | 42.01 | 40.30 | 43.31 | 47.83 |
|        31 | 45.06 | 43.67 | 42.76 | 42.70 | 43.95 | 37.69 | 42.96 | 42.95 | 43.34 | 41.28 | 45.02 | 42.14 | 42.39 | 42.90 | 42.03 | 41.37 | 45.68 | 46.28 | 40.74 | 43.67 | 44.90 | 42.94 | 41.16 | 41.29 | 39.49 | 41.23 | 46.80 | 43.05 | 43.40 | 43.02 | 41.22 | 48.97 | 41.44 | 41.46 | 48.45 | 44.69 | 42.42 | 42.05 | 45.49 | 48.65 |
|        32 | 46.31 | 42.41 | 42.84 | 45.13 | 45.37 | 42.73 | 45.72 | 43.53 | 43.27 | 37.17 | 45.98 | 41.20 | 42.98 | 43.26 | 41.96 | 44.68 | 46.23 | 46.28 | 43.22 | 44.38 | 45.39 | 43.22 | 45.99 | 49.09 | 42.34 | 42.07 | 45.78 | 42.82 | 45.04 | 43.01 | 41.87 | 48.78 | 43.69 | 42.68 | 47.96 | 46.32 | 44.31 | 42.64 | 45.08 | 49.52 |
|        33 | 46.92 | 45.02 | 43.83 | 46.13 | 48.52 | 44.74 | 46.16 | 43.53 | 41.91 | 38.15 | 45.89 | 42.14 | 44.95 | 43.28 | 43.17 | 45.56 | 45.58 | 45.63 | 44.98 | 43.49 | 48.39 | 43.31 | 46.07 | 48.54 | 42.99 | 43.37 | 45.50 | 43.01 | 46.06 | 41.82 | 45.42 | 51.25 | 43.64 | 46.77 | 45.67 | 46.64 | 44.70 | 44.07 | 46.21 | 51.03 |
|        34 | 48.80 | 45.00 | 44.00 | 49.44 | 49.02 | 44.94 | 49.05 | 42.66 | 44.89 | 42.25 | 44.71 | 43.59 | 44.94 | 43.65 | 45.37 | 44.91 | 47.41 | 47.16 | 44.81 | 44.41 | 48.39 | 42.96 | 47.06 | 45.00 | 43.91 | 45.23 | 45.91 | 45.65 | 44.42 | 42.27 | 49.26 | 50.53 | 41.09 | 47.57 | 46.93 | 49.62 | 44.92 | 44.49 | 50.00 | 51.32 |
|        35 | 49.53 | 46.61 | 44.62 | 48.94 | 48.90 | 46.21 | 50.04 | 42.71 | 45.77 | 46.74 | 45.00 | 50.58 | 44.91 | 43.69 | 46.27 | 45.03 | 50.83 | 47.97 | 49.71 | 44.44 | 48.04 | 44.10 | 46.95 | 51.54 | 42.09 | 45.88 | 46.61 | 49.65 | 46.72 | 42.56 | 49.10 | 46.76 | 41.12 | 47.67 | 48.69 | 50.52 | 45.33 | 44.11 | 51.94 | 51.49 |
|        36 | 49.80 | 45.35 | 44.78 | 51.58 | 49.35 | 46.69 | 50.42 | 42.43 | 45.89 | 46.84 | 46.39 | 44.80 | 47.38 | 44.29 | 46.09 | 43.49 | 51.28 | 48.25 | 50.13 | 51.43 | 47.66 | 48.27 | 46.54 | 56.16 | 44.23 | 45.87 | 49.24 | 49.29 | 48.59 | 44.06 | 47.45 | 46.86 | 41.27 | 50.65 | 53.13 | 49.13 | 42.27 | 43.64 | 52.52 | 52.31 |
|        37 | 49.82 | 47.52 | 43.96 | 44.79 | 47.36 | 45.87 | 50.24 | 43.21 | 44.52 | 44.90 | 46.31 | 43.90 | 47.56 | 44.22 | 47.02 | 42.66 | 51.07 | 47.41 | 48.42 | 50.46 | 47.66 | 50.00 | 47.20 | 47.46 | 43.74 | 45.02 | 49.41 | 46.95 | 48.58 | 44.16 | 46.76 | 49.01 | 40.63 | 48.40 | 51.62 | 46.79 | 42.57 | 45.37 | 50.35 | 52.25 |
|        38 | 45.70 | 47.33 | 43.57 | 41.48 | 48.16 | 45.78 | 50.46 | 42.78 | 43.89 | 41.48 | 40.86 | 42.13 | 46.83 | 44.31 | 45.15 | 41.29 | 50.74 | 47.39 | 45.58 | 44.20 | 47.07 | 43.25 | 44.82 | 46.70 | 40.69 | 46.33 | 48.52 | 45.21 | 47.19 | 43.65 | 43.35 | 49.11 | 42.49 | 48.91 | 49.07 | 46.92 | 41.41 | 45.05 | 44.70 | 51.55 |
|        39 | 40.45 | 42.83 | 38.10 | 40.84 | 46.93 | 41.57 | 50.01 | 42.81 | 43.42 | 40.89 | 40.78 | 42.31 | 44.36 | 44.14 | 42.34 | 40.95 | 46.64 | 47.27 | 44.62 | 45.98 | 47.34 | 43.73 | 42.80 | 43.12 | 39.90 | 46.05 | 47.05 | 44.97 | 46.48 | 42.18 | 39.94 | 47.21 | 43.87 | 41.38 | 48.06 | 47.53 | 39.96 | 42.73 | 45.31 | 51.36 |
|        40 | 40.49 | 42.83 | 36.76 | 40.93 | 46.75 | 40.74 | 42.26 | 42.64 | 43.28 | 40.62 | 38.10 | 41.62 | 43.56 | 42.04 | 39.76 | 40.02 | 46.45 | 48.01 | 41.94 | 41.92 | 45.99 | 42.88 | 41.77 | 44.58 | 39.47 | 44.16 | 43.46 | 45.04 | 46.14 | 42.16 | 42.25 | 45.95 | 44.43 | 39.84 | 46.25 | 47.23 | 39.76 | 41.03 | 43.07 | 50.59 |
|        41 | 41.56 | 41.84 | 36.57 | 42.16 | 43.62 | 40.40 | 40.08 | 40.98 | 43.06 | 38.44 | 37.03 | 41.54 | 42.77 | 38.39 | 38.70 | 38.39 | 46.16 | 47.15 | 44.02 | 42.77 | 43.98 | 42.58 | 41.93 | 43.85 | 36.98 | 42.41 | 43.27 | 41.49 | 46.20 | 40.33 | 43.08 | 45.99 | 44.44 | 40.39 | 46.16 | 46.01 | 39.51 | 39.45 | 40.33 | 50.31 |
|        42 | 41.54 | 41.57 | 36.26 | 41.68 | 41.22 | 40.63 | 38.28 | 40.55 | 42.99 | 37.04 | 37.04 | 40.44 | 42.51 | 37.78 | 36.89 | 39.14 | 42.68 | 44.43 | 44.21 | 42.77 | 42.18 | 42.55 | 41.85 | 41.35 | 37.31 | 42.75 | 41.42 | 41.96 | 45.66 | 37.72 | 43.04 | 44.74 | 41.79 | 40.47 | 46.94 | 43.61 | 38.18 | 39.62 | 38.82 | 50.77 |
|        43 | 39.13 | 39.31 | 36.32 | 40.30 | 42.27 | 39.01 | 38.30 | 43.81 | 40.49 | 36.57 | 37.22 | 40.20 | 42.24 | 34.99 | 35.59 | 40.92 | 40.11 | 39.76 | 43.32 | 43.65 | 40.10 | 41.47 | 39.69 | 41.83 | 37.26 | 43.87 | 42.12 | 43.28 | 43.84 | 35.39 | 37.35 | 44.44 | 39.74 | 39.65 | 47.12 | 44.09 | 37.38 | 39.76 | 37.17 | 50.38 |
|        44 | 38.64 | 40.69 | 36.52 | 41.63 | 42.28 | 37.82 | 39.34 | 42.92 | 38.30 | 36.45 | 36.00 | 39.45 | 42.64 | 35.67 | 36.49 | 40.96 | 38.94 | 39.90 | 42.87 | 43.95 | 38.58 | 41.33 | 39.02 | 41.66 | 36.90 | 42.71 | 43.70 | 44.68 | 42.00 | 33.70 | 37.24 | 44.39 | 37.93 | 39.44 | 42.62 | 45.16 | 36.38 | 40.04 | 37.55 | 49.67 |
|        45 | 42.24 | 41.73 | 36.34 | 42.50 | 40.19 | 38.29 | 39.76 | 42.20 | 38.09 | 34.78 | 35.97 | 38.33 | 42.28 | 37.30 | 37.51 | 40.96 | 38.88 | 40.31 | 42.90 | 42.13 | 38.00 | 41.30 | 37.95 | 41.39 | 37.33 | 40.19 | 48.37 | 42.12 | 39.69 | 32.66 | 37.10 | 44.10 | 38.01 | 41.22 | 40.04 | 44.78 | 35.94 | 39.99 | 38.89 | 46.86 |
|        46 | 41.48 | 40.46 | 35.40 | 46.47 | 36.99 | 37.39 | 38.85 | 41.95 | 39.52 | 32.62 | 36.44 | 37.83 | 41.38 | 37.55 | 40.17 | 41.39 | 38.87 | 40.21 | 39.72 | 42.09 | 36.48 | 41.27 | 39.13 | 37.59 | 37.41 | 39.15 | 47.63 | 39.55 | 39.68 | 30.62 | 34.46 | 43.70 | 38.95 | 40.52 | 41.31 | 44.04 | 35.44 | 39.18 | 40.25 | 45.26 |
|        47 | 41.04 | 35.60 | 38.92 | 46.40 | 33.33 | 38.19 | 38.85 | 42.04 | 39.46 | 33.37 | 36.76 | 39.78 | 40.57 | 37.06 | 40.13 | 41.11 | 39.62 | 38.98 | 40.06 | 44.71 | 35.01 | 40.05 | 39.82 | 35.37 | 36.60 | 39.14 | 44.30 | 39.74 | 38.27 | 30.67 | 33.44 | 44.19 | 39.12 | 42.70 | 41.47 | 43.85 | 34.34 | 38.69 | 40.42 | 45.16 |
|        48 | 40.56 | 33.82 | 40.08 | 42.15 | 35.45 | 37.21 | 38.83 | 40.09 | 38.78 | 33.97 | 38.01 | 39.80 | 41.32 | 36.20 | 37.59 | 41.09 | 39.54 | 40.35 | 41.36 | 41.10 | 34.30 | 42.29 | 39.88 | 36.45 | 36.63 | 38.05 | 43.30 | 39.07 | 36.53 | 32.91 | 34.46 | 45.31 | 37.96 | 44.08 | 41.93 | 41.78 | 33.18 | 36.92 | 39.35 | 42.78 |
|        51 | 37.19 | 33.24 | 37.55 | 37.58 | 34.01 | 42.21 | 34.88 | 34.90 | 36.80 | 34.01 | 36.72 | 37.94 | 38.21 | 41.10 | 36.88 | 43.36 | 37.44 | 40.46 | 39.04 | 37.36 | 34.35 | 39.12 | 38.64 | 38.36 | 33.68 | 32.44 | 40.93 | 40.90 | 35.91 | 31.93 | 35.97 | 40.42 | 38.22 | 41.85 | 35.10 | 37.12 | 33.77 | 36.62 | 41.59 | 38.13 |
|        54 | 28.85 | 36.81 | 35.23 | 34.68 | 34.80 | 33.34 | 39.36 | 34.54 | 33.22 | 31.30 | 32.28 | 37.40 | 34.81 | 39.43 | 33.95 | 40.66 | 34.98 | 38.07 | 33.46 | 35.79 | 33.21 | 38.95 | 35.07 | 32.29 | 32.58 | 34.78 | 36.59 | 38.49 | 31.37 | 29.58 | 33.38 | 42.86 | 34.01 | 37.63 | 34.39 | 29.37 | 31.53 | 35.86 | 40.92 | 36.41 |
|        57 | 34.61 | 42.03 | 41.13 | 37.73 | 43.00 | 37.81 | 38.26 | 33.64 | 34.36 | 34.08 | 36.85 | 39.22 | 36.27 | 36.20 | 37.13 | 42.33 | 36.14 | 39.09 | 38.79 | 38.92 | 36.89 | 40.05 | 36.74 | 39.18 | 36.35 | 38.29 | 39.46 | 41.21 | 35.10 | 28.97 | 34.30 | 44.34 | 34.15 | 39.48 | 36.48 | 37.84 | 33.05 | 37.42 | 36.32 | 42.88 |
|        60 | 37.99 | 36.29 | 42.66 | 44.99 | 42.00 | 37.42 | 40.53 | 35.09 | 38.10 | 33.82 | 39.88 | 41.59 | 45.19 | 47.40 | 39.25 | 44.21 | 41.04 | 40.25 | 45.27 | 42.04 | 38.08 | 41.96 | 36.30 | 41.24 | 43.06 | 39.64 | 39.95 | 47.73 | 32.83 | 34.70 | 41.84 | 50.02 | 41.94 | 45.54 | 39.27 | 35.51 | 35.75 | 41.36 | 39.12 | 47.63 |
|        63 | 30.29 | 28.08 | 34.07 | 36.22 | 35.11 | 33.18 | 35.90 | 29.90 | 37.20 | 32.38 | 32.33 | 39.12 | 35.12 | 36.01 | 32.62 | 29.41 | 38.46 | 35.45 | 38.46 | 33.49 | 33.77 | 38.89 | 29.16 | 33.46 | 32.75 | 37.64 | 39.00 | 40.82 | 36.40 | 27.76 | 31.12 | 43.40 | 35.34 | 40.84 | 35.23 | 37.33 | 30.58 | 39.79 | 37.55 | 39.20 |
|        66 | 20.33 | 33.60 | 29.56 | 35.90 | 33.60 | 33.27 | 31.59 | 29.33 | 35.00 | 23.58 | 28.67 | 32.86 | 29.24 | 43.47 | 32.52 | 28.70 | 33.32 | 33.25 | 33.06 | 34.48 | 31.66 | 35.62 | 33.22 | 24.51 | 32.27 | 36.10 | 33.21 | 42.87 | 38.20 | 25.52 | 24.90 | 38.05 | 28.42 | 40.32 | 31.10 | 28.87 | 30.31 | 36.46 | 40.45 | 36.90 |
|        69 | 21.51 | 35.04 | 27.41 | 32.39 | 33.22 | 32.39 | 32.99 | 32.61 | 37.78 | 25.21 | 30.86 | 30.15 | 27.15 | 44.09 | 31.61 | 29.67 | 27.97 | 33.28 | 31.40 | 35.04 | 26.28 | 42.94 | 37.73 | 19.23 | 29.40 | 40.81 | 30.79 | 35.97 | 39.39 | 25.93 | 27.34 | 36.88 | 28.33 | 41.35 | 29.34 | 27.52 | 31.11 | 35.35 | 40.63 | 37.29 |
|        72 | 19.91 | 37.09 | 27.60 | 26.40 | 36.22 | 34.96 | 33.42 | 27.97 | 34.34 | 26.49 | 31.34 | 32.45 | 29.94 | 41.56 | 33.24 | 30.37 | 28.42 | 37.33 | 37.22 | 35.85 | 26.02 | 38.13 | 38.17 | 14.71 | 30.53 | 40.71 | 29.21 | 39.95 | 40.62 | 30.61 | 28.11 | 35.77 | 28.00 | 42.04 | 29.61 | 26.83 | 28.92 | 37.80 | 39.39 | 35.71 |
|        78 | 19.36 | 31.94 | 34.81 | 19.37 | 27.55 | 34.37 | 28.99 | 26.62 | 34.07 | 31.86 | 30.52 | 28.32 | 30.94 | 37.43 | 33.53 | 31.76 | 26.94 | 36.45 | 40.54 | 30.71 | 26.16 | 38.70 | 40.10 | 13.26 | 28.92 | 39.60 | 26.50 | 39.36 | 36.21 | 31.02 | 24.93 | 35.18 | 34.62 | 28.61 | 24.26 | 22.84 | 32.21 | 35.81 | 39.21 | 36.57 |
|        84 | 23.83 | 31.73 | 47.40 | 32.36 | 23.68 | 25.18 | 24.68 | 36.08 | 31.93 | 34.03 | 30.39 | 36.47 | 34.62 | 35.63 | 31.44 | 39.07 | 33.23 | 41.80 | 43.20 | 30.66 | 21.92 | 29.11 | 47.62 | 23.22 | 38.53 | 42.32 | 30.86 | 33.03 | 40.52 | 41.00 | 32.41 | 35.47 | 40.18 | 31.14 | 31.27 | 29.80 | 36.89 | 30.35 | 41.21 | 35.07 |
|        90 | 15.95 | 14.37 | 40.57 | 12.93 | 16.53 | 15.66 | 18.86 | 18.28 | 13.70 | 19.33 | 19.39 | 18.05 | 19.17 | 19.48 | 23.71 | 16.99 | 16.16 | 14.47 | 16.96 | 11.75 | 12.39 | 24.74 | 23.27 | 14.06 | 21.08 | 20.19 | 18.11 | 23.12 | 15.92 | 21.18 | 14.86 | 27.24 | 23.27 | 21.96 | 12.15 | 16.31 | 21.63 | 13.74 | 27.25 | 16.32 |
|        96 | 22.25 | 12.85 | 31.06 |  9.57 | 15.00 | 12.97 | 17.83 | 13.54 | 14.32 | 17.01 | 15.94 | 12.89 | 24.04 | 28.70 | 30.11 | 15.26 | 14.37 | 12.05 | 12.58 | 12.63 |  6.04 | 22.12 | 22.42 | 14.34 | 11.95 | 13.92 | 16.84 | 19.76 | 15.09 | 21.39 | 11.46 | 24.09 | 18.91 | 16.52 | 20.21 | 12.65 | 19.06 | 23.33 | 20.35 |  9.69 |
|       102 | 15.82 | 15.18 | 34.42 |  8.87 | 17.42 | 17.31 | 18.27 | 29.88 | 32.91 | 11.54 | 14.94 | 15.81 | 27.30 | 20.12 | 22.52 | 13.37 | 10.73 | 11.13 | 12.35 | 16.23 | 26.75 | 19.50 | 16.66 | 20.87 | 33.47 | 14.91 | 16.54 | 14.54 | 15.61 | 16.13 | 22.47 | 34.15 | 14.72 | 13.79 | 27.03 |  8.56 | 24.65 | 17.13 | 18.17 | 10.18 |
|       108 | 32.65 | 22.61 | 31.36 | 19.50 | 19.35 | 23.95 | 28.49 | 39.09 | 36.67 | 15.19 | 26.47 | 23.37 | 25.34 | 32.90 | 26.34 | 17.17 | 27.16 | 23.07 | 20.32 | 26.97 | 33.56 | 23.04 | 21.43 | 17.55 | 37.47 | 26.82 | 32.72 | 17.90 | 20.14 | 25.26 | 33.15 | 33.29 | 32.34 | 25.31 | 25.96 | 27.23 | 26.91 | 26.26 | 30.13 | 19.05 |
|       114 | 19.31 | 34.18 | 14.58 | 33.04 | 18.37 | 10.99 | 29.51 | 19.50 | 14.87 | 12.77 | 14.99 | 10.39 | 11.14 | 13.82 | 12.26 | 21.95 | 17.00 | 13.96 | 16.74 | 16.23 | 27.87 | 19.09 | 12.98 | 32.33 | 18.41 | 11.88 | 18.43 |  9.15 | 13.04 | 12.97 | 24.05 | 14.67 | 28.67 | 18.02 | 11.12 | 29.17 | 15.89 | 12.04 | 38.81 |  9.86 |
|       120 | 11.47 | 38.79 |  7.81 | 25.65 | 28.43 |  8.00 | 15.93 | 14.45 | 14.68 | 11.69 |  5.71 | 11.18 | 17.83 |  9.76 | 10.08 | 24.18 | 11.69 |  8.74 | 20.94 |  7.85 | 24.72 | 36.44 | 12.18 | 21.64 | 10.36 |  8.65 | 13.20 | 17.54 | 21.73 | 17.54 | 14.84 | 24.75 | 12.44 | 11.01 | 16.88 | 28.94 | 12.66 | 11.99 | 41.51 |  7.60 |
