# variable: Temperature at 2m
# units: degree celsius
# 
| fcst_hour |     1 |     2 |     3 |     4 |     5 |     6 |     7 |     8 |     9 |    10 |    11 |    12 |    13 |    14 |    15 |    16 |    17 |   18 |    19 |    20 |    21 |    22 |    23 |    24 |    25 |    26 |    27 |    28 |    29 |    30 |    31 |    32 |    33 |    34 |    35 |    36 |    37 |    38 |    39 |    40 |
|         0 |  8.67 |  8.01 |  8.85 |  8.98 |  9.29 |  8.58 |  9.07 |  9.53 |  8.43 |  9.70 |  9.89 |  8.80 |  8.89 |  9.94 |  9.15 |  9.37 |  7.87 | 8.34 |  9.54 |  9.14 |  8.27 |  7.95 |  9.66 |  9.32 |  9.08 |  9.81 |  8.92 |  9.30 |  9.15 |  8.56 |  8.34 |  8.33 |  8.71 |  8.98 |  9.10 |  9.32 |  9.13 |  9.31 |  8.77 |  9.28 |
|         1 |  8.45 |  7.42 |  8.21 |  8.52 |  8.91 |  8.24 |  8.64 |  8.89 |  8.29 |  9.28 |  9.22 |  7.99 |  8.31 |  9.47 |  8.52 |  8.71 |  7.78 | 7.71 |  8.52 |  8.71 |  7.57 |  7.59 |  9.20 |  8.68 |  8.34 |  9.38 |  8.29 |  8.72 |  8.57 |  7.99 |  7.84 |  7.95 |  8.34 |  8.38 |  8.66 |  8.82 |  8.36 |  9.00 |  8.05 |  8.61 |
|         2 |  7.91 |  7.04 |  7.60 |  7.96 |  8.28 |  7.73 |  8.10 |  8.29 |  7.86 |  8.67 |  8.72 |  7.33 |  7.91 |  8.96 |  7.92 |  7.96 |  7.38 | 7.24 |  7.57 |  8.07 |  7.17 |  7.14 |  8.66 |  7.98 |  7.56 |  8.78 |  7.62 |  8.18 |  8.06 |  7.58 |  7.43 |  7.73 |  7.92 |  7.61 |  8.17 |  8.15 |  7.74 |  8.44 |  7.41 |  8.05 |
|         3 |  7.37 |  6.89 |  7.19 |  7.67 |  7.57 |  7.20 |  7.59 |  7.68 |  7.50 |  7.97 |  8.28 |  6.91 |  7.40 |  8.59 |  7.37 |  7.35 |  7.06 | 6.95 |  6.96 |  7.38 |  6.86 |  6.65 |  8.18 |  7.56 |  7.02 |  8.33 |  7.03 |  7.74 |  7.54 |  7.15 |  7.13 |  7.45 |  7.38 |  7.16 |  7.77 |  7.59 |  7.11 |  7.98 |  7.00 |  7.54 |
|         4 |  7.04 |  6.91 |  6.95 |  7.39 |  6.79 |  6.77 |  7.25 |  7.28 |  7.29 |  7.44 |  7.84 |  6.84 |  7.01 |  8.24 |  7.15 |  6.94 |  6.85 | 6.58 |  6.59 |  6.93 |  6.50 |  6.13 |  7.78 |  7.33 |  6.71 |  8.03 |  6.65 |  7.45 |  7.12 |  6.76 |  6.75 |  7.30 |  7.04 |  6.91 |  7.33 |  7.21 |  6.63 |  7.56 |  6.63 |  7.13 |
|         5 |  6.86 |  6.87 |  6.72 |  7.21 |  6.25 |  6.51 |  7.01 |  7.05 |  7.23 |  7.07 |  7.61 |  6.84 |  6.69 |  7.87 |  6.88 |  6.63 |  6.62 | 6.34 |  6.37 |  6.45 |  6.06 |  5.90 |  7.57 |  7.16 |  6.68 |  7.89 |  6.57 |  7.19 |  6.86 |  6.49 |  6.65 |  7.28 |  6.83 |  6.79 |  7.00 |  6.96 |  6.37 |  7.15 |  6.39 |  6.71 |
|         6 |  6.73 |  6.81 |  6.35 |  6.90 |  5.87 |  6.40 |  6.82 |  7.02 |  7.10 |  6.81 |  7.38 |  7.07 |  6.40 |  7.48 |  6.55 |  6.52 |  6.57 | 6.23 |  6.22 |  6.01 |  5.64 |  5.68 |  7.38 |  6.84 |  6.55 |  7.85 |  6.55 |  6.99 |  6.83 |  6.28 |  6.65 |  7.24 |  6.63 |  6.87 |  6.66 |  6.79 |  6.08 |  7.17 |  6.05 |  6.32 |
|         7 |  6.48 |  6.69 |  6.34 |  6.86 |  5.68 |  6.30 |  6.90 |  7.12 |  7.13 |  6.66 |  7.57 |  7.42 |  6.33 |  7.25 |  6.30 |  6.76 |  6.40 | 6.33 |  6.24 |  5.81 |  5.30 |  5.59 |  7.24 |  6.53 |  6.17 |  7.89 |  6.48 |  7.23 |  6.93 |  6.33 |  6.52 |  7.18 |  6.82 |  7.12 |  6.39 |  6.78 |  6.01 |  7.38 |  5.82 |  6.08 |
|         8 |  6.27 |  6.72 |  7.02 |  7.24 |  5.80 |  6.46 |  7.22 |  7.43 |  7.44 |  6.90 |  8.05 |  7.95 |  6.49 |  7.34 |  6.51 |  7.21 |  6.27 | 6.52 |  6.45 |  5.92 |  5.55 |  5.78 |  7.13 |  6.47 |  5.94 |  7.98 |  6.51 |  7.72 |  7.10 |  6.60 |  6.40 |  7.29 |  6.99 |  7.56 |  6.30 |  7.06 |  6.24 |  7.89 |  5.86 |  6.08 |
|         9 |  6.84 |  7.28 |  7.83 |  8.04 |  6.46 |  7.09 |  7.97 |  8.20 |  8.48 |  7.62 |  8.68 |  8.83 |  7.09 |  8.17 |  7.39 |  8.28 |  6.96 | 7.11 |  7.16 |  6.51 |  6.51 |  6.53 |  7.77 |  7.09 |  6.70 |  8.63 |  7.27 |  8.51 |  7.59 |  7.60 |  7.09 |  7.93 |  7.55 |  8.20 |  6.86 |  7.80 |  6.88 |  9.11 |  6.58 |  6.64 |
|        10 |  7.71 |  8.18 |  8.71 |  9.02 |  7.41 |  8.02 |  8.98 |  8.86 |  9.18 |  8.57 |  9.24 |  9.52 |  7.93 |  9.01 |  8.21 |  9.39 |  7.82 | 8.17 |  8.23 |  7.40 |  7.56 |  7.68 |  8.39 |  7.89 |  7.83 |  9.34 |  8.27 |  9.19 |  8.46 |  8.63 |  7.79 |  8.89 |  8.34 |  8.89 |  7.77 |  8.61 |  7.65 | 10.02 |  7.69 |  7.28 |
|        11 |  8.32 |  9.15 |  9.15 | 10.07 |  8.48 |  9.17 | 10.11 |  9.41 |  9.77 |  9.47 |  9.80 | 10.02 |  9.13 |  9.38 |  9.04 | 10.60 |  8.86 | 9.50 |  9.00 |  8.22 |  8.75 |  8.98 |  8.99 |  8.74 |  8.85 |  9.97 |  9.23 | 10.15 |  9.10 |  9.43 |  8.72 |  9.82 |  9.01 |  9.51 |  8.73 |  9.26 |  8.60 | 10.64 |  8.53 |  8.00 |
|        12 |  9.11 |  9.56 |  9.45 | 10.54 |  9.16 | 10.01 | 10.73 |  9.92 | 10.44 | 10.07 | 10.32 | 10.25 |  9.74 |  9.65 |  9.71 | 11.54 |  9.69 | 9.80 |  9.48 |  9.17 |  9.34 |  9.58 |  9.51 |  9.43 |  9.39 | 10.41 | 10.16 | 10.60 |  9.48 | 10.18 |  9.46 | 10.22 |  9.53 |  9.66 |  9.43 |  9.50 |  9.28 | 10.86 |  9.26 |  8.99 |
|        13 |  9.86 |  9.87 | 10.04 | 10.78 |  9.66 | 10.53 | 10.65 | 10.54 | 11.04 | 10.45 | 10.72 | 10.82 |  9.97 | 10.00 | 10.12 | 11.91 | 10.24 | 9.92 |  9.63 |  9.70 |  9.68 |  9.81 | 10.17 |  9.79 |  9.78 | 10.71 | 10.30 | 10.69 |  9.75 | 10.44 | 10.18 | 10.26 | 10.21 | 10.09 |  9.99 |  9.91 |  9.76 | 11.12 |  9.97 |  9.88 |
|        14 | 10.48 | 10.19 | 10.29 | 10.73 | 10.03 | 10.49 | 10.44 | 10.70 | 11.15 | 10.67 | 10.51 | 11.15 | 10.13 | 10.26 | 10.29 | 11.63 | 10.47 | 9.79 |  9.57 |  9.99 |  9.70 |  9.91 | 10.58 |  9.83 |  9.92 | 10.74 | 10.26 | 10.67 |  9.98 | 10.69 | 10.40 | 10.36 | 10.44 | 10.40 | 10.52 | 10.49 |  9.92 | 11.27 | 10.27 | 10.09 |
|        15 | 10.79 | 10.48 | 10.36 | 10.57 | 10.12 | 10.08 | 10.63 | 10.83 | 11.11 | 10.63 | 10.87 | 10.83 | 10.11 | 10.46 | 10.01 | 11.30 | 10.53 | 9.74 |  9.74 | 10.06 |  9.78 | 10.15 | 10.57 |  9.73 |  9.88 | 10.74 | 10.19 | 10.56 | 10.12 | 10.91 | 10.56 | 10.47 | 10.36 | 10.19 | 10.84 | 10.72 | 10.19 | 11.25 | 10.52 | 10.51 |
|        16 | 10.99 | 10.80 | 10.34 | 10.36 | 10.28 |  9.96 | 10.82 | 10.95 | 10.80 | 10.76 | 10.70 | 10.53 | 10.12 | 10.57 |  9.78 | 11.04 | 10.53 | 9.82 | 10.18 |  9.96 | 10.02 | 10.47 | 10.42 |  9.46 |  9.99 | 10.68 | 10.26 | 10.24 | 10.19 | 10.87 | 10.67 | 10.73 | 10.27 | 10.44 | 10.87 | 10.49 | 10.43 | 11.23 | 10.18 | 10.53 |
|        17 | 10.76 | 10.79 | 10.30 | 10.39 | 10.44 | 10.33 | 11.16 | 10.79 | 10.56 | 11.16 | 10.18 | 10.59 | 10.11 | 10.35 |  9.85 | 10.74 | 10.44 | 9.95 | 10.12 | 10.07 | 10.14 |  9.97 | 10.46 |  9.43 | 10.17 | 10.79 | 10.17 | 10.06 | 10.21 | 10.62 | 10.49 | 10.77 | 10.52 | 10.50 | 10.70 | 10.39 | 10.26 | 11.08 |  9.98 | 10.62 |
|        18 | 10.36 | 10.67 | 10.17 | 10.44 | 10.47 | 10.60 | 11.31 | 10.67 | 10.53 | 11.06 | 10.08 | 10.67 | 10.10 | 10.07 | 10.13 | 10.53 | 10.06 | 9.96 |  9.87 | 10.10 | 10.01 |  9.64 | 10.53 |  9.76 |  9.81 | 10.66 | 10.18 | 10.09 |  9.98 | 10.45 | 10.49 | 10.65 | 10.38 | 10.41 | 10.74 | 10.38 | 10.24 | 10.94 | 10.17 | 10.68 |
|        19 | 10.19 | 10.44 |  9.96 | 10.29 | 10.36 | 10.43 | 11.01 | 10.33 | 10.46 | 11.00 | 10.09 | 10.47 |  9.97 |  9.92 | 10.07 | 10.44 |  9.71 | 9.66 |  9.66 | 10.11 |  9.83 |  9.50 | 10.33 | 10.01 |  9.71 | 10.37 |  9.94 | 10.14 |  9.89 | 10.16 | 10.32 | 10.64 | 10.19 | 10.18 | 10.75 | 10.30 | 10.11 | 10.72 |  9.87 | 10.46 |
|        20 | 10.22 | 10.27 |  9.67 | 10.07 | 10.09 | 10.53 | 10.65 | 10.05 | 10.41 | 10.77 |  9.86 | 10.02 |  9.66 |  9.66 |  9.68 | 10.25 |  9.75 | 9.19 |  9.48 |  9.92 |  9.50 |  9.46 | 10.12 |  9.89 |  9.54 | 10.03 |  9.63 |  9.78 | 10.04 |  9.91 | 10.11 | 10.51 | 10.13 |  9.95 | 10.89 |  9.99 |  9.78 | 10.43 |  9.87 | 10.25 |
|        21 | 10.00 | 10.19 |  9.47 |  9.77 |  9.71 | 10.40 | 10.60 | 10.02 | 10.13 | 10.37 |  9.56 |  9.69 |  9.42 |  9.55 |  9.52 | 10.19 |  9.62 | 9.02 |  9.38 |  9.75 |  9.49 |  9.25 | 10.08 |  9.66 |  9.88 |  9.83 |  9.47 |  9.84 | 10.08 |  9.53 | 10.11 | 10.22 |  9.95 |  9.55 | 10.53 |  9.80 |  9.47 | 10.31 | 10.23 | 10.03 |
|        22 |  9.73 |  9.92 |  9.15 |  9.34 |  9.48 | 10.38 | 10.26 |  9.84 |  9.82 | 10.16 |  9.40 |  9.65 |  9.03 |  9.39 |  9.49 |  9.88 |  9.12 | 8.76 |  9.33 |  9.65 |  9.52 |  8.82 | 10.03 |  9.73 |  9.69 |  9.64 |  9.43 |  9.94 |  9.79 |  9.07 | 10.00 | 10.02 |  9.66 |  9.20 |  9.95 |  9.70 |  9.28 | 10.08 | 10.10 | 10.01 |
|        23 |  9.30 |  9.69 |  8.88 |  9.05 |  9.35 | 10.12 | 10.02 |  9.71 |  9.66 |  9.53 |  9.11 |  9.09 |  8.74 |  9.43 |  9.08 |  9.53 |  8.60 | 8.30 |  9.29 |  9.69 |  9.27 |  8.32 |  9.92 |  9.89 |  9.48 |  9.44 |  9.14 |  9.68 |  9.62 |  8.56 |  9.59 |  9.63 |  9.30 |  8.65 |  9.39 |  9.53 |  9.39 | 10.14 |  9.50 |  9.94 |
|        24 |  8.81 |  9.35 |  8.42 |  8.77 |  9.34 |  9.63 |  9.39 |  9.33 |  9.54 |  9.16 |  8.66 |  8.40 |  8.70 |  9.31 |  8.84 |  9.01 |  8.33 | 7.76 |  9.10 |  9.43 |  8.98 |  7.96 |  9.69 |  9.59 |  9.10 |  9.00 |  8.45 |  9.37 |  9.25 |  7.92 |  8.89 |  9.27 |  9.09 |  7.89 |  9.24 |  9.37 |  9.02 | 10.08 |  8.96 |  9.33 |
|        25 |  8.34 |  9.18 |  8.08 |  8.35 |  9.34 |  9.34 |  9.23 |  8.89 |  9.22 |  8.96 |  8.42 |  8.24 |  8.43 |  8.88 |  8.65 |  8.28 |  8.31 | 7.37 |  8.80 |  9.18 |  8.72 |  7.61 |  9.43 |  9.20 |  8.69 |  8.50 |  7.80 |  9.05 |  8.79 |  7.56 |  8.33 |  8.97 |  9.03 |  7.55 |  9.12 |  8.99 |  8.78 |  9.88 |  8.59 |  8.74 |
|        26 |  7.80 |  9.02 |  7.95 |  7.81 |  9.08 |  9.00 |  9.05 |  8.30 |  8.50 |  8.83 |  8.10 |  8.03 |  8.06 |  8.32 |  8.58 |  7.73 |  8.04 | 7.14 |  8.32 |  8.90 |  8.53 |  7.11 |  9.12 |  9.00 |  8.38 |  8.14 |  7.49 |  8.54 |  8.19 |  7.13 |  8.04 |  8.82 |  8.72 |  7.57 |  8.67 |  8.76 |  9.00 |  9.49 |  8.35 |  8.49 |
|        27 |  8.04 |  8.84 |  7.81 |  8.02 |  8.68 |  8.56 |  8.89 |  7.93 |  8.17 |  8.41 |  8.05 |  7.77 |  7.93 |  8.12 |  8.47 |  7.49 |  8.53 | 7.08 |  7.98 |  8.69 |  8.33 |  7.45 |  8.73 |  8.97 |  7.94 |  7.88 |  7.29 |  8.31 |  7.49 |  6.72 |  7.83 |  8.83 |  8.49 |  7.98 |  8.38 |  8.74 |  9.08 |  9.13 |  7.79 |  8.44 |
|        28 |  8.76 |  8.51 |  7.90 |  8.47 |  8.41 |  8.29 |  8.47 |  7.90 |  8.45 |  7.73 |  8.54 |  7.71 |  7.79 |  8.08 |  8.54 |  7.40 |  9.51 | 7.21 |  7.69 |  8.46 |  7.73 |  8.10 |  8.50 |  9.13 |  7.34 |  7.92 |  7.17 |  8.18 |  7.27 |  6.65 |  7.93 |  8.92 |  8.90 |  8.53 |  8.22 |  8.46 |  8.96 |  8.49 |  7.61 |  8.62 |
|        29 |  9.10 |  7.89 |  7.98 |  8.54 |  8.31 |  8.29 |  8.04 |  7.95 |  8.62 |  6.99 |  8.73 |  8.17 |  7.82 |  7.88 |  8.57 |  7.78 |  9.91 | 7.54 |  7.36 |  8.20 |  7.56 |  8.73 |  8.39 |  9.29 |  7.25 |  7.67 |  7.15 |  8.12 |  7.31 |  6.74 |  8.07 |  9.15 |  9.48 |  8.48 |  8.03 |  8.14 |  8.59 |  8.73 |  7.69 |  8.52 |
|        30 |  8.37 |  7.47 |  7.79 |  8.97 |  8.31 |  8.29 |  8.01 |  7.86 |  8.65 |  7.26 |  8.67 |  8.74 |  8.16 |  7.73 |  8.69 |  8.38 |  9.52 | 7.71 |  7.34 |  8.03 |  7.49 |  8.70 |  8.34 |  9.23 |  7.37 |  8.19 |  7.09 |  7.98 |  7.14 |  6.66 |  8.66 |  9.31 |  9.91 |  7.82 |  8.04 |  8.00 |  8.37 |  9.17 |  8.04 |  8.63 |
|        31 |  7.81 |  7.27 |  7.78 |  8.89 |  8.20 |  8.23 |  8.18 |  7.87 |  8.26 |  7.44 |  8.50 |  8.99 |  8.10 |  7.87 |  8.65 |  8.72 |  9.30 | 8.22 |  7.32 |  8.11 |  7.62 |  7.57 |  8.35 |  9.09 |  7.48 |  8.71 |  7.75 |  7.85 |  7.15 |  6.70 |  8.72 |  9.21 |  9.62 |  7.88 |  8.01 |  8.16 |  8.28 |  8.97 |  8.25 |  8.88 |
|        32 |  7.94 |  7.21 |  8.00 |  8.80 |  8.28 |  8.18 |  8.14 |  8.01 |  8.17 |  7.68 |  8.40 |  9.18 |  8.17 |  8.30 |  8.39 |  8.59 |  9.02 | 8.20 |  7.35 |  8.44 |  7.70 |  7.39 |  8.47 |  8.79 |  7.69 |  8.63 |  8.33 |  7.72 |  7.45 |  7.01 |  8.23 |  8.82 |  9.27 |  8.01 |  8.43 |  8.22 |  8.26 |  8.88 |  8.66 |  8.97 |
|        33 |  8.09 |  7.52 |  8.34 |  8.93 |  8.64 |  8.11 |  8.37 |  8.35 |  8.37 |  8.01 |  8.46 |  9.40 |  8.37 |  8.64 |  8.71 |  8.26 |  9.08 | 8.35 |  7.66 |  8.88 |  7.95 |  8.43 |  8.73 |  8.90 |  8.05 |  8.72 |  8.14 |  7.84 |  7.92 |  7.25 |  8.09 |  8.71 |  9.21 |  8.13 |  8.93 |  8.38 |  8.37 |  8.86 |  8.73 |  9.41 |
|        34 |  8.41 |  8.13 |  8.80 |  9.13 |  9.01 |  9.31 |  8.48 |  8.34 |  8.75 |  8.41 |  8.50 |  9.69 |  8.68 |  8.94 |  8.94 |  8.48 |  9.31 | 8.47 |  8.23 |  9.23 |  8.39 |  8.76 |  9.05 |  9.35 |  8.29 |  9.18 |  8.29 |  8.12 |  8.34 |  7.58 |  9.02 |  8.84 |  9.37 |  8.38 |  9.31 |  8.77 |  8.63 |  9.26 |  8.66 |  9.69 |
|        35 |  8.31 |  8.79 |  9.33 |  9.57 |  9.46 |  9.65 |  9.08 |  8.28 |  9.15 |  8.85 |  8.86 |  9.84 |  9.07 |  9.08 |  9.25 |  8.95 |  9.59 | 8.73 |  8.18 |  9.23 |  8.67 |  9.09 |  9.35 |  9.95 |  8.65 |  9.35 |  9.02 |  8.46 |  8.84 |  7.95 |  9.62 |  8.97 |  9.83 |  8.76 |  9.60 |  9.06 |  8.96 |  9.41 |  8.92 | 10.03 |
|        36 |  8.58 |  9.11 |  9.70 |  9.71 |  9.75 |  9.85 |  9.09 |  8.85 |  9.28 |  9.01 |  8.93 | 10.00 |  9.21 |  9.33 |  9.32 |  9.10 |  9.82 | 8.65 |  8.77 |  9.18 |  8.90 |  9.34 |  9.62 | 10.10 |  8.76 |  9.28 |  9.23 |  8.31 |  9.08 |  8.15 | 10.09 |  9.09 | 10.03 |  8.89 |  9.49 |  9.25 |  9.08 |  9.52 |  9.07 | 10.21 |
|        37 |  8.56 |  9.28 | 10.08 |  9.71 |  9.80 |  9.95 |  9.20 |  8.83 |  9.11 |  9.12 |  9.21 | 10.09 |  9.28 |  9.49 |  9.25 |  9.41 |  9.86 | 8.89 |  9.13 |  9.25 |  9.03 |  9.59 |  9.99 | 10.20 |  8.89 |  9.69 |  9.27 |  8.33 |  8.94 |  8.27 | 10.03 |  8.98 | 10.05 |  9.06 |  9.79 |  9.29 |  9.37 |  9.64 |  9.40 | 10.14 |
|        38 |  8.67 |  9.16 | 10.01 |  9.72 |  9.68 |  9.51 |  8.90 |  8.10 |  9.05 |  8.89 |  9.10 | 10.06 |  9.20 |  9.30 |  9.13 |  9.17 |  9.87 | 8.74 |  9.00 |  9.26 |  8.91 |  9.38 |  9.75 | 10.14 |  8.77 |  9.63 |  9.13 |  8.38 |  8.72 |  8.29 |  9.88 |  8.96 |  9.85 |  9.20 |  9.66 |  9.08 |  9.24 |  9.72 |  9.28 | 10.17 |
|        39 |  8.35 |  8.79 |  9.45 |  9.23 |  9.58 |  9.06 |  8.67 |  7.86 |  8.82 |  8.34 |  8.52 |  9.79 |  8.80 |  8.97 |  8.79 |  8.75 |  9.52 | 8.28 |  8.67 |  9.05 |  8.51 |  9.22 |  9.29 |  9.98 |  8.50 |  8.95 |  8.83 |  8.03 |  8.37 |  7.87 |  9.54 |  8.65 |  9.67 |  8.99 |  9.21 |  8.77 |  8.71 |  9.42 |  8.99 | 10.00 |
|        40 |  7.97 |  8.48 |  8.70 |  8.75 |  9.21 |  8.67 |  8.48 |  7.79 |  8.51 |  7.80 |  8.06 |  9.21 |  8.56 |  8.55 |  8.37 |  8.11 |  9.09 | 7.83 |  8.38 |  8.53 |  7.91 |  9.06 |  8.87 |  9.79 |  8.13 |  8.34 |  8.16 |  7.74 |  7.78 |  7.24 |  8.89 |  8.27 |  9.40 |  8.79 |  8.83 |  8.38 |  8.41 |  9.26 |  8.85 |  9.57 |
|        41 |  7.91 |  8.16 |  8.17 |  8.35 |  8.72 |  8.33 |  8.02 |  7.86 |  8.13 |  7.44 |  7.78 |  8.70 |  8.21 |  8.31 |  8.10 |  7.69 |  8.55 | 7.57 |  8.20 |  8.10 |  7.40 |  8.62 |  8.43 |  9.61 |  7.80 |  8.10 |  7.81 |  7.31 |  7.40 |  6.51 |  8.33 |  8.13 |  9.07 |  8.60 |  8.32 |  7.87 |  8.15 |  8.93 |  8.49 |  9.23 |
|        42 |  7.73 |  7.70 |  7.67 |  8.18 |  8.55 |  7.91 |  7.90 |  7.69 |  7.77 |  7.46 |  7.43 |  8.30 |  8.05 |  7.74 |  7.97 |  7.41 |  8.18 | 7.39 |  7.82 |  8.09 |  6.97 |  8.20 |  8.25 |  9.48 |  7.50 |  8.07 |  7.66 |  6.99 |  7.02 |  6.30 |  8.20 |  7.99 |  8.72 |  8.50 |  8.10 |  7.65 |  7.90 |  8.66 |  8.39 |  8.71 |
|        43 |  7.42 |  7.55 |  7.39 |  7.84 |  8.37 |  7.69 |  7.94 |  7.19 |  7.52 |  7.19 |  7.00 |  8.21 |  7.63 |  6.96 |  7.61 |  7.18 |  8.04 | 7.35 |  7.32 |  8.18 |  6.67 |  7.93 |  7.99 |  9.33 |  6.84 |  7.84 |  7.53 |  6.66 |  6.85 |  6.47 |  8.29 |  7.79 |  8.34 |  8.36 |  7.89 |  7.71 |  7.73 |  8.41 |  8.00 |  8.62 |
|        44 |  7.01 |  7.49 |  7.51 |  7.94 |  8.37 |  7.62 |  7.97 |  6.73 |  7.24 |  6.80 |  6.64 |  8.26 |  7.30 |  6.42 |  7.42 |  7.13 |  7.98 | 7.17 |  7.20 |  8.22 |  6.67 |  7.59 |  7.77 |  9.08 |  6.35 |  7.78 |  7.51 |  6.63 |  6.73 |  6.36 |  8.06 |  7.33 |  8.06 |  8.28 |  7.60 |  7.80 |  7.47 |  8.31 |  7.69 |  8.83 |
|        45 |  6.82 |  7.20 |  7.47 |  8.08 |  8.41 |  7.50 |  7.72 |  6.50 |  6.90 |  6.94 |  6.46 |  8.21 |  6.75 |  6.02 |  7.13 |  6.89 |  8.00 | 7.17 |  6.97 |  7.90 |  6.62 |  7.36 |  7.66 |  8.81 |  5.83 |  7.77 |  7.38 |  6.58 |  6.51 |  6.15 |  7.88 |  6.80 |  7.84 |  8.21 |  7.34 |  7.64 |  7.10 |  7.87 |  7.52 |  8.74 |
|        46 |  6.96 |  6.96 |  7.31 |  7.92 |  8.31 |  7.30 |  7.35 |  6.48 |  6.83 |  6.75 |  6.40 |  8.01 |  6.34 |  5.90 |  6.84 |  6.57 |  7.98 | 7.20 |  6.84 |  7.51 |  6.69 |  7.41 |  7.45 |  8.45 |  5.65 |  7.82 |  7.21 |  6.47 |  6.31 |  5.90 |  7.74 |  6.54 |  7.77 |  8.07 |  7.35 |  7.50 |  6.90 |  7.68 |  7.43 |  8.36 |
|        47 |  6.90 |  6.77 |  7.21 |  7.66 |  8.28 |  7.24 |  6.72 |  6.61 |  6.70 |  6.37 |  6.16 |  7.49 |  6.36 |  6.21 |  6.78 |  6.56 |  7.82 | 6.90 |  6.82 |  7.52 |  6.73 |  7.38 |  7.32 |  8.18 |  5.54 |  7.71 |  7.19 |  6.49 |  5.99 |  5.75 |  7.59 |  6.39 |  7.68 |  7.89 |  7.42 |  7.38 |  6.99 |  7.43 |  7.30 |  7.93 |
|        48 |  7.02 |  6.66 |  7.15 |  7.29 |  8.26 |  7.39 |  6.37 |  6.82 |  6.56 |  5.99 |  6.13 |  6.95 |  6.10 |  6.55 |  6.83 |  6.73 |  7.54 | 6.58 |  6.79 |  7.53 |  6.52 |  7.61 |  7.21 |  8.22 |  5.48 |  7.75 |  7.23 |  6.64 |  5.85 |  5.61 |  7.68 |  6.35 |  7.88 |  7.73 |  7.68 |  7.43 |  7.20 |  7.18 |  7.25 |  7.57 |
|        51 |  7.07 |  6.10 |  6.89 |  6.43 |  7.19 |  7.66 |  6.02 |  6.94 |  6.48 |  5.31 |  6.30 |  6.84 |  5.46 |  6.93 |  6.94 |  6.58 |  7.61 | 5.71 |  6.54 |  7.01 |  6.02 |  7.14 |  7.34 |  7.99 |  5.84 |  7.91 |  7.11 |  6.43 |  5.73 |  5.40 |  7.59 |  6.14 |  8.16 |  6.88 |  7.53 |  7.04 |  6.91 |  6.82 |  7.13 |  7.38 |
|        54 |  6.54 |  5.93 |  6.79 |  6.09 |  6.52 |  7.33 |  5.76 |  6.73 |  5.88 |  4.47 |  6.19 |  6.70 |  5.79 |  6.78 |  6.83 |  6.98 |  7.64 | 5.34 |  6.90 |  6.58 |  5.60 |  6.68 |  7.33 |  8.24 |  5.79 |  7.86 |  6.79 |  6.27 |  5.73 |  5.03 |  6.83 |  5.71 |  5.66 |  5.86 |  7.15 |  6.94 |  6.24 |  6.22 |  6.64 |  7.53 |
|        57 |  5.77 |  5.85 |  7.24 |  6.40 |  6.68 |  7.16 |  6.35 |  6.37 |  5.97 |  4.58 |  5.96 |  7.38 |  6.80 |  6.63 |  6.67 |  7.29 |  7.63 | 5.41 |  6.70 |  6.56 |  5.82 |  6.75 |  7.44 |  8.46 |  6.27 |  6.42 |  7.06 |  6.23 |  6.10 |  5.02 |  6.97 |  5.78 |  4.75 |  6.04 |  7.37 |  6.93 |  6.10 |  6.33 |  6.47 |  7.25 |
|        60 |  6.05 |  6.80 |  8.41 |  8.05 |  7.76 |  8.96 |  6.68 |  6.34 |  7.39 |  6.72 |  7.13 |  8.10 |  7.78 |  7.34 |  7.05 |  9.46 |  8.26 | 6.27 |  6.42 |  7.20 |  7.04 |  7.81 |  8.34 |  6.59 |  8.03 |  5.66 |  8.55 |  6.85 |  7.93 |  6.54 |  7.45 |  7.11 |  5.24 |  6.06 |  7.84 |  7.65 |  6.89 |  6.73 |  6.66 |  8.18 |
|        63 |  5.56 |  5.23 |  7.51 |  5.29 |  7.76 |  7.54 |  6.10 |  6.04 |  7.10 |  6.02 |  7.21 |  7.68 |  7.25 |  7.25 |  7.08 |  7.62 |  8.68 | 5.78 |  5.52 |  6.30 |  6.61 |  7.84 |  7.97 |  5.70 |  8.03 |  5.14 |  8.05 |  6.11 |  7.28 |  6.91 |  7.09 |  6.23 |  4.45 |  6.48 |  7.56 |  7.34 |  6.74 |  6.62 |  4.33 |  8.22 |
|        66 |  4.62 |  3.29 |  5.64 |  3.74 |  6.60 |  4.13 |  5.30 |  5.84 |  5.92 |  4.86 |  6.49 |  6.58 |  6.38 |  6.43 |  7.20 |  6.10 |  4.75 | 5.27 |  1.40 |  4.99 |  5.88 |  6.67 |  6.98 |  4.61 |  5.45 |  4.13 |  6.77 |  5.32 |  5.91 |  5.62 |  6.70 |  5.73 |  3.01 |  6.01 |  7.03 |  6.34 |  5.94 |  5.95 |  2.96 |  7.51 |
|        69 |  3.80 |  2.16 |  4.86 |  3.48 |  6.09 |  3.55 |  5.22 |  5.48 |  3.38 |  4.59 |  3.85 |  3.76 |  5.73 |  6.31 |  6.04 |  6.43 |  3.70 | 4.87 |  1.06 |  2.59 |  5.75 |  5.09 |  6.25 |  4.14 |  3.04 |  2.92 |  5.84 |  1.95 |  5.33 |  3.73 |  6.59 |  5.79 |  2.65 |  4.98 |  6.31 |  6.10 |  5.77 |  6.33 |  2.54 |  7.00 |
|        72 |  3.07 |  1.02 |  4.34 |  3.71 |  6.24 |  2.37 |  2.99 |  3.54 |  2.86 |  4.07 |  2.28 |  2.99 |  3.09 |  5.85 |  4.04 |  6.11 |  3.10 | 4.91 |  1.94 |  1.20 |  5.00 |  4.58 |  5.80 |  3.86 |  1.91 |  1.21 |  5.46 |  1.76 |  5.29 |  1.61 |  6.50 |  3.00 |  2.27 |  4.89 |  5.76 |  5.56 |  5.09 |  5.27 |  2.13 |  7.29 |
|        78 |  2.02 |  0.97 |  2.04 |  3.19 |  3.82 |  2.43 |  1.96 |  2.72 |  0.44 |  4.23 |  2.62 |  3.27 |  3.01 |  3.66 |  3.44 |  5.11 |  2.57 | 2.24 |  2.74 |  0.71 |  2.87 |  3.50 |  5.55 |  3.23 |  3.32 |  1.87 |  3.58 |  2.20 |  3.36 |  1.84 |  4.35 |  2.94 |  2.11 |  3.19 |  4.89 |  2.41 |  2.27 |  4.06 |  1.64 |  5.54 |
|        84 |  3.10 |  3.20 |  3.61 |  4.90 |  4.56 |  4.06 |  3.98 |  4.08 |  2.79 |  5.44 |  4.22 |  4.28 |  3.92 |  4.68 |  4.17 |  4.16 |  4.28 | 3.96 |  3.91 |  3.93 |  3.90 |  5.63 |  3.77 |  4.65 |  3.71 |  2.34 |  4.72 |  3.09 |  4.34 |  2.93 |  4.16 |  3.81 |  5.34 |  4.99 |  5.77 |  3.86 |  2.47 |  5.33 |  2.86 |  5.56 |
|        90 |  2.74 |  2.84 |  2.21 |  4.17 |  2.34 |  3.14 |  3.64 |  4.02 |  1.90 |  3.48 |  3.67 |  2.21 |  3.70 |  3.97 |  3.06 |  2.79 |  4.10 | 2.61 |  3.50 |  4.08 |  3.22 |  5.42 |  3.16 |  3.57 |  4.00 |  3.94 |  5.06 |  1.31 |  4.21 |  3.50 |  4.02 |  2.94 |  5.02 |  3.13 |  4.33 |  3.45 |  1.79 |  4.17 |  1.76 |  3.95 |
|        96 |  1.75 |  1.50 |  2.76 |  2.03 |  2.19 |  0.62 |  1.90 |  3.42 |  1.52 |  3.42 |  4.20 |  0.10 |  3.27 |  1.22 |  2.30 |  1.00 |  3.10 | 2.48 |  2.16 |  3.12 |  3.07 |  4.83 |  2.82 |  2.84 |  3.91 |  3.10 |  4.50 |  2.94 |  3.96 |  3.18 |  1.34 |  2.54 |  2.68 |  1.55 |  3.98 |  3.70 |  3.47 |  3.03 |  1.18 |  2.95 |
|       102 |  2.69 |  0.25 |  1.80 |  1.42 |  2.85 |  0.60 |  0.91 |  1.96 | -1.32 |  2.00 |  3.11 |  0.61 |  1.32 | -0.90 |  0.99 |  2.17 |  1.98 | 2.85 |  1.22 |  0.77 |  3.37 |  3.34 |  3.18 |  2.53 |  2.23 |  0.93 |  4.17 |  1.72 |  2.31 |  2.24 |  0.55 |  3.11 | -0.76 |  1.93 |  0.77 |  2.21 |  2.30 | -0.01 |  0.99 |  1.98 |
|       108 |  0.24 |  1.22 |  3.69 |  3.08 |  4.82 |  4.33 |  2.33 |  3.93 | -0.01 |  0.66 |  2.88 |  3.32 |  1.47 |  1.11 |  2.87 |  2.89 |  3.20 | 3.95 |  2.38 |  2.53 |  3.93 |  3.00 |  4.41 |  4.49 |  1.69 |  2.91 |  4.07 |  1.58 |  0.94 |  2.67 |  3.16 |  2.23 | -0.13 |  4.15 |  0.50 |  3.35 |  3.50 |  4.27 |  2.39 |  3.80 |
|       114 | -2.86 |  0.77 |  1.05 |  2.47 |  3.34 |  1.73 | -0.03 |  2.13 | -1.35 | -0.71 |  2.32 |  2.23 | -0.39 |  0.61 |  1.77 | -0.65 |  1.16 | 2.63 |  0.64 |  1.77 |  0.13 |  2.97 |  2.22 |  3.36 | -0.80 |  0.44 |  4.08 |  0.82 | -0.11 |  1.19 |  1.02 | -0.71 | -0.71 |  2.25 | -0.52 |  0.80 |  1.43 |  2.46 |  1.01 |  3.47 |
|       120 | -4.07 |  1.57 |  0.37 |  2.84 |  3.08 | -0.63 | -0.83 |  0.95 | -1.03 | -2.66 |  4.08 |  0.56 | -0.29 |  0.29 |  1.02 | -2.54 | -1.51 | 1.63 |  3.93 |  2.41 | -2.22 |  3.34 |  1.14 |  1.94 | -1.14 | -0.08 |  5.84 |  0.20 | -0.52 |  0.17 |  0.75 | -1.80 |  1.15 |  3.85 |  0.02 | -0.29 |  2.37 |  2.36 | -0.34 |  1.68 |
