# variable: Momentary Wind Speed at 10m
# units: km/h
# 
| fcst_hour |     1 |     2 |     3 |     4 |     5 |     6 |     7 |     8 |     9 |    10 |    11 |    12 |    13 |    14 |    15 |    16 |    17 |    18 |    19 |    20 |    21 |    22 |    23 |    24 |    25 |    26 |    27 |    28 |    29 |    30 |    31 |    32 |    33 |    34 |    35 |    36 |    37 |    38 |    39 |    40 |
|         0 |  7.01 |  6.20 |  7.65 |  7.45 |  7.85 |  8.40 |  7.94 |  7.54 |  7.86 |  6.52 |  7.59 |  7.67 |  5.82 |  6.70 |  6.24 |  7.02 |  7.77 |  6.90 |  9.26 |  6.62 |  6.36 |  5.95 |  7.33 |  8.04 |  6.70 |  6.09 |  7.31 |  6.52 |  7.03 |  5.61 |  7.15 |  6.10 |  6.90 |  7.66 |  5.62 |  8.10 |  7.69 |  6.89 |  9.16 |  7.06 |
|         1 |  8.76 |  7.39 |  8.38 |  8.37 |  8.33 |  9.34 |  8.72 |  9.70 |  9.44 |  7.39 |  9.11 |  8.42 |  6.78 |  7.39 |  7.43 |  8.41 |  9.21 |  8.06 | 10.60 |  7.59 |  7.97 |  6.79 |  8.51 |  9.13 |  7.84 |  6.71 |  8.11 |  7.43 |  8.21 |  6.19 |  8.15 |  7.76 |  7.23 |  9.20 |  7.17 |  9.44 |  8.73 |  8.17 | 10.45 |  7.33 |
|         2 |  9.49 |  9.17 |  9.10 | 10.22 |  8.94 | 10.35 | 10.09 | 11.24 | 10.74 |  8.14 | 10.51 |  9.46 |  8.27 |  8.27 |  8.18 | 11.00 | 10.53 |  9.47 | 11.72 |  8.52 |  8.84 |  8.03 |  9.60 | 11.39 |  9.28 |  8.37 |  9.18 |  8.02 |  9.69 |  6.97 |  8.85 |  9.07 |  8.38 | 10.86 |  8.31 | 11.20 | 10.45 |  9.43 | 11.47 |  8.38 |
|         3 |  9.92 |  9.61 |  9.27 | 11.04 |  9.91 | 11.07 | 10.83 | 12.12 | 11.08 |  8.62 | 10.64 |  9.84 |  8.81 |  8.65 |  8.47 | 11.01 | 11.12 | 11.08 | 11.13 |  8.73 |  9.24 |  9.48 | 10.09 | 11.80 | 10.58 |  9.15 |  9.86 |  8.34 | 10.41 | 10.13 |  9.20 | 10.58 |  9.30 | 10.65 | 11.89 | 12.44 | 10.79 | 10.67 | 11.32 |  9.06 |
|         4 | 10.52 |  9.67 |  9.13 | 12.47 | 10.79 | 12.10 | 12.31 | 11.82 | 11.23 |  8.77 | 10.28 | 10.31 |  8.77 |  8.62 |  8.88 | 10.67 | 11.05 | 10.72 | 10.56 |  8.95 |  9.65 | 11.56 | 11.44 | 12.56 | 10.78 |  9.34 | 10.47 |  9.83 | 10.66 |  9.44 |  9.97 | 11.52 |  9.77 | 10.63 | 10.22 | 12.10 | 11.34 | 10.94 | 11.18 |  8.96 |
|         5 | 10.90 | 10.49 |  9.22 | 13.73 | 11.87 | 12.02 | 12.30 | 11.45 | 12.18 |  9.68 |  9.70 | 10.36 |  9.47 |  9.38 |  9.45 | 11.77 | 11.18 | 11.94 |  9.75 |  8.86 |  9.77 | 12.29 | 11.65 | 11.94 | 10.93 |  9.68 | 10.89 | 10.35 |  9.65 |  9.52 | 10.83 | 11.48 |  9.91 | 11.21 | 10.75 | 11.54 | 12.05 | 10.85 | 11.00 |  9.27 |
|         6 | 11.48 | 11.97 | 10.01 | 13.48 | 10.97 | 12.27 | 13.08 | 11.98 | 11.71 | 10.57 |  9.30 |  9.89 | 10.09 |  9.46 |  9.55 | 12.83 | 11.25 | 10.69 | 10.05 |  8.64 |  9.87 | 13.07 | 11.76 | 12.44 |  9.62 |  9.48 | 11.23 | 11.17 | 10.18 |  9.69 | 12.11 | 12.40 | 10.71 | 12.07 | 11.08 | 11.53 | 12.71 | 10.71 | 11.29 | 11.13 |
|         7 | 11.58 | 12.33 | 10.91 | 12.54 | 11.35 | 13.07 | 13.78 | 13.04 | 12.19 | 10.91 | 10.60 | 10.25 | 11.06 | 10.59 |  9.41 | 12.56 | 11.44 | 11.02 | 11.87 |  9.02 | 10.60 | 13.63 | 12.31 | 13.40 | 10.38 |  9.68 | 12.30 | 12.16 | 10.88 |  9.60 | 12.21 | 12.82 | 12.45 | 13.03 | 12.42 | 12.67 | 12.60 | 10.50 | 12.34 | 11.84 |
|         8 | 12.08 | 12.73 | 11.37 | 13.47 | 12.64 | 14.31 | 13.25 | 14.57 | 12.77 | 10.97 | 11.89 | 11.43 | 12.02 | 11.61 | 10.60 | 13.74 | 11.41 | 12.60 | 13.72 | 10.04 | 11.48 | 14.79 | 13.88 | 13.17 | 11.52 | 10.99 | 12.93 | 12.00 | 11.31 | 10.69 | 13.65 | 13.84 | 13.23 | 13.53 | 12.83 | 13.01 | 12.64 | 11.29 | 12.85 | 12.50 |
|         9 | 12.29 | 12.61 | 11.04 | 14.85 | 14.41 | 15.14 | 14.95 | 15.11 | 13.03 | 10.33 | 13.52 | 13.64 | 12.42 | 11.56 | 11.74 | 15.91 | 10.94 | 16.91 | 14.95 | 11.55 | 11.27 | 14.61 | 17.44 | 14.04 | 13.74 | 15.69 | 13.48 | 11.95 | 11.12 | 11.16 | 13.99 | 14.34 | 14.76 | 14.24 | 13.34 | 15.17 | 14.80 | 13.27 | 13.35 | 12.91 |
|        10 | 14.35 | 12.39 | 10.91 | 16.68 | 16.05 | 15.13 | 14.93 | 15.49 | 13.77 | 10.74 | 15.16 | 12.81 | 12.09 | 10.92 | 13.74 | 15.46 | 10.46 | 12.47 | 14.00 | 11.62 | 11.24 | 14.35 | 16.00 | 12.19 | 14.29 | 14.98 | 13.69 | 12.07 | 11.24 | 11.33 | 14.36 | 15.92 | 14.72 | 15.80 | 12.65 | 12.91 | 13.68 | 10.76 | 12.32 | 12.20 |
|        11 | 14.32 | 12.79 | 13.17 | 15.98 | 15.06 | 13.25 | 14.84 | 14.66 | 14.19 | 11.70 | 15.00 | 13.48 | 12.60 | 11.67 | 13.52 | 15.15 | 10.29 | 15.62 | 13.15 | 12.22 | 11.35 | 14.70 | 14.39 | 13.71 | 14.23 | 14.85 | 16.65 | 12.28 | 10.91 | 11.04 | 14.23 | 15.41 | 15.37 | 15.57 | 14.45 | 11.89 | 13.05 | 13.61 | 15.17 | 13.88 |
|        12 | 13.91 | 12.86 | 12.32 | 15.60 | 15.19 | 12.49 | 13.97 | 14.05 | 13.09 | 11.05 | 13.67 | 12.14 | 12.61 | 13.78 | 13.32 | 15.11 |  9.91 | 14.72 | 12.27 | 12.96 | 10.38 | 15.45 | 12.84 | 11.91 | 13.89 | 15.27 | 13.33 | 12.11 | 10.13 | 11.20 | 12.74 | 15.12 | 15.60 | 14.30 | 13.72 | 12.95 | 12.18 | 12.26 | 13.51 | 11.92 |
|        13 | 13.39 | 12.92 | 11.77 | 15.13 | 13.43 | 11.57 | 12.98 | 13.28 | 12.71 | 10.94 | 12.91 | 12.76 | 12.16 | 12.80 | 12.96 | 14.25 |  9.78 | 12.53 | 11.02 | 12.17 |  9.87 | 14.74 | 11.12 | 11.56 | 13.39 | 13.75 | 13.06 | 10.84 |  9.67 | 11.00 | 12.78 | 13.17 | 15.05 | 12.62 | 14.95 | 11.38 | 10.27 | 11.24 | 11.49 | 12.42 |
|        14 | 11.42 | 12.30 | 10.43 | 12.90 | 11.56 | 10.58 | 11.32 | 12.33 | 11.25 | 10.42 | 10.52 | 11.46 | 12.46 | 10.90 |  9.79 | 12.18 |  9.41 | 10.44 | 11.48 | 11.98 |  9.35 | 13.96 | 10.54 | 11.60 | 12.46 | 10.31 | 12.73 | 10.78 |  9.55 | 11.76 | 11.71 | 12.86 | 12.18 | 11.27 | 12.05 | 10.87 | 10.13 | 10.08 | 12.06 | 11.14 |
|        15 | 10.25 | 11.81 |  9.86 | 13.00 | 11.60 |  9.61 | 10.45 | 12.36 | 10.52 |  9.94 | 10.13 | 10.95 | 12.94 | 11.14 | 10.09 | 11.68 |  9.35 | 10.41 | 11.84 | 12.16 |  9.38 | 12.75 | 10.54 | 12.25 | 12.56 | 11.50 | 12.81 | 10.46 |  9.65 | 11.93 | 12.27 | 13.17 | 12.16 | 11.76 | 11.53 | 10.89 | 10.31 | 10.35 | 12.87 | 10.76 |
|        16 | 10.74 | 12.15 | 10.22 | 13.69 | 11.15 | 10.14 | 10.58 | 12.65 | 10.79 |  9.98 | 10.90 | 11.50 | 12.33 | 11.63 | 12.17 | 11.55 |  9.39 | 11.55 | 11.31 | 12.04 |  9.27 | 13.81 | 11.57 | 11.94 | 12.33 | 11.90 | 13.07 | 10.11 |  9.54 | 11.98 | 12.95 | 13.19 | 13.70 | 11.28 | 12.97 | 11.47 |  9.91 | 10.12 | 12.13 | 11.08 |
|        17 | 10.75 | 12.11 | 10.56 | 13.86 | 11.74 | 10.70 | 10.21 | 13.03 | 11.16 | 10.82 | 12.21 | 12.13 | 11.99 | 11.15 | 12.42 | 12.44 |  9.29 | 10.88 | 11.52 | 11.99 | 10.01 | 13.70 | 11.27 | 11.07 | 11.98 | 12.32 | 13.41 | 10.54 |  9.92 | 12.02 | 12.26 | 14.01 | 14.83 | 10.98 | 14.46 | 11.39 |  9.77 |  9.63 | 12.20 | 11.89 |
|        18 | 12.78 | 11.72 | 10.50 | 12.94 | 11.94 | 10.66 | 10.09 | 12.71 | 10.41 | 11.04 | 12.65 | 11.23 | 11.89 | 11.24 | 12.15 | 12.16 |  9.62 | 10.85 | 12.02 | 12.04 | 10.65 | 12.89 | 10.80 | 11.50 | 12.67 | 13.17 | 13.21 | 10.05 | 10.68 | 12.06 | 12.37 | 14.13 | 15.48 | 10.41 | 14.97 | 11.21 |  9.67 |  9.91 | 12.26 | 12.66 |
|        19 | 11.93 | 11.71 | 10.89 | 12.05 | 11.54 | 10.68 | 10.36 | 11.66 | 10.87 | 10.65 | 12.23 | 12.43 | 11.62 | 11.75 | 11.87 | 11.35 | 10.07 | 10.95 | 12.73 | 12.85 | 10.71 | 12.92 | 10.37 | 11.56 | 13.14 | 13.45 | 12.98 | 10.06 | 10.86 | 13.06 | 13.30 | 13.06 | 14.35 | 10.85 | 14.98 | 10.94 |  9.47 | 10.82 | 12.87 | 12.96 |
|        20 | 11.82 | 10.78 | 11.55 | 12.04 | 12.74 | 10.51 | 10.19 | 11.37 | 12.01 | 10.67 | 13.16 | 12.15 | 10.73 | 12.22 | 12.48 | 11.02 | 10.40 | 11.19 | 12.31 | 13.03 | 10.85 | 12.60 | 10.63 | 10.71 | 14.17 | 14.00 | 12.49 | 10.32 | 11.15 | 13.56 | 13.41 | 12.46 | 13.15 | 11.33 | 14.43 | 10.86 | 10.19 | 11.30 | 13.28 | 11.64 |
|        21 | 13.07 | 10.60 | 11.83 | 11.39 | 13.92 | 11.89 | 10.50 | 11.35 | 12.21 | 10.94 | 12.66 | 12.16 | 11.06 | 13.06 | 12.96 | 10.90 | 11.04 | 12.04 | 12.22 | 13.36 | 11.13 | 12.40 |  9.90 | 10.75 | 13.95 | 13.71 | 12.55 | 10.24 | 10.58 | 14.08 | 13.17 | 12.47 | 13.52 | 10.86 | 13.22 | 10.99 | 10.81 | 10.94 | 12.62 | 12.34 |
|        22 | 13.27 | 10.51 | 12.07 | 10.93 | 14.20 | 11.76 | 11.09 | 11.26 | 11.87 | 10.81 | 12.76 | 12.93 | 11.22 | 12.81 | 13.63 | 10.38 | 11.02 | 11.86 | 13.59 | 14.23 | 11.18 | 12.68 | 10.08 | 11.31 | 13.59 | 13.82 | 13.66 | 10.01 | 10.95 | 13.69 | 14.16 | 11.74 | 14.03 | 11.34 | 13.81 |  9.95 | 10.09 | 10.90 | 13.44 | 12.76 |
|        23 | 12.95 | 10.27 | 12.39 | 10.50 | 13.25 | 12.73 | 10.55 | 11.60 | 12.94 | 11.24 | 13.17 | 12.49 | 11.42 | 13.05 | 13.67 |  9.65 | 11.28 | 11.42 | 13.98 | 14.63 | 11.79 | 12.48 | 10.47 | 11.70 | 13.05 | 14.22 | 14.30 | 10.05 | 11.43 | 13.80 | 14.46 | 12.32 | 13.40 | 11.30 | 14.23 | 10.74 |  9.34 | 11.30 | 14.12 | 12.86 |
|        24 | 12.62 | 10.62 | 12.58 | 10.51 | 12.56 | 12.74 | 10.36 | 12.05 | 12.89 | 11.67 | 13.81 | 13.36 | 11.28 | 13.22 | 13.35 |  9.97 | 12.03 | 12.46 | 12.70 | 14.59 | 13.03 | 11.86 | 10.75 | 11.89 | 12.89 | 14.15 | 14.18 | 10.90 | 12.21 | 13.45 | 13.09 | 12.23 | 12.07 | 10.87 | 14.48 | 12.21 | 10.86 | 12.39 | 13.76 | 12.92 |
|        25 | 13.22 | 12.31 | 12.79 | 12.69 | 14.00 | 13.62 | 11.65 | 12.46 | 12.70 | 10.86 | 14.38 | 14.84 | 11.54 | 13.99 | 13.31 | 10.78 | 13.09 | 12.57 | 14.83 | 14.46 | 13.08 | 12.55 | 10.80 | 11.64 | 13.64 | 14.46 | 13.73 | 11.83 | 13.06 | 14.21 | 14.55 | 12.70 | 14.25 | 11.75 | 15.09 | 13.26 | 13.08 | 12.06 | 13.84 | 14.35 |
|        26 | 13.63 | 13.98 | 12.60 | 13.44 | 14.08 | 14.06 | 12.33 | 13.58 | 13.14 | 12.11 | 15.96 | 15.33 | 12.41 | 14.34 | 15.71 | 12.85 | 13.10 | 13.28 | 14.62 | 14.97 | 13.46 | 14.64 | 11.56 | 11.91 | 13.69 | 14.53 | 14.53 | 11.50 | 12.54 | 14.07 | 15.35 | 14.23 | 12.47 | 13.40 | 14.84 | 14.31 | 13.10 | 12.05 | 13.74 | 15.51 |
|        27 | 14.00 | 14.41 | 13.58 | 13.53 | 14.52 | 14.69 | 12.76 | 15.46 | 14.50 | 12.24 | 16.09 | 15.75 | 13.02 | 14.88 | 15.90 | 13.01 | 14.35 | 13.90 | 15.76 | 15.38 | 14.47 | 15.67 | 13.24 | 13.17 | 15.28 | 15.47 | 14.93 | 13.45 | 12.50 | 14.45 | 15.79 | 15.70 | 12.46 | 14.32 | 15.51 | 15.01 | 13.69 | 13.24 | 15.42 | 15.66 |
|        28 | 14.06 | 13.48 | 15.37 | 14.29 | 14.51 | 15.85 | 12.89 | 13.91 | 14.86 | 13.26 | 15.70 | 15.91 | 14.15 | 15.33 | 15.35 | 12.80 | 14.61 | 13.42 | 15.94 | 14.82 | 14.84 | 14.89 | 13.68 | 14.86 | 15.37 | 14.07 | 16.32 | 15.27 | 13.52 | 13.82 | 15.28 | 16.35 | 14.61 | 15.23 | 15.56 | 15.63 | 13.88 | 14.68 | 15.57 | 14.93 |
|        29 | 15.14 | 14.06 | 17.00 | 14.89 | 14.29 | 16.60 | 13.69 | 14.32 | 15.30 | 14.06 | 15.96 | 15.37 | 13.93 | 16.15 | 16.67 | 15.69 | 14.67 | 13.87 | 16.52 | 15.80 | 14.94 | 15.15 | 14.96 | 15.32 | 15.58 | 13.65 | 16.02 | 13.95 | 14.17 | 15.49 | 16.85 | 15.09 | 15.34 | 15.23 | 17.25 | 15.49 | 15.36 | 13.22 | 14.64 | 15.02 |
|        30 | 15.71 | 14.94 | 16.78 | 15.67 | 13.96 | 16.62 | 14.26 | 14.86 | 16.26 | 14.90 | 15.83 | 15.52 | 14.57 | 14.71 | 15.90 | 15.84 | 14.72 | 15.17 | 15.84 | 16.23 | 15.69 | 14.14 | 15.34 | 15.05 | 15.67 | 14.25 | 15.97 | 14.63 | 14.11 | 16.43 | 17.25 | 15.71 | 15.30 | 14.55 | 15.99 | 16.30 | 15.13 | 13.91 | 15.51 | 15.42 |
|        31 | 15.40 | 14.83 | 15.02 | 15.15 | 15.18 | 15.67 | 15.17 | 15.41 | 14.78 | 14.09 | 16.23 | 15.65 | 14.82 | 15.42 | 15.19 | 16.04 | 15.05 | 15.02 | 15.62 | 14.83 | 15.51 | 15.25 | 15.90 | 16.67 | 15.91 | 14.39 | 15.47 | 14.56 | 14.31 | 16.37 | 17.63 | 15.55 | 14.61 | 15.12 | 16.76 | 17.53 | 14.87 | 14.35 | 16.01 | 15.31 |
|        32 | 15.88 | 16.09 | 15.41 | 14.47 | 16.25 | 15.69 | 16.36 | 16.31 | 15.03 | 14.25 | 20.16 | 16.64 | 15.06 | 14.64 | 16.54 | 15.38 | 14.72 | 14.76 | 15.06 | 15.12 | 15.97 | 16.78 | 16.13 | 16.99 | 15.86 | 14.91 | 17.03 | 14.82 | 16.00 | 16.46 | 17.82 | 15.81 | 14.98 | 16.37 | 15.79 | 17.61 | 15.79 | 14.30 | 15.93 | 16.31 |
|        33 | 16.54 | 16.90 | 18.89 | 14.43 | 16.55 | 18.28 | 16.46 | 16.38 | 17.56 | 15.13 | 19.12 | 15.87 | 18.05 | 15.80 | 16.67 | 15.27 | 14.76 | 15.88 | 15.41 | 14.97 | 16.12 | 16.70 | 16.16 | 15.64 | 16.09 | 15.51 | 19.64 | 15.04 | 16.74 | 17.26 | 17.03 | 15.96 | 15.16 | 15.72 | 15.91 | 16.29 | 15.59 | 16.68 | 16.38 | 17.43 |
|        34 | 14.93 | 16.36 | 16.19 | 15.12 | 16.83 | 20.76 | 14.57 | 16.72 | 17.32 | 15.76 | 16.14 | 15.74 | 18.37 | 18.05 | 16.97 | 15.29 | 14.55 | 15.70 | 15.40 | 17.61 | 15.90 | 19.54 | 15.23 | 15.66 | 15.78 | 15.62 | 17.62 | 14.45 | 15.76 | 17.33 | 17.50 | 16.21 | 15.02 | 15.77 | 18.00 | 15.98 | 15.69 | 15.54 | 16.45 | 17.68 |
|        35 | 14.58 | 16.26 | 17.30 | 15.02 | 16.94 | 17.72 | 14.72 | 16.30 | 17.19 | 15.43 | 16.09 | 15.31 | 16.81 | 14.67 | 16.43 | 15.02 | 13.23 | 15.27 | 14.98 | 16.46 | 15.62 | 17.08 | 15.30 | 16.81 | 15.54 | 16.12 | 17.62 | 14.30 | 16.31 | 17.31 | 17.01 | 15.78 | 15.41 | 16.15 | 17.29 | 15.96 | 16.79 | 15.72 | 16.98 | 17.51 |
|        36 | 14.24 | 15.75 | 17.31 | 15.82 | 18.27 | 18.14 | 14.09 | 15.89 | 17.05 | 14.82 | 16.88 | 14.77 | 18.33 | 15.05 | 16.40 | 15.48 | 12.36 | 16.91 | 14.48 | 16.19 | 15.74 | 17.19 | 15.53 | 17.10 | 16.78 | 15.95 | 18.31 | 13.47 | 16.41 | 16.84 | 16.08 | 15.54 | 15.33 | 15.93 | 15.90 | 15.93 | 16.17 | 13.92 | 17.63 | 17.89 |
|        37 | 13.58 | 16.35 | 17.44 | 15.48 | 17.60 | 16.34 | 13.68 | 15.59 | 16.72 | 15.13 | 16.34 | 14.18 | 16.80 | 15.21 | 16.20 | 16.09 | 12.03 | 17.38 | 15.00 | 16.26 | 15.46 | 16.82 | 15.03 | 16.02 | 16.12 | 15.81 | 17.96 | 12.51 | 15.83 | 16.09 | 14.95 | 14.59 | 15.36 | 15.10 | 15.42 | 15.52 | 14.92 | 14.28 | 16.89 | 18.45 |
|        38 | 12.82 | 16.72 | 16.56 | 15.34 | 17.63 | 17.40 | 14.69 | 15.69 | 16.38 | 14.41 | 15.31 | 13.51 | 17.41 | 15.60 | 15.73 | 15.48 | 10.87 | 16.43 | 15.42 | 17.05 | 15.23 | 17.84 | 14.67 | 15.88 | 15.40 | 16.19 | 17.16 | 12.54 | 14.66 | 16.50 | 14.77 | 14.15 | 16.46 | 14.95 | 16.41 | 15.21 | 13.88 | 15.24 | 16.50 | 18.90 |
|        39 | 12.40 | 17.03 | 15.62 | 15.77 | 18.47 | 18.36 | 14.54 | 15.35 | 16.98 | 14.59 | 14.40 | 12.87 | 17.54 | 14.95 | 14.73 | 15.70 | 10.99 | 16.71 | 14.45 | 16.88 | 14.29 | 17.36 | 14.43 | 16.16 | 15.37 | 16.44 | 16.36 | 13.31 | 14.57 | 15.74 | 14.60 | 14.44 | 17.02 | 15.33 | 17.46 | 15.48 | 13.30 | 15.96 | 16.02 | 18.92 |
|        40 | 12.59 | 16.77 | 15.33 | 16.34 | 18.49 | 18.70 | 14.87 | 14.22 | 16.94 | 15.51 | 14.26 | 12.42 | 17.80 | 13.67 | 14.50 | 16.81 | 10.26 | 17.22 | 13.66 | 15.58 | 14.18 | 17.05 | 14.33 | 15.66 | 15.43 | 15.79 | 14.93 | 13.50 | 14.62 | 14.43 | 14.46 | 14.74 | 17.00 | 15.66 | 16.21 | 15.76 | 12.85 | 15.96 | 15.50 | 18.63 |
|        41 | 12.87 | 16.67 | 16.17 | 16.55 | 18.33 | 18.74 | 14.64 | 13.71 | 16.75 | 15.08 | 14.94 | 12.16 | 17.04 | 13.44 | 14.16 | 16.03 | 10.53 | 17.08 | 13.64 | 15.14 | 13.45 | 16.40 | 14.40 | 16.03 | 14.98 | 16.13 | 14.92 | 13.04 | 14.67 | 14.24 | 13.86 | 14.86 | 16.77 | 15.75 | 14.61 | 15.02 | 12.63 | 15.03 | 15.79 | 17.62 |
|        42 | 12.40 | 15.32 | 16.49 | 16.17 | 17.57 | 18.18 | 13.82 | 14.10 | 15.72 | 14.38 | 14.33 | 11.63 | 17.29 | 13.55 | 14.14 | 15.71 | 10.35 | 16.57 | 12.61 | 15.00 | 13.92 | 15.75 | 14.46 | 15.72 | 14.68 | 16.09 | 14.78 | 12.44 | 14.55 | 13.41 | 13.32 | 14.24 | 16.44 | 15.69 | 13.49 | 15.18 | 11.85 | 14.75 | 15.84 | 16.48 |
|        43 | 11.82 | 13.94 | 15.70 | 15.16 | 16.61 | 16.41 | 13.21 | 14.32 | 15.30 | 13.58 | 13.79 | 10.65 | 16.88 | 12.86 | 14.38 | 15.28 | 10.34 | 15.87 | 11.50 | 15.22 | 13.68 | 15.84 | 13.47 | 14.50 | 13.31 | 15.27 | 12.56 | 12.08 | 14.13 | 13.34 | 12.29 | 12.50 | 16.27 | 14.67 | 12.56 | 13.93 | 11.41 | 14.34 | 15.22 | 16.12 |
|        44 | 11.14 | 13.53 | 14.21 | 14.09 | 16.00 | 14.88 | 12.18 | 13.70 | 15.45 | 12.94 | 12.97 |  9.79 | 15.74 | 12.78 | 13.85 | 14.43 |  8.98 | 15.13 | 10.25 | 14.79 | 12.84 | 15.76 | 12.65 | 13.44 | 12.35 | 14.24 | 12.29 | 11.59 | 12.95 | 13.04 | 11.34 | 11.15 | 15.54 | 13.56 | 12.43 | 13.07 | 11.34 | 12.48 | 14.54 | 15.27 |
|        45 | 10.84 | 13.44 | 13.05 | 13.45 | 15.33 | 14.12 | 10.88 | 13.22 | 14.80 | 12.73 | 11.73 |  9.32 | 15.78 | 12.50 | 12.90 | 14.00 |  8.62 | 15.12 |  9.15 | 14.48 | 12.18 | 15.37 | 12.33 | 12.96 | 11.52 | 13.15 | 12.56 | 11.49 | 13.10 | 12.58 | 10.75 | 10.50 | 14.84 | 13.10 | 12.35 | 12.51 | 11.63 | 11.35 | 14.22 | 14.72 |
|        46 | 10.96 | 13.72 | 12.84 | 12.41 | 15.20 | 13.74 | 10.66 | 13.14 | 14.91 | 12.40 | 10.94 |  9.62 | 15.68 | 12.38 | 12.76 | 13.04 |  7.23 | 14.96 |  9.10 | 12.62 | 12.03 | 15.08 | 12.22 | 11.63 | 11.23 | 12.24 | 12.91 | 11.14 | 13.18 | 12.82 | 10.36 | 10.71 | 14.81 | 14.22 | 12.63 | 12.33 | 11.39 | 11.17 | 14.39 | 14.75 |
|        47 | 11.04 | 14.30 | 13.03 | 12.81 | 15.18 | 14.20 | 11.28 | 12.78 | 14.36 | 12.65 | 11.49 |  9.46 | 15.74 | 12.54 | 13.39 | 13.42 |  7.39 | 15.44 |  9.93 | 12.29 | 11.80 | 15.50 | 11.92 | 10.98 | 11.01 | 12.13 | 12.96 | 11.91 | 13.01 | 12.89 |  9.61 | 11.19 | 14.45 | 14.62 | 13.19 | 12.24 | 11.39 | 10.78 | 13.99 | 15.06 |
|        48 | 11.21 | 14.73 | 12.88 | 14.00 | 15.36 | 14.64 | 12.45 | 12.78 | 14.09 | 13.16 | 12.04 |  9.58 | 15.71 | 12.44 | 13.86 | 13.91 |  7.82 | 16.03 |  9.97 | 12.01 | 12.07 | 15.30 | 11.37 | 10.91 | 11.30 | 12.09 | 13.17 | 11.67 | 13.23 | 12.65 |  9.20 | 12.18 | 14.40 | 15.08 | 13.37 | 12.64 | 12.21 | 11.03 | 13.86 | 15.09 |
|        51 | 12.48 | 14.56 | 12.75 | 13.19 | 14.43 | 15.74 | 13.09 | 12.41 | 12.59 | 12.53 | 13.25 |  9.47 | 16.01 | 11.66 | 13.72 | 14.30 |  6.96 | 16.32 |  8.83 | 11.90 | 12.09 | 13.80 | 11.51 | 11.22 | 12.02 | 11.74 |  9.97 | 10.19 | 13.65 | 12.45 |  8.39 | 10.05 | 14.08 | 14.36 | 14.01 | 11.16 | 10.09 | 13.10 | 13.02 | 15.89 |
|        54 | 13.41 | 13.93 | 13.64 | 10.26 | 14.38 | 13.11 | 15.07 | 12.59 | 14.37 | 12.13 |  9.69 |  9.12 | 17.23 | 13.19 | 15.96 | 13.58 |  6.36 | 16.82 |  8.75 | 10.30 | 11.43 | 12.53 | 10.39 | 10.82 | 10.22 | 11.00 |  9.48 |  9.72 | 11.99 | 10.44 |  5.66 | 10.72 | 15.20 | 10.96 | 13.07 |  9.11 |  8.59 | 11.76 | 12.31 | 14.71 |
|        57 | 11.79 | 12.99 | 12.41 |  8.90 | 10.89 | 14.83 | 12.59 | 12.69 | 12.76 | 11.20 | 10.56 |  7.02 | 19.39 | 13.20 | 14.48 | 14.13 |  8.64 | 12.81 |  6.13 | 10.76 |  9.41 | 12.78 | 12.29 |  8.06 |  8.40 |  8.41 |  9.33 |  7.05 | 11.51 | 11.50 |  4.69 |  6.01 | 12.92 | 12.73 | 12.97 |  7.11 |  7.49 | 11.83 | 11.44 | 14.24 |
|        60 |  8.69 | 11.63 | 11.83 |  8.67 | 11.19 | 10.78 | 11.40 | 11.25 | 11.85 |  9.38 |  9.14 |  7.82 | 18.04 |  9.52 | 11.67 |  9.84 |  9.34 | 13.31 |  5.07 |  7.49 |  6.00 | 11.68 |  8.97 |  8.81 |  6.55 |  7.65 |  7.20 |  7.52 |  9.35 |  8.20 |  5.42 |  4.43 | 10.41 |  8.32 | 13.40 |  9.06 |  8.27 | 11.02 | 11.00 | 14.71 |
|        63 |  3.87 | 10.38 | 10.57 |  6.79 |  8.22 |  7.05 |  9.38 |  8.58 |  9.36 |  4.95 |  5.67 |  4.84 | 14.17 |  8.20 | 10.81 |  8.93 | 10.40 | 12.45 |  6.35 |  8.02 |  5.77 |  8.83 |  5.94 |  3.45 |  3.82 |  5.53 |  4.13 |  7.67 |  9.65 |  6.48 |  7.49 |  6.06 | 10.09 |  6.28 | 10.28 |  9.75 |  5.48 |  8.18 | 10.25 | 12.80 |
|        66 |  5.75 |  7.31 |  9.19 |  7.93 |  8.61 |  6.75 | 10.93 |  7.80 | 10.54 |  4.69 |  5.76 |  4.40 | 13.60 |  4.19 | 10.11 |  9.06 | 12.27 | 11.33 |  8.86 |  5.39 |  5.36 |  8.13 |  4.95 |  5.08 |  7.40 |  6.86 |  2.71 | 10.26 |  5.89 |  8.88 |  8.53 |  8.07 |  9.20 |  6.83 |  6.33 | 11.00 |  8.02 |  9.34 | 10.30 | 10.98 |
|        69 |  8.72 |  5.05 |  6.72 |  9.29 |  9.13 |  7.43 | 12.95 |  9.28 |  9.98 |  6.65 |  6.14 |  6.89 | 13.45 |  7.10 |  9.43 |  8.94 | 11.73 |  8.18 |  8.23 |  4.56 |  6.25 |  6.32 |  5.35 |  5.83 |  7.79 |  8.61 |  3.74 | 10.45 |  5.92 | 12.45 | 10.32 |  9.83 |  9.14 |  6.00 |  4.59 | 11.78 |  8.99 | 10.04 |  9.47 |  9.28 |
|        72 | 11.89 |  5.11 |  6.42 |  8.01 | 10.01 | 11.80 | 12.17 | 11.65 |  8.62 |  6.65 |  8.15 |  8.12 | 12.82 |  9.51 |  7.60 |  9.72 | 11.53 |  9.82 |  7.13 |  4.01 |  6.03 |  4.15 |  3.33 |  5.28 |  8.10 |  9.28 |  6.18 | 11.01 |  6.80 | 12.38 | 11.47 | 11.90 |  8.61 |  6.91 |  5.57 | 10.50 | 10.26 | 10.34 |  9.83 |  9.10 |
|        78 | 11.24 |  3.10 |  5.21 |  6.56 |  8.50 | 10.62 | 12.09 | 11.35 |  6.14 |  6.95 |  6.47 |  9.83 | 12.04 | 10.64 |  7.31 | 10.24 |  8.57 |  9.06 |  7.12 |  6.91 |  7.71 |  5.67 |  4.13 |  5.25 |  8.10 |  9.29 |  5.45 |  8.03 |  9.27 | 13.45 |  9.01 |  8.98 |  6.09 |  7.56 |  5.98 |  9.21 |  8.25 | 10.56 |  8.42 |  8.84 |
|        84 |  8.72 |  7.74 |  7.53 |  8.28 |  6.15 |  4.81 |  9.17 |  8.67 |  7.69 |  6.55 |  6.90 | 10.25 |  6.76 | 11.10 |  3.34 | 10.51 |  7.26 |  7.61 |  8.66 |  9.53 |  7.33 |  7.54 |  4.71 |  8.33 |  8.36 | 10.72 |  5.06 |  7.31 |  7.63 | 12.85 |  7.52 |  9.03 |  7.89 |  7.74 |  9.10 |  9.90 |  6.54 |  9.09 |  8.94 |  6.02 |
|        90 |  6.08 |  4.79 |  5.77 | 10.13 |  6.50 |  3.71 |  7.05 |  6.77 |  6.00 |  8.09 |  8.67 |  9.48 |  4.30 | 12.29 |  5.66 | 10.53 |  6.03 |  6.57 | 10.22 |  5.32 |  5.98 |  4.00 |  4.95 |  6.88 |  9.79 | 11.02 |  3.64 |  4.78 |  4.65 |  9.34 |  5.41 |  5.16 |  7.13 |  5.62 | 12.60 |  9.43 |  4.82 |  9.75 |  9.85 |  5.46 |
|        96 |  4.74 |  4.16 |  5.09 |  5.93 |  6.44 |  2.23 |  4.25 |  5.09 |  4.51 |  7.30 |  7.05 |  5.68 |  6.11 |  7.61 |  4.60 |  9.99 |  4.54 |  3.79 | 10.13 |  3.57 |  3.85 |  3.53 |  4.89 |  2.54 |  9.70 |  7.04 |  2.15 |  2.83 |  7.87 |  6.38 |  4.40 |  4.09 |  4.12 |  4.15 |  9.01 |  6.54 |  3.42 |  5.93 |  7.81 |  2.66 |
|       102 |  2.49 |  3.90 |  4.30 |  4.39 |  7.84 |  3.82 |  4.53 |  4.36 |  2.94 |  5.00 |  6.32 |  3.33 |  7.46 |  6.50 |  4.42 |  4.64 |  4.16 |  3.22 | 10.37 |  3.79 |  3.04 |  4.78 |  3.76 |  3.62 | 10.98 |  9.46 |  3.07 |  4.54 |  8.19 |  7.48 |  3.66 |  3.13 |  3.19 |  4.79 |  8.07 |  2.47 |  2.30 |  4.80 |  6.21 |  3.08 |
|       108 |  4.44 |  7.05 |  1.92 |  1.64 | 10.08 |  6.14 |  3.70 |  4.41 |  2.82 |  1.49 |  4.76 |  1.20 |  6.32 |  6.58 |  2.00 |  3.05 |  3.78 |  2.82 | 11.17 |  8.51 |  4.14 |  6.80 |  2.05 |  5.99 | 11.85 | 11.31 |  4.10 |  7.38 |  9.10 | 11.00 |  4.94 |  2.13 |  4.20 |  7.34 |  8.14 |  6.06 |  4.21 |  7.86 |  5.92 |  3.93 |
|       114 |  3.79 |  6.78 |  2.94 |  1.27 |  9.59 |  5.06 |  4.67 |  4.01 |  3.52 |  5.35 |  5.66 |  1.60 |  6.68 |  4.78 |  2.26 |  2.02 |  4.96 |  4.17 |  9.31 |  8.28 |  3.86 |  5.09 |  3.48 | 10.35 |  8.60 |  7.89 |  3.06 |  7.58 |  7.22 |  6.93 |  4.56 |  2.29 |  4.20 |  9.31 |  7.48 |  5.42 |  3.71 |  7.11 |  5.52 |  4.91 |
|       120 |  3.01 |  8.31 |  3.85 |  3.34 |  8.65 |  5.09 |  5.22 |  3.58 |  4.46 |  7.26 |  5.19 |  2.39 |  5.57 |  4.43 |  4.09 |  3.60 |  5.48 |  7.45 |  7.58 |  7.00 |  5.48 |  5.11 |  3.04 |  7.90 |  5.99 |  7.61 |  2.91 |  9.17 |  6.55 |  5.99 |  6.81 |  3.13 |  3.59 |  8.26 |  5.88 |  7.88 |  4.31 |  8.69 |  4.41 |  6.80 |
