# variable: Temperature at 850hPa
# units: degree celsius
# 
| fcst_hour |     1 |     2 |     3 |     4 |     5 |     6 |     7 |     8 |     9 |    10 |    11 |    12 |    13 |    14 |    15 |    16 |    17 |    18 |    19 |    20 |    21 |    22 |    23 |    24 |    25 |    26 |    27 |    28 |    29 |    30 |    31 |    32 |    33 |    34 |    35 |    36 |    37 |    38 |    39 |    40 |
|         0 | -4.33 | -3.68 | -4.64 | -4.50 | -3.83 | -4.53 | -4.44 | -3.60 | -4.46 | -4.01 | -5.02 | -3.82 | -3.91 | -4.11 | -4.25 | -3.53 | -4.17 | -4.15 | -4.27 | -3.69 | -4.45 | -4.69 | -4.31 | -4.01 | -3.95 | -3.95 | -3.64 | -4.19 | -4.06 | -3.69 | -4.32 | -4.86 | -3.77 | -4.42 | -4.32 | -4.73 | -3.93 | -3.83 | -4.87 | -4.86 |
|         1 | -4.38 | -3.72 | -4.70 | -4.55 | -3.94 | -4.49 | -4.45 | -3.73 | -4.60 | -4.04 | -5.06 | -3.93 | -4.03 | -4.08 | -4.32 | -3.64 | -4.28 | -4.21 | -4.31 | -3.76 | -4.46 | -4.74 | -4.34 | -4.09 | -4.10 | -3.84 | -3.71 | -4.36 | -4.27 | -3.71 | -4.27 | -4.87 | -4.02 | -4.53 | -4.35 | -4.50 | -4.03 | -3.85 | -4.97 | -4.87 |
|         2 | -4.29 | -3.66 | -4.66 | -4.52 | -4.00 | -4.54 | -4.41 | -3.79 | -4.62 | -4.10 | -5.23 | -4.08 | -4.04 | -4.07 | -4.48 | -3.63 | -4.36 | -4.26 | -4.37 | -3.79 | -4.42 | -4.66 | -4.27 | -4.14 | -4.00 | -3.86 | -3.89 | -4.49 | -4.31 | -3.77 | -4.32 | -4.89 | -4.02 | -4.58 | -4.30 | -4.44 | -4.11 | -3.84 | -4.99 | -4.81 |
|         3 | -4.22 | -3.73 | -4.72 | -4.61 | -4.09 | -4.58 | -4.47 | -3.76 | -4.71 | -4.20 | -5.56 | -4.19 | -4.08 | -4.08 | -4.65 | -3.68 | -4.48 | -4.30 | -4.39 | -3.82 | -4.44 | -4.67 | -4.26 | -4.16 | -3.92 | -3.85 | -3.95 | -4.58 | -4.43 | -3.92 | -4.40 | -4.91 | -4.12 | -4.54 | -4.33 | -4.57 | -4.17 | -3.80 | -4.97 | -4.80 |
|         4 | -4.19 | -3.90 | -4.83 | -4.81 | -4.18 | -4.53 | -4.52 | -3.75 | -4.82 | -4.37 | -5.90 | -4.23 | -4.14 | -4.06 | -4.83 | -3.72 | -4.58 | -4.44 | -4.45 | -4.00 | -4.49 | -4.71 | -4.33 | -4.18 | -3.97 | -3.84 | -3.96 | -4.68 | -4.39 | -4.02 | -4.51 | -4.87 | -4.25 | -4.37 | -4.35 | -4.75 | -4.18 | -3.86 | -4.98 | -4.86 |
|         5 | -4.26 | -4.04 | -4.99 | -5.13 | -4.27 | -4.41 | -4.55 | -3.80 | -5.03 | -4.51 | -6.35 | -4.27 | -4.32 | -3.96 | -5.17 | -3.75 | -4.76 | -4.54 | -4.58 | -4.16 | -4.61 | -4.76 | -4.51 | -4.24 | -4.17 | -3.88 | -4.02 | -4.69 | -4.35 | -4.08 | -4.70 | -4.80 | -4.35 | -4.39 | -4.37 | -4.86 | -4.18 | -4.03 | -5.35 | -4.95 |
|         6 | -4.40 | -4.13 | -5.17 | -5.62 | -4.36 | -4.48 | -4.60 | -3.96 | -5.42 | -4.49 | -7.52 | -4.25 | -4.55 | -3.87 | -5.35 | -3.79 | -4.92 | -4.61 | -4.72 | -4.19 | -4.75 | -4.81 | -4.72 | -4.27 | -4.42 | -4.19 | -4.05 | -4.66 | -4.42 | -4.25 | -4.77 | -4.84 | -4.42 | -4.74 | -4.37 | -5.23 | -4.13 | -4.23 | -6.04 | -5.06 |
|         7 | -4.43 | -4.08 | -5.49 | -6.59 | -4.44 | -4.77 | -4.70 | -4.18 | -5.36 | -4.22 | -8.09 | -4.04 | -4.69 | -3.84 | -5.34 | -3.85 | -5.06 | -4.62 | -4.86 | -4.08 | -4.95 | -4.75 | -4.82 | -4.18 | -4.66 | -4.49 | -3.96 | -4.65 | -4.46 | -4.75 | -4.65 | -4.97 | -4.45 | -5.02 | -4.27 | -6.01 | -4.03 | -4.35 | -6.80 | -5.09 |
|         8 | -4.46 | -4.05 | -5.94 | -6.91 | -4.52 | -5.03 | -4.87 | -4.35 | -5.11 | -3.92 | -8.17 | -3.83 | -4.67 | -3.99 | -5.73 | -3.90 | -5.14 | -4.60 | -5.32 | -4.01 | -5.41 | -4.86 | -4.77 | -4.09 | -4.87 | -4.72 | -3.86 | -4.74 | -4.38 | -5.40 | -4.51 | -5.15 | -4.44 | -5.75 | -4.16 | -7.08 | -4.00 | -4.39 | -7.34 | -5.03 |
|         9 | -4.91 | -4.12 | -6.80 | -7.05 | -4.52 | -5.35 | -5.05 | -4.21 | -5.58 | -3.76 | -8.24 | -3.74 | -4.65 | -3.91 | -6.90 | -3.71 | -6.00 | -4.58 | -5.68 | -4.18 | -6.05 | -5.32 | -4.71 | -4.12 | -5.06 | -5.16 | -3.82 | -4.91 | -4.38 | -6.06 | -4.53 | -5.65 | -4.44 | -7.36 | -4.12 | -7.58 | -4.05 | -4.60 | -7.54 | -4.97 |
|        10 | -6.21 | -4.08 | -7.63 | -7.32 | -4.48 | -6.38 | -4.92 | -4.21 | -6.44 | -3.78 | -8.38 | -3.78 | -4.61 | -3.93 | -7.83 | -3.70 | -7.12 | -4.61 | -5.94 | -4.30 | -6.79 | -5.93 | -4.84 | -4.22 | -5.36 | -6.08 | -3.78 | -5.37 | -4.40 | -6.73 | -4.64 | -6.97 | -4.43 | -7.81 | -4.11 | -7.84 | -4.03 | -4.87 | -7.64 | -4.89 |
|        11 | -7.82 | -4.02 | -7.86 | -7.54 | -4.59 | -6.97 | -5.68 | -4.95 | -7.15 | -3.76 | -8.37 | -3.82 | -5.04 | -4.74 | -8.07 | -4.35 | -7.97 | -4.56 | -6.85 | -4.04 | -7.74 | -7.14 | -5.12 | -4.30 | -5.90 | -7.04 | -3.78 | -6.42 | -4.99 | -7.63 | -4.18 | -7.74 | -4.35 | -8.15 | -4.15 | -8.15 | -4.05 | -5.16 | -7.66 | -4.76 |
|        12 | -8.35 | -4.15 | -8.00 | -7.13 | -5.20 | -7.32 | -6.79 | -6.45 | -7.40 | -3.82 | -7.97 | -3.83 | -6.40 | -5.32 | -8.34 | -5.44 | -8.30 | -4.80 | -8.07 | -3.99 | -8.11 | -7.90 | -5.77 | -4.38 | -6.42 | -7.04 | -3.91 | -7.39 | -6.43 | -7.88 | -3.91 | -8.02 | -4.35 | -8.53 | -4.13 | -8.59 | -5.30 | -6.06 | -7.72 | -4.99 |
|        13 | -8.35 | -4.57 | -8.21 | -6.97 | -6.14 | -7.57 | -7.54 | -7.55 | -7.19 | -4.09 | -7.45 | -3.84 | -7.71 | -5.47 | -8.57 | -6.31 | -8.51 | -4.95 | -8.31 | -5.01 | -7.71 | -8.38 | -6.91 | -4.60 | -6.54 | -6.70 | -4.30 | -7.71 | -7.47 | -7.79 | -4.04 | -8.22 | -4.40 | -8.46 | -4.00 | -8.82 | -7.21 | -7.30 | -8.04 | -5.55 |
|        14 | -7.88 | -5.59 | -8.34 | -7.00 | -7.14 | -7.70 | -7.72 | -7.57 | -7.18 | -5.29 | -7.11 | -3.92 | -8.25 | -5.60 | -8.58 | -6.53 | -8.35 | -5.52 | -8.49 | -6.25 | -6.98 | -8.61 | -7.73 | -5.43 | -6.50 | -6.21 | -4.77 | -7.78 | -7.71 | -6.86 | -4.81 | -8.00 | -4.39 | -8.04 | -3.95 | -8.80 | -7.55 | -7.81 | -8.37 | -6.50 |
|        15 | -6.91 | -6.12 | -8.29 | -6.54 | -7.11 | -7.46 | -7.61 | -6.72 | -7.22 | -6.58 | -6.52 | -5.08 | -8.29 | -5.67 | -8.14 | -6.49 | -7.72 | -6.27 | -8.67 | -7.44 | -6.76 | -8.44 | -7.85 | -6.73 | -6.41 | -5.70 | -5.55 | -7.98 | -7.84 | -6.51 | -5.76 | -7.39 | -4.45 | -7.32 | -4.08 | -8.62 | -7.77 | -7.60 | -8.02 | -7.29 |
|        16 | -6.21 | -6.06 | -7.90 | -6.07 | -6.81 | -7.37 | -7.10 | -5.95 | -6.65 | -6.67 | -6.02 | -7.10 | -8.24 | -5.12 | -7.51 | -6.05 | -6.90 | -7.07 | -8.28 | -7.78 | -6.79 | -7.73 | -8.00 | -6.96 | -6.12 | -5.48 | -7.30 | -8.22 | -7.59 | -6.28 | -6.40 | -6.31 | -5.08 | -6.68 | -4.23 | -8.29 | -7.90 | -7.36 | -7.23 | -7.08 |
|        17 | -5.39 | -5.75 | -7.35 | -5.66 | -6.17 | -6.64 | -6.15 | -5.32 | -5.58 | -6.70 | -5.73 | -8.64 | -8.05 | -4.19 | -6.99 | -5.15 | -5.88 | -7.24 | -7.45 | -7.64 | -6.61 | -7.13 | -7.83 | -6.30 | -5.38 | -5.20 | -8.28 | -7.79 | -6.97 | -5.80 | -5.96 | -5.26 | -6.41 | -6.23 | -4.03 | -6.94 | -7.40 | -6.70 | -6.33 | -6.21 |
|        18 | -5.36 | -5.10 | -6.59 | -5.46 | -5.31 | -5.80 | -5.36 | -5.11 | -5.15 | -6.68 | -5.58 | -9.09 | -7.67 | -3.58 | -6.44 | -4.67 | -5.08 | -6.73 | -6.61 | -7.03 | -6.24 | -6.61 | -7.21 | -5.64 | -5.27 | -4.72 | -8.72 | -6.71 | -6.39 | -5.20 | -5.07 | -4.73 | -6.96 | -5.84 | -3.72 | -5.27 | -6.81 | -5.52 | -5.32 | -5.13 |
|        19 | -5.41 | -4.67 | -6.32 | -5.33 | -5.08 | -5.33 | -4.91 | -5.03 | -5.23 | -6.51 | -5.35 | -8.77 | -7.08 | -3.41 | -5.94 | -4.55 | -4.75 | -6.13 | -6.19 | -6.12 | -5.69 | -6.05 | -6.57 | -5.34 | -5.33 | -4.45 | -8.86 | -5.64 | -5.91 | -4.99 | -4.60 | -4.46 | -6.94 | -5.61 | -3.74 | -4.81 | -6.31 | -5.11 | -4.93 | -4.48 |
|        20 | -5.57 | -4.68 | -6.10 | -5.34 | -4.85 | -4.78 | -4.89 | -4.91 | -5.50 | -6.08 | -5.09 | -7.82 | -6.26 | -3.53 | -5.56 | -4.76 | -4.69 | -5.62 | -5.70 | -5.47 | -5.53 | -5.75 | -5.81 | -5.17 | -5.15 | -4.54 | -8.69 | -5.40 | -5.56 | -4.94 | -4.29 | -4.29 | -7.14 | -5.59 | -3.86 | -4.67 | -6.00 | -5.14 | -4.84 | -4.23 |
|        21 | -5.43 | -4.69 | -5.78 | -5.26 | -4.37 | -4.49 | -4.91 | -5.07 | -5.24 | -5.68 | -4.64 | -6.73 | -5.62 | -3.73 | -5.26 | -4.72 | -4.80 | -5.34 | -5.58 | -4.94 | -5.46 | -5.47 | -5.16 | -5.01 | -4.94 | -4.44 | -8.56 | -5.32 | -5.23 | -4.89 | -3.97 | -4.17 | -6.92 | -5.22 | -3.93 | -4.48 | -5.69 | -5.08 | -4.67 | -3.94 |
|        22 | -5.30 | -4.50 | -5.08 | -5.06 | -4.28 | -4.43 | -4.70 | -4.73 | -4.79 | -5.52 | -4.20 | -5.75 | -5.13 | -3.48 | -4.78 | -4.47 | -4.72 | -5.18 | -5.56 | -4.72 | -5.49 | -5.21 | -5.08 | -4.79 | -4.63 | -4.06 | -8.45 | -4.95 | -5.14 | -4.77 | -3.68 | -4.53 | -6.73 | -5.02 | -3.88 | -4.41 | -5.17 | -4.92 | -4.51 | -3.66 |
|        23 | -5.09 | -4.46 | -4.38 | -4.97 | -4.27 | -4.28 | -4.50 | -3.95 | -4.64 | -5.39 | -4.28 | -5.07 | -4.88 | -3.28 | -4.38 | -4.30 | -4.82 | -5.02 | -5.45 | -4.79 | -5.23 | -4.92 | -5.25 | -4.64 | -4.29 | -4.13 | -8.32 | -4.63 | -4.96 | -4.52 | -3.60 | -3.74 | -6.16 | -4.97 | -3.77 | -4.47 | -4.79 | -4.59 | -4.43 | -3.69 |
|        24 | -4.56 | -4.38 | -4.18 | -4.74 | -4.67 | -4.40 | -4.39 | -3.90 | -3.96 | -5.16 | -4.41 | -4.67 | -4.79 | -3.21 | -4.32 | -4.16 | -5.11 | -4.66 | -5.60 | -4.61 | -4.05 | -4.45 | -4.77 | -4.73 | -3.96 | -4.20 | -7.84 | -4.02 | -4.76 | -4.29 | -3.66 | -3.48 | -5.24 | -4.78 | -3.92 | -4.41 | -4.72 | -4.28 | -4.50 | -3.68 |
|        25 | -4.37 | -4.28 | -4.50 | -4.46 | -4.73 | -4.18 | -4.29 | -4.30 | -3.95 | -4.97 | -4.39 | -4.49 | -4.86 | -3.34 | -4.55 | -4.09 | -5.11 | -4.33 | -5.59 | -4.27 | -4.13 | -4.55 | -5.06 | -4.82 | -3.28 | -4.32 | -7.00 | -3.74 | -4.67 | -4.24 | -3.63 | -3.37 | -4.45 | -4.56 | -3.58 | -4.29 | -4.53 | -4.30 | -4.40 | -3.62 |
|        26 | -4.70 | -4.17 | -4.92 | -4.19 | -4.89 | -4.11 | -4.26 | -4.71 | -3.91 | -4.70 | -4.65 | -4.24 | -4.76 | -3.30 | -4.47 | -4.12 | -5.14 | -4.54 | -5.61 | -3.98 | -4.31 | -4.43 | -5.35 | -4.76 | -3.88 | -4.19 | -6.55 | -3.83 | -4.50 | -3.92 | -3.52 | -3.44 | -3.98 | -4.28 | -3.53 | -4.58 | -4.21 | -4.76 | -4.47 | -3.65 |
|        27 | -4.99 | -4.02 | -5.15 | -3.89 | -5.29 | -4.05 | -4.39 | -4.50 | -4.11 | -4.54 | -5.09 | -4.10 | -4.58 | -3.07 | -4.27 | -3.63 | -5.56 | -5.05 | -5.58 | -3.88 | -4.51 | -4.35 | -5.59 | -4.67 | -3.92 | -4.15 | -6.40 | -3.53 | -4.51 | -4.05 | -3.48 | -3.63 | -3.65 | -4.11 | -3.58 | -4.51 | -4.01 | -4.95 | -4.50 | -3.60 |
|        28 | -4.92 | -4.01 | -5.21 | -3.62 | -5.06 | -3.88 | -4.61 | -4.48 | -3.90 | -4.31 | -4.93 | -4.01 | -4.80 | -3.12 | -4.22 | -3.78 | -5.76 | -5.23 | -5.80 | -3.83 | -4.71 | -4.59 | -5.90 | -4.63 | -3.59 | -4.11 | -5.98 | -3.37 | -4.68 | -3.86 | -3.15 | -3.84 | -3.62 | -3.64 | -3.39 | -3.65 | -3.87 | -4.83 | -4.49 | -3.43 |
|        29 | -4.84 | -4.11 | -4.95 | -3.55 | -4.87 | -3.80 | -4.78 | -4.53 | -3.77 | -4.27 | -4.88 | -3.92 | -4.48 | -3.24 | -4.27 | -3.58 | -5.70 | -5.28 | -5.98 | -3.96 | -4.62 | -4.59 | -5.87 | -4.11 | -3.48 | -3.92 | -5.58 | -3.59 | -4.66 | -3.41 | -2.74 | -3.54 | -3.54 | -3.70 | -3.48 | -2.58 | -4.03 | -4.97 | -4.45 | -3.09 |
|        30 | -4.62 | -4.09 | -4.23 | -3.61 | -4.64 | -3.26 | -4.90 | -4.75 | -3.85 | -4.48 | -4.83 | -3.75 | -4.47 | -3.49 | -4.62 | -3.25 | -5.22 | -5.30 | -5.91 | -4.22 | -4.41 | -4.73 | -5.54 | -3.66 | -3.87 | -3.52 | -5.42 | -3.34 | -4.49 | -3.32 | -2.82 | -3.50 | -3.52 | -4.02 | -3.39 | -2.26 | -4.69 | -5.29 | -4.28 | -2.83 |
|        31 | -4.27 | -4.21 | -3.72 | -3.68 | -4.43 | -2.71 | -5.03 | -4.99 | -3.74 | -4.51 | -5.05 | -3.81 | -4.31 | -3.23 | -4.81 | -3.12 | -4.02 | -5.04 | -5.36 | -4.00 | -4.01 | -5.03 | -4.85 | -3.55 | -4.16 | -3.23 | -5.32 | -3.10 | -4.49 | -3.41 | -2.43 | -3.43 | -3.46 | -3.95 | -3.01 | -2.22 | -5.17 | -5.47 | -4.25 | -2.67 |
|        32 | -3.79 | -4.32 | -3.39 | -3.39 | -3.74 | -2.25 | -4.49 | -5.09 | -3.45 | -4.09 | -4.68 | -3.92 | -4.11 | -2.27 | -4.55 | -3.20 | -3.02 | -4.31 | -4.73 | -2.91 | -3.64 | -4.92 | -4.28 | -3.10 | -4.06 | -3.25 | -5.12 | -3.20 | -4.10 | -3.40 | -1.82 | -3.25 | -3.08 | -4.11 | -2.64 | -3.22 | -5.65 | -5.34 | -3.95 | -2.52 |
|        33 | -3.05 | -4.20 | -2.86 | -3.37 | -3.38 | -1.90 | -3.32 | -5.06 | -3.39 | -3.84 | -3.64 | -3.65 | -3.36 | -1.80 | -3.84 | -3.30 | -2.42 | -3.59 | -4.09 | -2.00 | -3.55 | -4.61 | -3.54 | -2.22 | -3.40 | -3.13 | -4.80 | -2.90 | -3.77 | -3.73 | -1.26 | -3.12 | -2.62 | -4.60 | -2.37 | -2.81 | -5.72 | -4.81 | -3.13 | -2.31 |
|        34 | -2.24 | -3.73 | -2.47 | -3.34 | -3.20 | -2.26 | -2.19 | -4.81 | -3.37 | -3.23 | -2.84 | -3.31 | -2.65 | -0.60 | -2.91 | -3.26 | -2.22 | -2.90 | -3.06 | -1.44 | -3.87 | -3.89 | -2.75 | -1.94 | -2.11 | -2.93 | -4.55 | -2.43 | -3.22 | -3.76 | -0.70 | -3.11 | -1.88 | -4.72 | -2.08 | -0.08 | -5.60 | -3.97 | -2.66 | -2.02 |
|        35 | -3.50 | -3.52 | -3.44 | -2.94 | -3.39 | -1.57 | -1.62 | -4.26 | -3.27 | -2.44 | -1.96 | -3.12 | -2.23 |  0.31 | -2.11 | -3.42 | -1.84 | -2.39 | -2.19 | -1.59 | -3.89 | -3.38 | -2.02 | -1.59 | -1.43 | -2.62 | -4.31 | -1.97 | -2.42 | -3.08 | -1.66 | -3.19 | -2.08 | -4.52 | -1.60 |  0.07 | -5.29 | -2.85 | -2.43 | -1.49 |
|        36 | -2.56 | -3.08 | -2.14 | -2.86 | -2.03 | -0.92 | -1.39 | -3.43 | -3.00 | -2.92 | -1.73 | -2.71 | -1.72 |  0.23 | -1.79 | -2.95 | -1.47 | -1.87 | -2.84 | -1.70 | -2.43 | -3.38 | -1.40 | -1.22 | -1.97 | -2.57 | -4.13 | -1.86 | -2.39 | -2.24 | -0.71 | -3.22 | -2.45 | -3.70 | -1.08 |  0.08 | -4.68 | -2.39 | -2.16 | -2.29 |
|        37 | -1.10 | -2.49 | -1.57 | -3.52 | -0.96 |  0.14 | -1.06 | -2.80 | -2.80 | -2.22 | -1.98 | -2.29 | -1.40 |  1.26 | -2.92 | -1.93 | -1.29 | -1.77 | -1.92 | -0.39 | -1.25 | -3.04 | -1.41 | -2.28 | -1.45 | -2.46 | -3.87 | -1.95 | -3.17 | -1.49 |  0.04 | -3.18 | -1.86 | -3.08 | -0.49 |  1.76 | -3.40 | -2.86 | -1.03 | -2.69 |
|        38 |  0.53 | -1.96 | -0.23 | -2.11 | -0.18 |  0.64 | -0.66 | -2.35 | -2.67 | -1.45 | -0.97 | -1.94 | -0.96 |  2.43 | -2.28 | -1.11 | -0.84 | -1.33 | -0.45 |  0.89 |  0.14 | -1.05 | -0.23 | -1.64 | -0.04 | -2.05 | -3.52 | -1.68 | -2.06 | -1.06 |  1.29 | -3.24 | -1.13 | -2.85 | -1.79 |  2.46 | -2.66 | -3.09 | -0.32 | -1.30 |
|        39 |  1.92 | -1.74 |  0.09 | -1.53 |  0.40 |  1.22 | -0.06 | -2.13 | -2.22 | -0.58 |  0.46 | -2.00 | -0.76 |  3.41 | -1.87 | -0.49 |  0.30 | -0.78 |  0.49 |  1.88 |  1.12 | -0.52 |  0.48 | -0.22 |  2.04 | -1.90 | -3.05 | -1.46 | -1.22 | -1.79 |  2.58 | -2.77 |    -0 | -2.52 | -0.33 |  2.45 | -3.00 | -1.48 |  0.15 |  0.03 |
|        40 |  2.19 | -1.32 |  0.39 | -0.72 |  0.88 |  0.66 |  0.58 | -2.00 | -2.00 |  1.05 |  1.45 | -2.07 | -0.46 |  3.78 | -0.96 | -0.01 |  0.96 | -0.41 |  0.96 |  2.42 |  1.14 |  0.13 |  1.74 |  1.37 |  2.70 | -1.43 | -2.17 | -0.49 |  0.71 | -0.76 |  2.19 | -2.26 |  0.05 | -1.62 | -0.02 |  2.24 | -1.78 | -1.07 |  0.56 |  0.85 |
|        41 |  1.83 | -0.84 |  0.64 |  0.29 |  0.15 | -0.16 |  1.01 | -1.87 | -1.34 |  2.12 |  2.14 | -0.55 |  0.12 |  3.41 |  0.69 |  0.42 |  0.94 | -0.18 |  1.74 |  2.77 |  1.81 |  0.50 |  2.71 |  3.02 |  1.99 | -0.91 | -1.49 |  0.59 |  1.93 | -0.16 |  1.80 | -1.79 |     0 | -0.89 |  0.28 |  1.66 | -0.95 | -0.18 |  0.87 |  1.16 |
|        42 |  1.49 | -0.20 |  0.71 |  0.89 | -0.44 |  0.41 |  1.42 | -1.55 | -0.65 |  2.30 |  2.00 |  0.27 |  0.86 |  3.07 |  1.25 |  0.97 |  1.34 |  0.30 |  2.57 |  2.82 |  1.57 |  1.26 |  3.55 |  2.89 |  1.91 | -0.62 | -1.12 |  1.27 |  1.79 |  1.21 |  1.03 | -0.98 |  0.17 | -0.76 |  1.12 |  1.22 | -0.25 |  0.89 |  1.15 |  0.73 |
|        43 |  0.94 |  0.42 |  0.41 |  0.52 | -0.03 |  0.30 |  2.09 | -1.24 | -0.05 |  1.83 |  0.94 |  0.06 |  1.48 |  2.78 |  1.53 |  1.66 |  1.67 |  0.74 |  2.52 |  2.34 |  1.35 |  1.99 |  4.11 |  3.33 |  1.26 |  0.07 | -1.26 |  1.20 |  0.73 |  1.77 |  0.70 | -0.56 |  0.54 | -0.31 |  2.70 |  1.05 |  0.45 |  1.31 |  1.22 |  0.72 |
|        44 |  0.97 |  1.11 |  0.45 |  0.16 |  1.08 |  0.42 |  2.80 | -1.05 |  0.25 |  1.59 | -0.06 |  0.27 |  1.77 |  2.38 |  1.39 |  2.40 |  1.76 |  1.52 |  1.43 |  1.85 |  1.34 |  1.74 |  3.62 |  3.63 |  1.50 |  0.70 | -1.10 |  1.29 |  0.62 |  1.59 |  0.95 | -0.21 |  0.48 |  0.45 |  3.62 |  1.71 |  1.21 |  1.89 |  1.54 |  0.93 |
|        45 |  1.35 |  1.63 |  0.89 | -0.19 |  2.01 |     0 |  3.13 | -0.91 |  0.50 |  1.52 | -0.54 |  0.92 |  1.67 |  2.09 |  1.13 |  2.94 |  1.43 |  2.14 |  0.77 |  0.71 |  1.38 |  1.25 |  3.63 |  3.64 |  1.14 |  0.61 | -0.63 |  1.51 |  1.16 |  2.49 |  1.73 |     0 |  0.05 |  1.05 |  3.70 |  1.93 |  1.81 |  2.68 |  1.11 |  0.45 |
|        46 |  1.36 |  1.98 |  1.29 | -1.20 |  2.48 | -0.51 |  2.67 | -0.92 |  0.58 |  1.36 | -0.17 |  1.82 |  1.48 |  2.28 |  0.82 |  3.16 |  0.96 |  2.60 |  0.32 |  0.23 |  1.45 |  1.11 |  3.70 |  4.02 |  0.76 |  0.84 | -0.65 |  1.26 |  1.87 |  1.99 |  2.09 |  0.48 | -0.09 |  0.97 |  3.63 |  2.39 |  2.17 |  3.08 |  0.56 | -0.12 |
|        47 |  1.55 |  2.13 |  1.50 | -1.19 |  2.60 | -0.81 |  2.29 | -0.56 |  0.22 |  1.09 |  0.75 |  2.31 |  0.86 |  1.94 |  0.29 |  3.67 |  0.91 |  3.30 |  0.17 |  0.58 |  1.54 |  1.40 |  3.86 |  4.19 |  0.41 |  0.46 | -1.03 |  0.62 |  1.96 |  0.91 |  2.28 |  0.25 |  0.01 |  0.63 |  3.26 |  2.48 |  2.27 |  2.77 |  0.56 | -0.17 |
|        48 |  1.76 |  2.29 |  1.97 | -1.09 |  2.68 | -1.03 |  2.97 |  0.28 |  0.06 |  1.36 |  1.03 |  2.39 |  0.46 |  1.46 | -0.52 |  4.08 |  1.03 |  3.71 |  0.51 |  1.21 |  1.83 |  1.13 |  2.97 |  4.32 |  0.29 |  0.14 | -1.69 |  0.37 |  2.16 |  0.33 |  2.29 |  0.08 |  0.57 |  0.78 |  2.88 |  2.52 |  2.15 |  2.69 |  0.74 |  0.05 |
|        51 |  3.20 |  1.95 |  2.61 |  0.35 |  2.40 | -0.92 |  3.38 |  1.34 |  0.09 |  1.18 |  1.56 |  1.24 |  0.64 |  3.23 | -0.37 |  4.47 |  1.28 |  4.08 |  2.71 |  1.05 |  2.39 |  0.89 |  3.17 |  3.22 |  0.36 |  0.58 | -1.47 |  2.01 |  2.24 | -0.26 |  2.57 | -0.37 |  1.29 |  1.17 |  2.78 |  2.39 |  1.05 |  1.50 |  1.88 |  0.58 |
|        54 |  3.20 |  2.70 |  2.82 |  0.93 |  2.69 | -0.20 |  4.76 |  1.68 |  0.71 |  2.41 |  2.27 |  2.21 |  1.89 |  4.33 |  0.86 |  4.02 |  1.84 |  4.39 |  2.59 |  1.22 |  2.72 |  1.30 |  4.23 |  3.38 |  0.42 |  1.77 |  0.03 |  2.37 |  2.51 | -0.35 |  3.07 |  0.11 |  1.89 |  1.22 |  3.24 |  2.60 |  1.66 |  0.36 |  2.90 |  1.18 |
|        57 |  2.83 |  3.51 |  2.39 |  1.21 |  1.90 |  1.06 |  3.39 |  1.94 |  0.57 |  3.78 |  3.01 |  3.71 |  2.54 |  4.00 |  1.16 |  2.14 |  2.53 |  3.08 |  3.62 |  2.48 |  1.57 |  1.39 |  4.42 |  4.92 |  1.54 |  2.49 |  1.64 |  2.92 |  3.59 |  1.00 |  2.50 |  1.16 |  3.09 |  0.67 |  3.42 |  2.71 |  3.53 |  1.70 |  1.99 |  1.84 |
|        60 |  2.92 |  3.03 |  2.00 |  1.52 |  1.44 |  1.89 |  1.30 |  2.57 |  0.81 |  4.21 |  3.03 |  2.93 |  3.19 |  3.18 |  1.87 |  3.34 |  3.71 |  2.59 |  3.10 |  3.08 |  0.91 |  1.90 |  4.01 |  4.75 |  2.38 |  2.23 |  1.94 |  2.54 |  3.56 |  2.10 |  2.76 |  1.25 |  2.50 |  1.57 |  3.17 |  2.28 |  3.64 |  2.40 |  2.27 |  2.78 |
|        63 |  1.89 |  1.68 |  0.78 |  0.82 |  0.96 |  2.37 |  1.99 |  2.05 |  0.84 |  2.42 |  2.45 |  1.47 |  3.12 |  2.17 |  2.91 |  4.02 |  4.26 |  0.90 |  2.38 |  4.09 |  0.45 |  2.27 |  3.37 |  4.59 |  3.02 |  2.23 |  1.44 |  2.48 |  3.47 |  3.13 |  2.57 |  1.64 |  2.66 |  1.70 |  1.41 |  1.63 |  2.43 |  1.47 |  1.04 |  2.70 |
|        66 |  0.13 |  1.24 |  1.17 | -0.74 |  0.36 |  2.49 |  0.98 |  1.86 |  1.42 |  2.42 |  2.51 |  0.23 |  2.58 |  3.65 |  2.77 |  3.70 |  4.14 |  0.02 |  3.28 |  4.90 |  0.72 |  2.40 |  3.38 |  3.15 |  2.96 |  2.00 |  1.44 |  1.82 |  3.02 |  3.33 |  0.48 |  1.74 |  1.53 |  1.65 |  0.34 |  1.27 |  2.83 |  0.28 |  1.02 |  2.02 |
|        69 |  0.40 |  1.39 |  0.74 | -0.80 |  0.70 |  2.39 |  1.10 |  1.45 |  0.29 |  2.20 |  1.77 |  2.27 |  0.84 |  3.57 |  3.10 |  3.02 |  3.67 | -0.11 |  2.23 |  4.93 |  2.10 |  2.48 |  3.53 |  3.49 |  2.33 |  1.03 |  0.96 |  1.43 |  3.01 |  2.08 |  0.45 |  1.79 |  1.10 |  2.05 | -0.05 |  3.72 |  2.42 | -0.18 |  0.83 |  1.41 |
|        72 |  0.57 |  0.99 |  0.47 | -1.01 |  3.65 |  2.32 |  2.63 | -1.11 |  0.58 |  2.33 |  2.31 |  2.13 |  0.46 |  3.77 |  2.48 |  3.03 |  3.36 | -1.23 |  2.19 |  5.13 |  3.00 |  2.27 |  2.80 |  3.26 |  2.44 |  0.04 |  0.82 |  1.05 |  3.20 |  2.22 |  0.50 |  1.41 |  1.02 |  2.39 |  0.65 |  3.90 |  2.19 |  1.33 |  0.97 |  1.28 |
|        78 | -0.98 |  0.32 |  3.70 |  5.34 |  3.55 |  3.67 |  4.12 | -0.47 |  1.43 |  2.03 |  4.84 |  3.05 |  0.54 |  3.57 |  3.08 |  4.23 |  3.12 |  0.78 |  4.86 |  5.11 |  2.22 |  1.40 |  4.24 |  3.61 |  3.81 | -1.19 |  1.32 |  1.27 |  4.10 |  3.96 |  1.05 |  1.92 |  2.78 |  2.47 | -0.36 |  3.79 |  2.46 |  3.29 |  2.54 |  0.43 |
|        84 | -0.13 | -2.02 |  2.85 |  3.79 | -2.03 |  2.31 |  4.44 |  1.33 |  1.21 |  2.39 |  1.28 |  3.24 |  0.76 |  1.34 |  4.95 |  2.89 |  3.30 |  2.06 |  3.10 |  5.74 | -3.45 |  2.87 |  4.76 |  2.72 |  3.59 | -0.55 |  2.27 | -0.14 |  4.95 |  3.30 |  3.64 |  1.30 |  3.74 |  2.23 |  0.15 |  0.33 |  0.36 | -1.22 |  3.26 |  0.26 |
|        90 | -0.52 | -2.23 | -2.29 |     0 | -3.81 | -0.12 |  1.27 | -0.76 |  0.84 |  1.03 | -1.55 |  0.65 |  0.18 | -0.37 |  1.05 |  2.34 |  3.14 |  3.30 |  0.52 |  3.40 | -3.56 |  2.04 |  2.85 |  2.14 |  2.13 | -0.33 |  3.07 | -0.21 |  3.92 |  2.25 |  3.49 |  0.30 |  1.03 |  1.66 | -0.27 | -2.09 |  0.52 | -3.79 | -1.84 | -0.07 |
|        96 |  2.31 | -1.60 | -2.05 | -1.80 | -2.78 | -1.80 | -0.08 | -0.92 | -0.91 | -0.82 | -0.67 |  1.97 | -0.16 |  0.13 | -2.70 |  3.29 |  0.49 |  2.75 |  1.11 |  2.62 | -1.33 | -1.01 |  0.71 |  0.53 | -0.61 | -1.00 |  0.97 | -0.57 |  2.47 |  1.66 |  2.97 |  0.84 |  1.39 |  1.84 | -1.19 | -1.67 | -1.03 | -1.57 | -3.69 | -0.12 |
|       102 |  3.52 | -2.32 | -1.59 | -3.62 | -2.30 | -0.05 |  0.53 |  0.69 |    -0 | -1.33 |  1.81 |  3.43 | -0.29 |  2.08 | -1.56 |  2.82 |  0.47 |  0.34 |  3.95 |  0.63 |  2.30 |  0.10 |  1.22 |  3.07 |  1.28 | -1.53 |  0.42 |  0.20 |  1.20 |  0.14 |  1.81 |  0.24 |  1.25 |  1.81 | -0.50 | -1.25 |  0.20 | -0.37 | -1.36 |  3.09 |
|       108 |  5.08 | -0.65 |  2.67 | -0.17 |  3.41 |  1.08 |  3.70 |  3.60 |  1.96 | -1.16 |  1.60 |  4.15 | -0.45 |  3.02 |  0.64 |  0.91 | -0.69 | -1.06 |  5.93 |  0.84 |  3.58 | -0.31 |  2.89 |  5.35 |  3.24 |  1.04 | -2.10 |  2.40 | -0.09 | -0.16 | -0.32 |  0.30 |  3.23 |  1.81 |  3.06 |  1.24 |  4.01 |  4.39 |  1.15 |  3.27 |
|       114 |  2.47 |  2.45 |  3.03 | -0.80 |  6.12 |  2.08 |  3.31 |  4.83 |  4.34 | -0.22 |  2.01 |  4.94 |  1.21 |  3.56 |  0.86 |  3.86 |  3.62 |  1.16 |  6.19 |  3.27 |  3.58 |  1.57 |  3.99 |  6.64 |  4.64 |  1.82 | -2.85 |  3.99 |  2.49 | -1.21 |  4.47 |  2.88 |  2.96 |  2.46 |  2.59 |  0.40 |  3.58 |  5.54 |  3.09 |  1.17 |
|       120 |  4.05 |  3.36 |  2.60 | -0.01 |  5.01 |  1.81 |  4.72 |  4.11 |  4.06 |  0.77 |  1.73 |  3.33 |    -0 |  5.01 |  2.57 |  3.71 |  5.57 |  2.48 |  5.53 |  2.91 |  5.60 |  3.33 |  4.03 |  4.85 |  4.07 |  1.59 | -1.39 |  2.16 |  4.48 | -2.56 |  3.60 |  3.22 |  4.05 |  1.58 |  2.31 |  0.15 |  4.60 |  4.88 |  2.33 |  1.06 |
