# variable: Temperature at 2m
# units: degree celsius
# 
| fcst_hour |    1 |    2 |     3 |     4 |     5 |    6 |    7 |     8 |    9 |    10 |   11 |   12 |    13 |   14 |   15 |    16 |    17 |    18 |   19 |   20 |   21 |   22 |   23 |    24 |   25 |    26 |   27 |   28 |   29 |    30 |    31 |   32 |   33 |   34 |   35 |   36 |   37 |   38 |   39 |   40 |
|         0 | 1.70 | 2.43 |  1.76 |  2.34 |  2.14 | 1.30 | 2.05 |  1.41 | 1.04 |  1.23 | 1.91 | 1.53 |  1.09 | 1.79 | 2.48 |  1.42 |  2.11 |  1.61 | 1.08 | 2.34 | 2.08 | 1.75 | 2.21 |  1.71 | 1.15 |  1.99 | 0.91 | 1.44 | 1.72 |  1.55 |  1.20 | 1.63 | 1.41 | 2.04 | 1.19 | 1.25 | 1.72 | 0.75 | 2.20 | 1.84 |
|         1 | 1.94 | 2.38 |  2.05 |  2.38 |  2.34 | 1.75 | 2.32 |  1.65 | 1.18 |  1.26 | 2.12 | 1.52 |  1.03 | 1.71 | 2.62 |  1.72 |  2.36 |  1.73 | 1.20 | 2.41 | 2.34 | 2.18 | 2.38 |  1.92 | 1.39 |  2.07 | 1.16 | 1.77 | 2.11 |  1.44 |  1.47 | 1.73 | 1.55 | 2.10 | 1.17 | 0.77 | 1.62 | 0.97 | 2.19 | 2.12 |
|         2 | 1.94 | 2.06 |  2.12 |  2.38 |  2.36 | 2.02 | 2.40 |  1.64 | 1.25 |  1.22 | 2.29 | 1.32 |  0.90 | 1.52 | 2.65 |  1.76 |  2.48 |  1.78 | 1.37 | 2.53 | 2.38 | 2.24 | 2.53 |  2.13 | 1.48 |  2.04 | 1.21 | 1.78 | 2.11 |  1.38 |  1.48 | 1.56 | 1.63 | 1.97 | 1.23 | 0.74 | 1.48 | 0.98 | 2.32 | 2.13 |
|         3 | 1.85 | 1.73 |  1.82 |  2.27 |  2.41 | 2.14 | 2.34 |  1.64 | 1.30 |  1.17 | 2.35 | 1.04 |  0.94 | 1.24 | 2.32 |  1.56 |  2.43 |  1.87 | 1.49 | 2.57 | 2.57 | 2.17 | 2.62 |  2.01 | 1.43 |  1.79 | 1.12 | 1.64 | 1.99 |  1.53 |  1.73 | 1.54 | 1.67 | 1.86 | 1.15 | 0.81 | 1.35 | 0.96 | 2.31 | 2.26 |
|         4 | 1.80 | 1.88 |  1.64 |  1.86 |  2.67 | 2.11 | 2.20 |  1.43 | 1.40 |  0.92 | 2.23 | 0.96 |  0.78 | 1.20 | 1.89 |  1.27 |  2.36 |  1.95 | 1.61 | 2.43 | 2.31 | 2.04 | 2.32 |  1.65 | 1.28 |  1.26 | 1.22 | 1.62 | 2.01 |  1.50 |  1.81 | 1.51 | 1.80 | 1.45 | 0.77 | 0.81 | 1.50 | 0.97 | 2.05 | 2.02 |
|         5 | 1.40 | 1.86 |  1.37 |  1.78 |  2.65 | 1.78 | 1.97 |  1.34 | 1.30 |  0.93 | 1.94 | 0.82 |  0.52 | 0.98 | 1.72 |  1.13 |  2.17 |  1.60 | 1.56 | 2.24 | 2.15 | 1.90 | 2.24 |  1.24 | 1.12 |  0.92 | 1.04 | 1.69 | 1.92 |  1.76 |  1.72 | 1.41 | 1.58 | 1.03 | 0.57 | 0.88 | 1.53 | 0.96 | 1.89 | 1.63 |
|         6 | 1.16 | 1.70 |  1.30 |  1.58 |  2.09 | 1.45 | 1.79 |  1.12 | 1.11 |  0.88 | 1.51 | 0.71 |  0.40 | 0.71 | 1.37 |  1.11 |  1.77 |  1.22 | 1.42 | 1.71 | 1.76 | 1.53 | 1.52 |  0.94 | 0.98 |  0.78 | 0.64 | 1.43 | 1.42 |  1.80 |  1.47 | 1.34 | 1.25 | 0.94 | 0.90 | 0.84 | 1.56 | 1.03 | 1.52 | 1.30 |
|         7 | 1.07 | 1.22 |  0.97 |  1.56 |  1.57 | 1.15 | 1.55 |  0.80 | 0.82 |  0.85 | 1.05 | 0.58 |  0.26 | 1.01 | 1.07 |  0.71 |  1.16 |  1.17 | 1.27 | 1.16 | 1.27 | 1.00 | 0.68 |  0.66 | 0.71 |  0.79 | 0.51 | 1.12 | 0.68 |  1.49 |  1.15 | 1.15 | 0.97 | 0.59 | 0.98 | 0.88 | 1.34 | 0.90 | 0.99 | 0.96 |
|         8 | 1.01 | 0.82 |  0.81 |  1.39 |  1.34 | 1.11 | 1.39 |  0.51 | 0.71 |  0.75 | 0.78 | 0.59 |  0.18 | 1.06 | 0.98 |  0.42 |  0.93 |  1.11 | 1.18 | 0.88 | 1.03 | 0.74 | 0.48 |  0.59 | 0.54 |  0.72 | 0.35 | 0.85 | 0.43 |  0.82 |  0.78 | 0.97 | 0.83 | 0.45 | 0.92 | 0.62 | 1.04 | 0.64 | 0.70 | 0.85 |
|         9 | 1.34 | 0.75 |  1.05 |  1.59 |  1.60 | 1.56 | 1.52 |  0.54 | 0.81 |  0.79 | 1.01 | 0.86 |  0.37 | 1.09 | 1.14 |  0.51 |  1.09 |  1.24 | 1.23 | 1.09 | 1.15 | 0.89 | 0.80 |  0.70 | 0.67 |  0.77 | 0.48 | 0.90 | 0.61 |  0.87 |  0.68 | 1.09 | 0.95 | 0.61 | 1.17 | 0.68 | 1.23 | 0.82 | 0.83 | 0.95 |
|        10 | 1.61 | 1.05 |  1.43 |  2.13 |  2.00 | 2.17 | 1.94 |  0.99 | 1.24 |  0.83 | 1.57 | 1.36 |  1.01 | 1.39 | 1.44 |  0.88 |  1.46 |  1.44 | 1.40 | 1.43 | 1.71 | 1.25 | 1.59 |  0.84 | 1.07 |  1.08 | 0.97 | 1.11 | 1.05 |  1.52 |  0.92 | 1.34 | 1.20 | 0.97 | 1.39 | 1.31 | 1.77 | 1.25 | 1.29 | 1.16 |
|        11 | 1.90 | 1.51 |  1.85 |  2.59 |  2.55 | 2.49 | 2.37 |  1.36 | 1.59 |  1.05 | 1.91 | 1.87 |  1.47 | 1.74 | 1.90 |  1.35 |  1.78 |  1.82 | 1.71 | 1.75 | 2.00 | 1.54 | 2.15 |  0.97 | 1.37 |  1.48 | 1.26 | 1.30 | 1.44 |  2.05 |  1.07 | 1.64 | 1.33 | 1.45 | 1.44 | 1.68 | 2.15 | 1.59 | 1.45 | 1.40 |
|        12 | 2.27 | 1.79 |  2.15 |  2.82 |  2.86 | 2.63 | 2.64 |  1.54 | 1.83 |  1.27 | 2.06 | 2.19 |  1.70 | 1.95 | 2.29 |  1.46 |  2.09 |  2.21 | 1.90 | 2.05 | 2.35 | 1.74 | 2.45 |  0.99 | 1.66 |  1.79 | 1.41 | 1.61 | 1.73 |  2.54 |  1.11 | 2.07 | 1.62 | 1.84 | 1.70 | 1.80 | 2.46 | 1.99 | 1.77 | 1.51 |
|        13 | 2.43 | 1.94 |  2.22 |  2.98 |  3.01 | 2.66 | 2.76 |  1.68 | 1.91 |  1.51 | 2.19 | 2.45 |  1.86 | 2.25 | 2.60 |  1.60 |  2.37 |  2.50 | 2.02 | 2.26 | 2.53 | 1.92 | 2.62 |  1.06 | 2.00 |  2.05 | 1.55 | 1.76 | 1.96 |  2.77 |  1.22 | 2.30 | 1.71 | 2.18 | 1.90 | 2.01 | 2.57 | 2.10 | 2.01 | 1.67 |
|        14 | 2.34 | 1.96 |  2.08 |  2.97 |  3.01 | 2.44 | 2.64 |  1.63 | 1.59 |  1.43 | 2.15 | 2.28 |  1.66 | 1.97 | 2.72 |  1.52 |  2.52 |  2.34 | 1.91 | 2.24 | 2.49 | 1.79 | 2.44 |  1.13 | 2.11 |  2.04 | 1.20 | 1.69 | 1.73 |  2.70 |  1.14 | 2.30 | 1.81 | 2.05 | 1.87 | 1.88 | 2.67 | 1.98 | 1.85 | 1.53 |
|        15 | 1.90 | 1.63 |  1.55 |  2.44 |  2.41 | 1.80 | 2.14 |  1.11 | 0.68 |  0.92 | 1.59 | 1.68 |  1.26 | 1.52 | 2.62 |  0.72 |  2.12 |  1.70 | 1.45 | 1.67 | 2.04 | 0.95 | 1.44 |  1.11 | 1.79 |  1.51 | 0.57 | 1.04 | 0.66 |  1.95 |  0.87 | 1.77 | 1.41 | 1.59 | 1.56 | 1.16 | 2.45 | 1.46 | 1.20 | 1.02 |
|        16 | 1.54 | 1.15 |  1.22 |  1.70 |  1.55 | 1.53 | 1.61 |  0.69 | 0.36 |  0.76 | 1.16 | 1.26 |  0.82 | 1.21 | 2.37 |  0.39 |  1.56 |  1.25 | 1.04 | 1.00 | 1.70 | 0.59 | 0.71 |  1.15 | 1.29 |  1.19 | 0.45 | 0.76 | 0.31 |  1.10 |  0.77 | 1.44 | 1.10 | 1.19 | 1.29 | 0.59 | 2.11 | 0.95 | 0.71 | 0.80 |
|        17 | 1.12 | 0.89 |  1.02 |  1.41 |  1.17 | 1.34 | 1.41 |  0.49 | 0.33 |  0.78 | 1.03 | 0.89 |  0.57 | 1.13 | 2.10 |  0.21 |  1.49 |  1.34 | 1.05 | 0.69 | 1.60 | 0.62 | 0.44 |  1.25 | 1.08 |  1.17 | 0.57 | 0.68 | 0.27 |  0.74 |  0.88 | 1.39 | 1.17 | 1.01 | 1.32 | 0.44 | 1.81 | 0.49 | 0.90 | 0.79 |
|        18 | 1.08 | 0.32 |  0.93 |  1.35 |  0.50 | 1.12 | 1.35 |  0.50 | 0.38 |  0.85 | 0.38 | 0.68 |  0.48 | 1.35 | 1.87 |  0.12 |  1.56 |  1.70 | 1.18 | 0.51 | 1.53 | 0.70 | 0.18 |  1.36 | 0.96 |  1.19 | 0.66 | 0.70 | 0.25 |  0.64 |  0.96 | 1.39 | 1.12 | 1.17 | 1.21 | 0.41 | 1.72 | 0.27 | 1.23 | 0.90 |
|        19 | 1.26 | 0.19 |  0.92 |  1.45 | -0.03 | 0.63 | 1.38 |  0.59 | 0.40 |  0.96 | 0.29 | 0.78 |  0.51 | 1.68 | 1.88 |  0.09 |  1.64 |  2.04 | 1.38 | 0.42 | 1.45 | 0.73 | 0.05 |  1.52 | 0.99 |  1.29 | 0.70 | 0.84 | 0.17 |  0.49 |  1.05 | 1.47 | 1.12 | 1.43 | 1.13 | 0.44 | 1.78 | 0.09 | 1.69 | 0.98 |
|        20 | 1.48 | 0.32 |  0.93 |  1.22 | -0.44 | 0.49 | 1.52 |  0.75 | 0.28 |  1.10 | 0.27 | 0.94 |  0.59 | 1.95 | 1.97 |  0.14 |  1.79 |  2.37 | 1.60 | 0.43 | 1.35 | 0.63 | 0.09 |  1.78 | 1.13 |  1.42 | 0.69 | 1.06 | 0.12 |  0.37 |  1.19 | 1.55 | 1.28 | 1.68 | 1.29 | 0.52 | 1.86 | 0.05 | 2.42 | 0.95 |
|        21 | 1.81 | 0.38 |  0.95 |  0.71 | -0.28 | 0.53 | 1.76 |  0.97 | 0.23 |  1.26 | 0.29 | 1.08 |  0.66 | 2.28 | 2.09 |  0.28 |  2.08 |  2.84 | 2.06 | 0.47 | 1.36 | 0.62 | 0.14 |  1.95 | 1.26 |  1.59 | 0.73 | 1.40 | 0.15 |  0.49 |  1.40 | 1.62 | 1.39 | 2.09 | 1.46 | 0.63 | 2.09 | 0.13 | 2.93 | 0.92 |
|        22 | 2.13 | 0.50 |  1.08 |  0.77 |    -0 | 0.57 | 2.08 |  1.31 | 0.29 |  1.43 | 0.35 | 1.40 |  0.83 | 2.66 | 2.30 |  0.41 |  2.42 |  3.10 | 2.70 | 0.58 | 1.46 | 0.74 | 0.18 |  2.20 | 1.46 |  1.88 | 1.06 | 1.67 | 0.21 |  0.71 |  1.70 | 1.82 | 1.56 | 2.61 | 1.73 | 0.80 | 2.52 | 0.23 | 3.08 | 1.09 |
|        23 | 2.32 | 0.69 |  1.33 |  0.88 |  0.21 | 0.56 | 2.58 |  1.64 | 0.37 |  1.50 | 0.41 | 1.83 |  1.14 | 2.65 | 2.57 |  0.54 |  2.68 |  3.47 | 3.08 | 0.81 | 1.60 | 0.79 | 0.46 |  2.46 | 1.81 |  2.11 | 1.30 | 1.95 | 0.35 |  0.94 |  1.83 | 2.16 | 1.79 | 2.97 | 2.14 | 1.07 | 2.86 | 0.28 | 3.11 | 1.27 |
|        24 | 2.74 | 1.03 |  1.65 |  1.24 |  0.39 | 0.54 | 3.08 |  2.11 | 0.63 |  1.65 | 0.49 | 2.27 |  2.12 | 2.66 | 2.85 |  0.67 |  3.09 |  3.53 | 3.24 | 1.05 | 1.71 | 0.82 | 0.80 |  2.81 | 2.30 |  2.45 | 1.51 | 2.05 | 0.67 |  1.16 |  1.92 | 2.51 | 2.26 | 3.20 | 2.45 | 1.54 | 3.22 | 0.34 | 3.18 | 1.64 |
|        25 | 2.78 | 1.39 |  1.97 |  1.56 |  0.68 | 0.73 | 3.40 |  2.84 | 0.86 |  1.76 | 0.62 | 2.82 |  2.59 | 2.77 | 2.90 |  0.88 |  3.67 |  3.69 | 3.16 | 1.50 | 1.97 | 1.01 | 1.08 |  3.08 | 2.92 |  3.13 | 1.62 | 2.11 | 0.92 |  1.46 |  2.16 | 2.84 | 3.01 | 3.42 | 2.65 | 1.93 | 3.47 | 0.46 | 3.29 | 1.89 |
|        26 | 2.72 | 1.72 |  2.24 |  1.96 |  0.99 | 0.98 | 3.64 |  3.36 | 1.15 |  1.78 | 0.88 | 3.17 |  3.32 | 2.97 | 2.95 |  1.04 |  3.91 |  4.11 | 3.20 | 1.89 | 2.37 | 1.30 | 1.24 |  3.23 | 3.22 |  3.45 | 1.65 | 2.46 | 2.08 |  1.95 |  2.36 | 3.04 | 3.67 | 3.61 | 2.95 | 2.33 | 3.67 | 0.61 | 3.37 | 2.02 |
|        27 | 2.56 | 2.21 |  2.41 |  2.06 |  1.18 | 1.25 | 3.55 |  3.69 | 1.53 |  1.99 | 1.16 | 3.16 |  3.68 | 3.06 | 3.39 |  0.92 |  3.98 |  4.38 | 3.60 | 2.60 | 2.74 | 1.42 | 1.22 |  3.24 | 3.51 |  3.67 | 1.78 | 2.68 | 1.78 |  2.66 |  2.57 | 3.14 | 4.07 | 3.79 | 3.08 | 2.79 | 3.73 | 0.75 | 3.37 | 2.17 |
|        28 | 2.60 | 3.19 |  2.66 |  2.09 |  1.67 | 1.66 | 3.60 |  3.94 | 1.51 |  2.11 | 1.55 | 3.22 |  3.88 | 3.12 | 3.20 |  0.80 |  4.07 |  4.54 | 3.75 | 2.90 | 2.94 | 1.50 | 1.35 |  3.20 | 3.58 |  3.89 | 1.93 | 3.04 | 1.68 |  3.10 |  2.65 | 3.28 | 4.18 | 3.87 | 3.04 | 3.10 | 3.69 | 0.91 | 3.41 | 2.36 |
|        29 | 2.64 | 3.64 |  2.91 |  2.14 |  1.46 | 1.82 | 3.76 |  4.04 | 1.64 |  2.19 | 1.37 | 3.24 |  4.17 | 3.27 | 3.27 |  1.71 |  4.07 |  4.42 | 3.89 | 3.03 | 2.95 | 1.60 | 1.41 |  3.16 | 3.74 |  4.05 | 2.21 | 3.22 | 2.11 |  3.26 |  2.66 | 3.54 | 4.25 | 3.88 | 3.14 | 3.14 | 3.66 | 1.05 | 3.45 | 2.61 |
|        30 | 2.71 | 4.07 |  3.13 |  2.16 |  1.48 | 2.03 | 3.82 |  4.17 | 1.85 |  2.34 | 1.37 | 3.30 |  4.44 | 3.25 | 3.24 |  1.90 |  3.99 |  4.39 | 4.07 | 3.21 | 2.92 | 1.65 | 1.47 |  3.15 | 3.83 |  4.11 | 2.40 | 3.33 | 2.71 |  3.05 |  2.77 | 3.68 | 4.29 | 3.90 | 3.07 | 3.07 | 3.69 | 1.11 | 3.53 | 2.91 |
|        31 | 2.93 | 4.53 |  3.10 |  2.11 |  1.61 | 2.19 | 3.93 |  4.27 | 2.04 |  2.39 | 1.55 | 3.33 |  4.46 | 3.29 | 3.51 |  2.02 |  3.97 |  4.39 | 4.28 | 3.30 | 2.84 | 1.73 | 1.68 |  3.14 | 3.82 |  4.19 | 2.47 | 3.41 | 2.77 |  3.17 |  2.94 | 3.79 | 4.36 | 3.91 | 2.94 | 3.01 | 3.60 | 1.02 | 3.41 | 3.24 |
|        32 | 2.84 | 4.80 |  3.10 |  2.09 |  1.96 | 2.20 | 4.06 |  4.39 | 2.22 |  2.49 | 2.06 | 3.47 |  4.44 | 3.38 | 3.42 |  2.27 |  4.07 |  4.42 | 4.52 | 3.40 | 2.85 | 1.87 | 1.98 |  3.13 | 3.82 |  4.28 | 2.57 | 3.54 | 3.10 |  3.27 |  3.10 | 3.94 | 4.49 | 4.01 | 2.82 | 3.04 | 3.60 | 1.27 | 3.46 | 3.52 |
|        33 | 2.75 | 5.18 |  3.35 |  2.37 |  2.35 | 2.03 | 4.25 |  4.63 | 2.55 |  2.82 | 2.44 | 3.83 |  4.60 | 3.73 | 3.84 |  2.73 |  4.39 |  4.58 | 4.86 | 3.62 | 3.08 | 2.44 | 2.72 |  3.38 | 4.13 |  4.42 | 2.97 | 3.79 | 3.89 |  3.54 |  3.34 | 4.24 | 4.65 | 4.20 | 2.94 | 3.46 | 3.83 | 1.65 | 3.93 | 3.82 |
|        34 | 3.76 | 5.54 |  3.79 |  2.67 |  3.04 | 2.12 | 4.59 |  5.10 | 3.20 |  3.16 | 2.90 | 4.23 |  4.88 | 4.24 | 4.48 |  3.16 |  5.16 |  4.90 | 5.29 | 4.13 | 3.26 | 3.06 | 3.21 |  3.50 | 4.59 |  4.68 | 3.35 | 4.10 | 4.33 |  3.86 |  3.66 | 4.55 | 4.88 | 4.48 | 3.09 | 4.10 | 4.20 | 1.87 | 4.41 | 4.22 |
|        35 | 4.80 | 6.12 |  4.13 |  2.87 |  3.75 | 2.29 | 5.14 |  5.36 | 4.02 |  3.47 | 3.63 | 4.74 |  5.07 | 4.57 | 5.12 |  3.44 |  5.65 |  5.26 | 5.60 | 5.03 | 3.56 | 3.68 | 3.57 |  3.53 | 5.11 |  5.04 | 3.79 | 4.77 | 4.78 |  4.23 |  4.07 | 4.86 | 5.16 | 4.69 | 3.32 | 4.71 | 4.62 | 2.63 | 4.82 | 4.71 |
|        36 | 5.53 | 6.58 |  4.37 |  3.18 |  3.96 | 2.73 | 5.64 |  5.27 | 4.65 |  3.80 | 4.06 | 5.21 |  5.27 | 4.82 | 5.78 |  3.86 |  6.07 |  5.73 | 5.78 | 5.80 | 4.06 | 4.13 | 4.00 |  3.56 | 5.59 |  5.39 | 4.12 | 5.25 | 5.11 |  4.39 |  4.40 | 5.00 | 5.41 | 4.94 | 3.65 | 5.11 | 5.03 | 3.86 | 4.97 | 4.85 |
|        37 | 6.04 | 6.83 |  4.79 |  3.30 |  4.19 | 3.10 | 6.03 |  5.23 | 5.22 |  4.10 | 4.34 | 5.87 |  5.58 | 5.01 | 6.15 |  4.28 |  6.36 |  6.03 | 6.12 | 6.19 | 4.09 | 4.45 | 4.42 |  3.65 | 6.04 |  5.48 | 4.48 | 5.70 | 5.42 |  4.89 |  4.81 | 5.13 | 5.60 | 5.12 | 4.17 | 5.39 | 5.39 | 4.80 | 5.05 | 5.02 |
|        38 | 6.03 | 6.91 |  4.70 |  3.31 |  4.38 | 3.40 | 6.11 |  5.32 | 5.25 |  4.30 | 4.48 | 5.87 |  5.75 | 4.89 | 6.39 |  4.34 |  6.22 |  6.03 | 6.36 | 6.17 | 4.34 | 4.56 | 4.44 |  3.85 | 6.06 |  5.55 | 4.53 | 5.83 | 5.56 |  5.18 |  5.09 | 5.18 | 5.68 | 5.11 | 4.22 | 5.40 | 5.58 | 5.05 | 4.94 | 5.18 |
|        39 | 5.34 | 6.77 |  4.50 |  3.16 |  4.34 | 3.45 | 5.97 |  5.34 | 4.82 |  4.39 | 4.31 | 5.56 |  5.77 | 4.61 | 6.11 |  4.11 |  5.97 |  5.78 | 6.27 | 5.85 | 4.37 | 4.48 | 4.41 |  4.01 | 5.86 |  5.50 | 4.34 | 5.55 | 5.30 |  5.03 |  4.86 | 5.23 | 5.65 | 4.98 | 4.07 | 5.14 | 5.52 | 4.83 | 4.73 | 5.30 |
|        40 | 4.50 | 6.56 |  4.12 |  2.99 |  4.26 | 3.33 | 5.80 |  5.10 | 4.18 |  4.36 | 3.95 | 5.03 |  5.59 | 4.27 | 5.53 |  3.83 |  5.64 |  5.58 | 6.06 | 5.25 | 4.05 | 4.33 | 4.41 |  3.91 | 5.54 |  5.41 | 4.03 | 5.07 | 4.80 |  4.77 |  4.57 | 5.23 | 5.61 | 4.79 | 3.60 | 4.62 | 5.22 | 4.38 | 4.42 | 5.45 |
|        41 | 2.88 | 6.41 |  3.87 |  2.73 |  4.24 | 3.07 | 5.73 |  4.94 | 3.66 |  4.28 | 3.58 | 4.63 |  5.30 | 4.04 | 5.09 |  3.68 |  5.36 |  5.51 | 5.94 | 4.77 | 3.43 | 4.28 | 4.43 |  3.85 | 5.34 |  5.30 | 3.93 | 4.75 | 4.33 |  4.44 |  4.41 | 5.34 | 5.56 | 4.69 | 2.91 | 4.22 | 4.88 | 3.88 | 4.22 | 5.56 |
|        42 | 1.97 | 6.30 |  3.45 |  2.37 |  4.25 | 2.72 | 5.64 |  4.75 | 3.23 |  4.19 | 3.19 | 4.36 |  4.99 | 3.89 | 4.28 |  3.43 |  5.19 |  5.40 | 5.72 | 4.47 | 3.34 | 4.26 | 4.44 |  3.77 | 5.15 |  5.20 | 3.83 | 4.51 | 4.06 |  4.02 |  4.33 | 5.46 | 5.50 | 4.66 | 2.75 | 3.98 | 4.14 | 3.33 | 4.14 | 5.52 |
|        43 | 2.30 | 6.15 |  3.24 |  2.03 |  4.26 | 2.49 | 5.49 |  4.44 | 3.10 |  4.17 | 2.85 | 4.14 |  4.74 | 3.67 | 3.91 |  3.20 |  5.13 |  5.27 | 5.58 | 4.28 | 3.30 | 4.04 | 4.35 |  3.62 | 5.00 |  5.10 | 3.69 | 4.36 | 3.77 |  3.91 |  4.30 | 5.60 | 5.48 | 4.61 | 2.90 | 3.93 | 2.98 | 3.03 | 3.99 | 5.47 |
|        44 | 2.46 | 6.03 |  3.14 |  1.85 |  4.23 | 2.64 | 5.32 |  4.37 | 3.05 |  4.16 | 2.87 | 3.86 |  4.54 | 3.46 | 3.78 |  2.99 |  5.04 |  5.18 | 5.34 | 4.13 | 3.12 | 3.85 | 4.29 |  3.57 | 4.94 |  5.08 | 3.58 | 4.25 | 3.67 |  3.76 |  4.28 | 5.67 | 5.41 | 4.61 | 2.66 | 3.77 | 1.20 | 3.04 | 3.94 | 5.50 |
|        45 | 2.65 | 5.89 |  3.17 |  1.85 |  4.26 | 2.65 | 5.15 |  4.37 | 2.97 |  4.08 | 2.95 | 3.56 |  4.43 | 3.38 | 3.62 |  2.86 |  4.94 |  5.19 | 5.00 | 3.99 | 3.00 | 3.64 | 4.26 |  3.40 | 4.90 |  4.91 | 3.49 | 4.14 | 3.46 |  3.66 |  4.23 | 5.70 | 5.44 | 4.62 | 2.57 | 3.65 | 1.09 | 3.07 | 3.94 | 5.58 |
|        46 | 2.56 | 5.82 |  3.16 |  1.74 |  4.36 | 2.56 | 4.95 |  4.33 | 2.90 |  4.01 | 2.90 | 3.43 |  4.37 | 3.23 | 3.52 |  2.82 |  4.84 |  5.29 | 4.80 | 3.95 | 3.01 | 3.44 | 4.18 |  3.20 | 4.83 |  4.58 | 3.38 | 4.05 | 3.32 |  3.61 |  4.18 | 5.67 | 5.55 | 4.59 | 2.33 | 3.54 | 2.72 | 3.13 | 3.94 | 5.60 |
|        47 | 2.50 | 5.79 |  3.36 |  1.64 |  4.77 | 2.55 | 4.78 |  4.30 | 2.89 |  4.06 | 2.81 | 3.33 |  4.32 | 3.04 | 3.46 |  2.65 |  4.79 |  5.43 | 4.48 | 3.90 | 3.01 | 3.32 | 4.16 |  3.06 | 4.78 |  4.21 | 3.31 | 3.98 | 3.18 |  3.52 |  4.18 | 5.61 | 5.38 | 4.58 | 2.26 | 3.47 | 2.68 | 3.14 | 3.83 | 5.61 |
|        48 | 2.32 | 5.79 |  3.30 |  1.53 |  4.80 | 2.59 | 4.68 |  4.26 | 2.87 |  4.13 | 2.64 | 3.11 |  4.27 | 2.78 | 3.50 |  2.43 |  4.80 |  5.38 | 4.10 | 3.89 | 2.93 | 3.22 | 4.23 |  3.02 | 4.69 |  4.21 | 3.27 | 3.89 | 3.04 |  3.51 |  4.19 | 5.32 | 5.10 | 4.56 | 2.39 | 3.43 | 2.67 | 3.09 | 3.78 | 5.63 |
|        51 | 0.97 | 5.81 |  3.42 |  1.44 |  5.03 | 2.67 | 4.44 |  4.08 | 2.89 |  4.05 | 2.56 | 3.03 |  4.41 | 2.45 | 3.38 |  2.23 |  4.97 |  4.76 | 2.92 | 3.90 | 2.80 | 2.90 | 4.29 |  2.81 | 4.64 |  3.96 | 3.03 | 4.00 | 2.81 |  3.59 |  4.00 | 4.72 | 4.85 | 4.63 | 2.75 | 3.56 | 2.68 | 3.81 | 3.82 | 5.46 |
|        54 | 0.83 | 5.93 |  3.65 |  1.35 |  4.36 | 2.86 | 4.29 |  4.20 | 2.37 |  3.91 | 2.84 | 2.94 |  4.26 | 1.68 | 3.70 |  2.30 |  5.03 |  4.52 | 2.58 | 4.02 | 2.94 | 2.79 | 4.31 |  2.58 | 4.73 |  4.02 | 3.08 | 3.81 | 2.58 |  3.78 |  3.87 | 4.83 | 5.30 | 4.75 | 3.25 | 3.63 | 2.58 | 3.94 | 3.64 | 4.89 |
|        57 | 1.22 | 5.60 |  4.33 |  1.11 |  2.97 | 3.22 | 4.67 |  4.77 | 3.03 |  3.75 | 3.42 | 3.39 |  4.35 | 1.96 | 4.00 |  3.03 |  5.58 |  4.68 | 3.01 | 4.40 | 3.35 | 3.16 | 4.85 |  2.34 | 4.86 |  4.20 | 3.35 | 3.71 | 2.57 |  4.17 |  4.21 | 5.26 | 5.51 | 4.83 | 3.84 | 4.09 | 2.60 | 4.42 | 3.74 | 4.88 |
|        60 | 2.80 | 5.19 |  5.85 |  1.94 |  3.54 | 4.25 | 6.22 |  5.83 | 4.14 |  4.72 | 4.66 | 4.46 |  5.38 | 2.77 | 4.98 |  4.20 |  5.52 |  5.72 | 4.05 | 5.36 | 4.48 | 4.32 | 6.06 |  2.22 | 5.66 |  4.80 | 4.17 | 4.88 | 3.91 |  5.38 |  5.34 | 6.56 | 6.58 | 5.66 | 5.24 | 5.28 | 3.84 | 5.45 | 5.02 | 5.85 |
|        63 | 4.02 | 5.08 |  5.72 |  2.39 |  3.89 | 4.90 | 7.01 |  5.90 | 4.61 |  4.72 | 5.12 | 4.84 |  5.79 | 3.16 | 5.91 |  4.58 |  5.81 |  5.72 | 4.36 | 5.89 | 5.26 | 4.72 | 6.08 |  2.15 | 5.80 |  4.90 | 4.54 | 5.33 | 4.48 |  5.91 |  5.70 | 6.44 | 5.29 | 6.03 | 5.68 | 5.61 | 4.56 | 5.71 | 4.73 | 6.00 |
|        66 | 3.11 | 4.41 |  4.73 |  1.98 |  3.30 | 4.99 | 6.08 |  4.93 | 4.47 |  3.08 | 4.44 | 4.82 |  5.03 | 2.50 | 5.56 |  4.06 |  5.47 |  4.61 | 3.71 | 5.54 | 5.82 | 4.44 | 5.44 |  1.77 | 5.54 |  4.67 | 4.50 | 5.35 | 3.12 |  5.59 |  4.41 | 5.20 | 4.44 | 5.66 | 5.65 | 5.17 | 4.29 | 4.43 | 2.60 | 5.52 |
|        69 | 2.68 | 4.26 |  3.61 |  1.77 |  2.94 | 4.77 | 5.62 |  4.58 | 4.32 |  2.68 | 4.17 | 4.73 |  4.54 | 2.29 | 4.79 |  3.65 |  4.32 |  3.44 | 2.97 | 5.51 | 5.90 | 4.53 | 4.97 |  1.61 | 5.29 |  3.67 | 4.03 | 5.30 | 2.89 |  5.32 |  3.29 | 4.47 | 4.09 | 5.05 | 5.08 | 4.05 | 4.34 | 3.46 | 2.65 | 5.40 |
|        72 | 1.76 | 3.64 |  3.09 |  2.17 |  2.98 | 4.57 | 5.19 |  4.42 | 3.89 |  2.48 | 3.61 | 4.61 |  4.07 | 2.69 | 4.01 |  3.25 |  3.90 |  2.64 | 2.26 | 5.28 | 5.05 | 4.27 | 4.71 |  2.15 | 4.73 |  2.94 | 3.87 | 4.67 | 3.29 |  4.94 |  3.29 | 4.29 | 3.97 | 4.82 | 4.51 | 2.87 | 4.47 | 3.46 | 1.89 | 5.47 |
|        78 | 2.00 | 4.20 |  3.02 |  3.23 |  3.93 | 3.26 | 4.42 |  4.01 | 2.69 |  1.56 | 2.24 | 4.55 |  3.77 | 3.05 | 3.68 |  3.06 |  3.63 |  1.59 | 2.70 | 4.69 | 4.60 | 2.59 | 3.93 |  2.99 | 3.89 |  1.31 | 2.72 | 3.34 | 4.00 |  3.71 |  3.13 | 3.87 | 4.36 | 4.44 | 3.48 | 3.26 | 3.64 | 3.29 | 2.47 | 4.53 |
|        84 | 4.00 | 6.25 |  5.54 |  5.14 |  6.62 | 3.79 | 5.98 |  5.42 | 4.11 |  3.49 | 2.87 | 5.48 |  5.58 | 4.59 | 5.60 |  4.34 |  4.95 |  4.59 | 3.61 | 5.81 | 6.88 | 3.36 | 4.23 |  3.91 | 5.64 |  3.26 | 4.13 | 4.94 | 4.86 |  6.19 |  3.55 | 6.96 | 6.41 | 4.98 | 5.08 | 3.87 | 6.17 | 4.30 | 3.76 | 5.14 |
|        90 | 3.50 | 3.72 |  3.33 |  4.04 |  3.80 | 2.36 | 4.35 |  3.71 | 2.56 |  3.48 | 2.68 | 4.53 |  3.65 | 4.26 | 5.06 |  1.07 |  3.16 |  1.96 | 3.72 | 4.71 | 5.04 | 3.65 | 4.25 |  3.63 | 5.28 |  3.20 | 3.86 | 4.01 | 4.47 |  3.97 |  1.03 | 4.49 | 4.08 | 4.68 | 4.68 | 3.14 | 2.77 | 4.34 | 3.76 | 4.82 |
|        96 | 2.04 | 3.21 | -0.69 |  2.59 |  2.62 | 2.03 | 2.93 |  1.42 | 2.22 |  1.80 | 1.38 | 3.55 | -0.32 | 3.99 | 4.58 | -1.48 |  1.02 | -0.11 | 2.22 | 4.01 | 4.30 | 2.38 | 4.38 |  3.25 | 2.71 | -0.69 | 2.73 | 2.13 | 3.87 | -0.57 | -0.21 | 3.84 | 2.46 | 5.02 | 2.83 | 1.98 | 0.83 | 2.64 | 2.51 | 4.65 |
|       102 | 1.54 | 3.29 | -2.68 |  0.16 |  2.63 | 2.57 | 2.35 | -0.44 | 1.90 |  0.83 | 0.72 | 2.95 | -1.98 | 3.98 | 4.32 | -3.11 | -0.63 | -1.07 | 2.11 | 3.49 | 4.04 | 1.42 | 3.99 | -0.17 | 1.80 | -2.69 | 1.87 | 0.92 | 3.86 | -2.37 |  0.27 | 3.77 | 2.08 | 5.04 | 2.36 | 1.58 | 0.06 | 2.84 | 1.03 | 3.84 |
|       108 | 3.60 | 5.15 | -0.43 |  1.47 |  4.90 | 4.65 | 3.82 |  1.38 | 3.71 |  3.21 | 4.83 | 3.35 |  0.10 | 4.83 | 6.10 |  0.49 |  1.11 |  0.94 | 4.73 | 5.60 | 5.33 | 4.11 | 5.72 |  0.60 | 4.48 | -0.93 | 4.14 | 4.35 | 5.68 |  0.20 |  3.21 | 6.40 | 2.59 | 6.17 | 4.23 | 4.84 | 2.97 | 4.47 | 2.06 | 2.70 |
|       114 | 3.19 | 5.53 | -0.22 |  0.09 |  2.86 | 4.66 | 2.94 |  1.26 | 3.04 |  0.66 | 4.39 | 3.45 |  0.64 | 1.56 | 5.08 | -0.44 |  1.01 |  0.69 | 3.80 | 4.09 | 3.88 | 3.87 | 3.12 |  0.13 | 5.35 | -0.82 | 3.43 | 5.89 | 3.23 | -0.81 |  3.52 | 6.00 | 0.66 | 5.25 | 3.84 | 3.48 | 2.17 | 3.97 | 1.39 | 2.54 |
|       120 | 3.21 | 6.26 |  0.45 | -1.88 |  2.79 | 4.38 | 1.84 | -1.26 | 1.94 | -0.65 | 4.42 | 1.70 |  0.67 | 0.70 | 4.05 | -1.63 |  1.34 | -1.12 | 3.06 | 2.83 | 3.05 | 3.41 | 4.85 |  0.03 | 3.59 | -2.51 | 2.52 | 4.50 | 4.22 |  0.26 |  3.60 | 6.13 | 1.01 | 4.52 | 3.07 | 1.68 | 2.00 | 0.87 | 1.34 | 2.52 |
