# variable: Temperature at 2m
# units: degree celsius
# 
| fcst_hour |    1 |    2 |    3 |    4 |    5 |    6 |    7 |    8 |     9 |   10 |   11 |   12 |    13 |   14 |   15 |    16 |   17 |    18 |   19 |   20 |    21 |   22 |    23 |   24 |    25 |   26 |   27 |    28 |   29 |   30 |    31 |    32 |   33 |   34 |    35 |    36 |   37 |   38 |    39 |   40 |
|         0 | 5.30 | 5.44 | 5.55 | 5.44 | 5.89 | 5.79 | 5.88 | 5.76 |  5.09 | 5.68 | 5.57 | 5.60 |  5.95 | 5.18 | 5.74 |  5.46 | 5.58 |  5.67 | 5.65 | 5.99 |  5.57 | 5.27 |  5.70 | 5.46 |  5.47 | 5.78 | 5.55 |  5.93 | 5.56 | 6.04 |  5.75 |  5.97 | 5.69 | 5.67 |  5.94 |  5.67 | 5.94 | 6.10 |  5.34 | 5.73 |
|         1 | 5.27 | 5.16 | 5.33 | 5.43 | 5.72 | 5.64 | 5.78 | 5.55 |  4.84 | 5.50 | 5.42 | 5.44 |  5.64 | 5.05 | 5.54 |  5.21 | 5.45 |  5.46 | 5.40 | 5.74 |  5.42 | 4.97 |  5.54 | 5.24 |  5.27 | 5.67 | 5.37 |  5.72 | 5.37 | 5.88 |  5.58 |  5.76 | 5.61 | 5.46 |  5.63 |  5.52 | 5.70 | 5.92 |  5.20 | 5.50 |
|         2 | 5.15 | 4.98 | 5.15 | 5.33 | 5.60 | 5.49 | 5.57 | 5.27 |  4.71 | 5.27 | 5.30 | 5.08 |  5.36 | 4.93 | 5.35 |  5.01 | 5.22 |  5.25 | 5.15 | 5.53 |  5.23 | 4.76 |  5.35 | 5.07 |  5.09 | 5.51 | 5.27 |  5.56 | 5.27 | 5.58 |  5.48 |  5.54 | 5.55 | 5.24 |  5.45 |  5.43 | 5.35 | 5.73 |  5.08 | 5.21 |
|         3 | 5.06 | 4.82 | 4.90 | 5.28 | 5.49 | 5.39 | 5.36 | 5.18 |  4.53 | 5.08 | 5.16 | 4.85 |  5.34 | 5.06 | 5.20 |  4.95 | 5.17 |  5.21 | 4.96 | 5.28 |  5.13 | 4.75 |  5.14 | 5.07 |  5.02 | 5.41 | 5.02 |  5.38 | 5.17 | 5.43 |  5.30 |  5.37 | 5.38 | 5.08 |  5.35 |  5.30 | 5.20 | 5.54 |  4.94 | 5.11 |
|         4 | 5.02 | 4.57 | 4.81 | 5.11 | 5.31 | 5.32 | 5.22 | 5.14 |  4.54 | 4.91 | 5.05 | 4.73 |  5.09 | 5.17 | 5.07 |  4.82 | 5.09 |  5.19 | 4.91 | 5.24 |  5.16 | 4.78 |  4.98 | 5.14 |  4.92 | 5.31 | 4.79 |  5.36 | 4.99 | 5.30 |  5.19 |  5.24 | 5.31 | 5.01 |  5.34 |  5.02 | 5.12 | 5.43 |  4.77 | 4.93 |
|         5 | 4.94 | 4.43 | 4.77 | 4.88 | 5.15 | 5.15 | 5.14 | 5.11 |  4.59 | 4.84 | 4.98 | 4.61 |  4.86 | 4.92 | 5.00 |  4.67 | 5.05 |  5.14 | 4.91 | 5.24 |  5.13 | 4.74 |  4.93 | 5.08 |  4.84 | 5.20 | 4.74 |  5.26 | 4.81 | 4.98 |  5.14 |  5.25 | 5.18 | 4.88 |  5.21 |  4.99 | 4.92 | 5.28 |  4.70 | 4.70 |
|         6 | 4.77 | 4.66 | 4.64 | 4.76 | 4.99 | 4.86 | 4.93 | 4.84 |  4.70 | 4.69 | 4.88 | 4.61 |  4.88 | 4.70 | 4.86 |  4.53 | 4.97 |  5.01 | 4.88 | 5.15 |  4.82 | 4.67 |  4.91 | 4.98 |  4.83 | 5.04 | 4.74 |  5.16 | 4.74 | 4.66 |  5.14 |  5.26 | 5.01 | 4.75 |  5.07 |  4.94 | 4.67 | 5.12 |  4.57 | 4.64 |
|         7 | 4.63 | 4.78 | 4.40 | 4.51 | 4.83 | 4.63 | 4.65 | 4.68 |  4.78 | 4.64 | 4.81 | 4.67 |  4.90 | 4.61 | 4.74 |  4.40 | 4.83 |  4.97 | 4.71 | 4.94 |  4.59 | 4.53 |  4.86 | 4.94 |  4.83 | 4.98 | 4.66 |  5.04 | 4.71 | 4.53 |  5.12 |  5.22 | 4.90 | 4.71 |  4.89 |  4.93 | 4.73 | 5.05 |  4.32 | 4.54 |
|         8 | 4.71 | 5.01 | 4.51 | 4.50 | 4.86 | 4.67 | 4.63 | 4.77 |  4.79 | 4.71 | 4.77 | 4.89 |  4.92 | 4.72 | 4.83 |  4.48 | 4.73 |  5.13 | 4.67 | 4.96 |  4.71 | 4.60 |  4.91 | 5.01 |  4.95 | 5.03 | 4.73 |  5.09 | 4.90 | 4.59 |  5.10 |  5.38 | 5.03 | 4.72 |  4.94 |  4.97 | 4.89 | 5.11 |  4.33 | 4.73 |
|         9 | 5.13 | 5.52 | 5.07 | 5.11 | 5.29 | 5.18 | 5.05 | 5.24 |  5.14 | 5.05 | 5.22 | 5.39 |  5.44 | 5.06 | 5.40 |  4.90 | 5.14 |  5.58 | 5.00 | 5.46 |  5.28 | 5.08 |  5.09 | 5.37 |  5.25 | 5.24 | 5.07 |  5.44 | 5.30 | 5.11 |  5.45 |  5.86 | 5.51 | 5.03 |  5.25 |  5.31 | 5.36 | 5.35 |  4.74 | 5.36 |
|        10 | 5.74 | 6.01 | 5.81 | 5.94 | 5.84 | 5.80 | 5.72 | 5.86 |  5.63 | 5.80 | 5.91 | 6.12 |  6.10 | 5.48 | 6.07 |  5.65 | 5.71 |  6.15 | 5.49 | 6.02 |  6.00 | 6.07 |  5.60 | 6.17 |  5.55 | 5.67 | 6.13 |  6.01 | 5.77 | 5.84 |  6.12 |  6.55 | 6.08 | 5.64 |  6.05 |  5.76 | 6.08 | 5.66 |  5.39 | 6.06 |
|        11 | 6.19 | 6.57 | 6.55 | 6.66 | 6.47 | 6.42 | 6.30 | 6.41 |  6.26 | 6.74 | 6.37 | 6.59 |  7.05 | 6.16 | 6.97 |  6.61 | 6.13 |  6.60 | 6.06 | 6.36 |  6.42 | 6.60 |  6.26 | 6.82 |  6.12 | 6.30 | 7.01 |  6.49 | 6.38 | 6.31 |  6.96 |  7.15 | 7.07 | 6.63 |  6.88 |  6.53 | 6.64 | 6.59 |  6.09 | 7.11 |
|        12 | 6.61 | 7.11 | 7.20 | 6.96 | 7.00 | 7.02 | 6.96 | 6.77 |  6.94 | 7.01 | 6.77 | 7.20 |  7.17 | 6.67 | 7.03 |  6.87 | 6.76 |  6.81 | 6.65 | 6.99 |  6.87 | 6.83 |  6.76 | 7.28 |  6.77 | 7.05 | 7.51 |  6.86 | 6.81 | 6.94 |  7.11 |  7.30 | 7.44 | 7.10 |  7.25 |  6.83 | 7.13 | 7.27 |  6.88 | 7.58 |
|        13 | 7.15 | 7.44 | 7.53 | 7.30 | 7.24 | 7.24 | 7.39 | 7.00 |  7.44 | 6.89 | 7.35 | 7.45 |  7.41 | 7.32 | 7.16 |  6.98 | 7.30 |  7.28 | 7.08 | 7.37 |  7.24 | 7.08 |  7.01 | 7.56 |  7.05 | 7.19 | 7.31 |  7.42 | 7.48 | 7.24 |  7.19 |  7.60 | 7.92 | 7.41 |  7.49 |  6.92 | 7.77 | 7.88 |  7.44 | 7.77 |
|        14 | 7.41 | 7.79 | 7.64 | 7.46 | 7.28 | 7.24 | 7.52 | 7.23 |  7.37 | 7.01 | 7.53 | 7.72 |  7.78 | 7.41 | 7.27 |  7.07 | 7.61 |  7.56 | 7.25 | 7.51 |  7.43 | 7.03 |  7.17 | 7.76 |  7.13 | 7.04 | 7.29 |  7.54 | 7.73 | 7.64 |  7.40 |  7.71 | 7.95 | 7.25 |  7.69 |  7.13 | 7.62 | 8.17 |  7.14 | 7.66 |
|        15 | 7.37 | 7.86 | 7.64 | 7.45 | 7.38 | 7.22 | 7.41 | 7.21 |  7.25 | 6.99 | 7.27 | 7.75 |  7.62 | 7.09 | 7.14 |  7.03 | 7.48 |  7.63 | 7.04 | 7.41 |  7.20 | 7.03 |  7.03 | 7.61 |  7.02 | 7.07 | 7.02 |  7.36 | 7.42 | 7.68 |  7.36 |  7.50 | 7.66 | 7.12 |  7.61 |  7.26 | 7.42 | 7.86 |  7.10 | 7.63 |
|        16 | 7.31 | 7.60 | 7.27 | 7.13 | 7.26 | 7.06 | 7.17 | 7.02 |  6.67 | 6.81 | 6.84 | 7.66 |  7.35 | 6.79 | 6.92 |  6.80 | 7.28 |  7.32 | 7.04 | 7.14 |  6.97 | 6.69 |  6.88 | 7.33 |  6.74 | 6.90 | 6.69 |  6.92 | 6.81 | 7.37 |  7.20 |  7.10 | 6.91 | 6.86 |  7.41 |  7.02 | 7.13 | 7.30 |  6.83 | 7.14 |
|        17 | 7.25 | 7.14 | 6.89 | 6.86 | 6.97 | 6.91 | 6.99 | 6.75 |  6.40 | 6.50 | 6.72 | 7.58 |  7.22 | 6.52 | 6.69 |  6.55 | 7.10 |  7.16 | 6.84 | 6.89 |  6.49 | 6.37 |  6.48 | 6.85 |  6.62 | 6.75 | 6.38 |  6.60 | 6.55 | 7.14 |  6.94 |  6.81 | 6.41 | 6.43 |  7.13 |  6.66 | 7.11 | 6.93 |  6.63 | 6.74 |
|        18 | 7.18 | 6.95 | 6.72 | 6.76 | 6.83 | 6.75 | 6.79 | 6.66 |  6.29 | 6.31 | 6.61 | 7.53 |  6.96 | 6.13 | 6.61 |  6.50 | 6.96 |  6.98 | 6.57 | 6.70 |  6.14 | 6.26 |  6.11 | 6.76 |  6.54 | 6.61 | 6.28 |  6.53 | 6.27 | 7.01 |  6.74 |  6.68 | 6.27 | 6.29 |  6.91 |  6.57 | 7.06 | 6.65 |  6.56 | 6.71 |
|        19 | 7.03 | 6.90 | 6.66 | 6.71 | 6.70 | 6.56 | 6.75 | 6.62 |  6.21 | 6.22 | 6.43 | 7.30 |  6.75 | 5.64 | 6.59 |  6.48 | 6.88 |  6.80 | 6.52 | 6.55 |  6.10 | 6.18 |  5.89 | 6.81 |  6.16 | 6.50 | 6.30 |  6.55 | 6.15 | 6.81 |  6.59 |  6.65 | 6.22 | 6.28 |  6.74 |  6.40 | 7.00 | 6.45 |  6.48 | 6.58 |
|        20 | 6.70 | 6.64 | 6.52 | 6.57 | 6.58 | 6.26 | 6.59 | 6.46 |  6.38 | 6.11 | 6.25 | 6.97 |  6.55 | 5.57 | 6.55 |  6.28 | 6.71 |  6.64 | 6.25 | 6.39 |  5.97 | 6.02 |  5.89 | 6.66 |  5.89 | 6.33 | 6.20 |  6.46 | 6.02 | 6.65 |  6.52 |  6.59 | 5.73 | 6.13 |  6.54 |  6.46 | 6.76 | 6.37 |  6.33 | 6.46 |
|        21 | 6.28 | 6.48 | 6.06 | 6.17 | 6.34 | 5.87 | 6.20 | 6.11 |  6.26 | 5.95 | 6.01 | 4.83 |  6.21 | 5.66 | 6.48 |  6.01 | 6.46 |  6.36 | 5.85 | 6.30 |  5.82 | 5.82 |  6.00 | 6.55 |  5.77 | 6.17 | 5.92 |  6.11 | 5.88 | 6.29 |  6.43 |  6.35 | 5.36 | 5.82 |  6.23 |  6.32 | 6.59 | 6.13 |  6.16 | 6.43 |
|        22 | 6.13 | 6.62 | 4.74 | 5.80 | 6.11 | 5.75 | 4.13 | 5.78 |  5.98 | 5.77 | 5.80 | 3.82 |  3.74 | 5.60 | 6.44 |  5.89 | 4.48 |  6.08 | 5.59 | 6.09 |  5.72 | 5.82 |  6.03 | 6.53 |  5.83 | 6.05 | 5.89 |  5.80 | 5.73 | 6.07 |  6.33 |  6.19 | 5.36 | 5.65 |  5.43 |  6.32 | 6.66 | 5.92 |  5.42 | 6.29 |
|        23 | 5.32 | 6.19 | 2.78 | 4.49 | 5.97 | 5.64 | 3.71 | 3.47 |  3.37 | 5.52 | 5.66 | 3.54 |  3.37 | 5.38 | 5.33 |  5.49 | 3.55 |  5.84 | 5.52 | 5.91 |  5.51 | 4.78 |  5.97 | 6.47 |  5.41 | 6.18 | 5.64 |  5.77 | 4.26 | 4.71 |  6.18 |  5.97 | 5.54 | 5.58 |  4.87 |  6.27 | 5.68 | 5.83 |  4.23 | 5.99 |
|        24 | 4.04 | 3.46 | 2.63 | 3.62 | 5.97 | 4.08 | 3.33 | 3.02 |  2.95 | 3.74 | 5.12 | 3.62 |  2.93 | 5.08 | 4.06 |  3.87 | 3.38 |  4.25 | 5.16 | 4.53 |  5.41 | 3.16 |  6.18 | 3.83 |  4.05 | 4.97 | 4.47 |  5.09 | 3.49 | 3.65 |  4.21 |  6.01 | 5.63 | 4.93 |  4.58 |  4.27 | 4.70 | 5.78 |  4.05 | 5.66 |
|        25 | 3.83 | 3.06 | 2.58 | 3.41 | 4.73 | 3.57 | 3.30 | 2.97 |  2.75 | 3.20 | 3.24 | 3.40 |  2.61 | 5.15 | 3.57 |  3.32 | 3.29 |  3.66 | 3.41 | 3.47 |  5.35 | 2.78 |  4.12 | 3.25 |  3.51 | 3.56 | 3.77 |  3.65 | 3.18 | 3.34 |  3.78 |  5.07 | 5.19 | 3.23 |  4.17 |  3.59 | 4.13 | 3.69 |  4.23 | 3.85 |
|        26 | 3.92 | 2.92 | 2.48 | 3.73 | 3.45 | 3.70 | 3.26 | 3.13 |  2.44 | 2.92 | 2.42 | 3.31 |  2.05 | 4.93 | 3.42 |  3.35 | 3.09 |  3.57 | 2.85 | 3.15 |  5.39 | 2.91 |  3.56 | 3.38 |  3.35 | 3.02 | 3.35 |  3.24 | 2.69 | 3.15 |  3.65 |  3.96 | 4.01 | 3.04 |  3.91 |  3.62 | 3.94 | 2.92 |  4.07 | 3.78 |
|        27 | 3.94 | 3.16 | 2.36 | 3.98 | 2.89 | 3.66 | 3.43 | 2.47 |  2.06 | 3.32 | 2.15 | 3.35 |  1.75 | 3.84 | 3.18 |  3.25 | 2.73 |  3.47 | 2.68 | 2.98 |  3.72 | 2.94 |  3.33 | 3.28 |  3.68 | 3.25 | 3.12 |  3.12 | 2.28 | 3.31 |  3.25 |  3.71 | 3.46 | 2.65 |  3.73 |  3.75 | 4.20 | 2.88 |  4.00 | 3.49 |
|        28 | 3.92 | 3.38 | 2.10 | 3.68 | 2.90 | 3.81 | 3.53 | 2.21 |  1.41 | 3.60 | 2.28 | 3.19 |  1.88 | 3.24 | 2.69 |  3.06 | 2.80 |  3.26 | 2.83 | 3.04 |  3.19 | 2.92 |  3.60 | 2.82 |  3.81 | 3.42 | 2.84 |  3.52 | 2.16 | 3.14 |  3.15 |  4.11 | 3.45 | 2.41 |  3.47 |  3.64 | 4.36 | 3.24 |  3.86 | 3.30 |
|        29 | 3.75 | 3.49 | 2.05 | 3.40 | 3.28 | 3.68 | 3.34 | 2.37 |  1.31 | 3.33 | 2.80 | 3.14 |  2.18 | 3.05 | 2.67 |  3.19 | 2.88 |  3.48 | 2.93 | 2.69 |  2.81 | 2.85 |  3.51 | 2.58 |  3.63 | 3.31 | 2.76 |  3.54 | 2.26 | 3.34 |  2.95 |  4.24 | 3.62 | 2.41 |  3.58 |  3.89 | 4.24 | 3.25 |  3.79 | 3.46 |
|        30 | 3.59 | 3.53 | 2.01 | 3.41 | 3.36 | 3.38 | 3.24 | 2.78 |  1.49 | 3.16 | 3.01 | 3.07 |  2.72 | 3.53 | 2.41 |  3.14 | 2.92 |  3.37 | 2.82 | 2.57 |  3.18 | 2.83 |  3.43 | 2.60 |  3.34 | 3.34 | 2.77 |  3.64 | 2.47 | 3.53 |  2.48 |  4.21 | 3.65 | 2.43 |  3.55 |  4.02 | 4.21 | 3.33 |  3.58 | 3.58 |
|        31 | 3.59 | 3.48 | 2.06 | 3.56 | 3.33 | 3.27 | 3.28 | 2.93 |  1.85 | 3.00 | 2.98 | 2.92 |  3.07 | 3.47 | 2.42 |  3.14 | 2.69 |  3.46 | 2.81 | 2.98 |  3.52 | 2.81 |  3.43 | 2.88 |  3.26 | 3.13 | 3.01 |  3.52 | 2.71 | 3.54 |  2.29 |  4.18 | 3.65 | 2.43 |  3.44 |  3.85 | 4.04 | 3.38 |  3.59 | 3.58 |
|        32 | 3.73 | 3.54 | 2.35 | 3.65 | 3.26 | 3.26 | 3.31 | 3.04 |  2.33 | 3.12 | 3.02 | 3.11 |  2.95 | 3.55 | 2.68 |  3.29 | 2.52 |  3.55 | 2.85 | 3.40 |  3.71 | 2.81 |  3.53 | 3.31 |  3.52 | 3.10 | 3.26 |  3.63 | 2.91 | 3.51 |  2.81 |  4.15 | 3.56 | 2.62 |  3.74 |  4.01 | 4.07 | 3.39 |  3.84 | 3.57 |
|        33 | 4.03 | 3.74 | 2.84 | 3.94 | 3.56 | 3.55 | 3.57 | 3.62 |  2.61 | 3.43 | 3.31 | 3.70 |  3.38 | 3.91 | 3.09 |  3.50 | 3.09 |  3.60 | 3.24 | 3.93 |  3.62 | 3.14 |  3.75 | 3.79 |  3.93 | 3.34 | 3.54 |  4.02 | 3.31 | 3.77 |  3.59 |  4.35 | 3.88 | 2.92 |  4.04 |  4.40 | 4.39 | 3.70 |  4.15 | 3.77 |
|        34 | 4.55 | 4.22 | 3.69 | 4.33 | 3.68 | 3.53 | 4.08 | 4.12 |  3.36 | 3.86 | 3.96 | 4.34 |  3.89 | 4.47 | 3.56 |  3.90 | 3.73 |  4.22 | 3.98 | 4.34 |  4.06 | 3.36 |  4.11 | 4.44 |  4.47 | 3.63 | 4.14 |  4.56 | 3.69 | 4.18 |  4.04 |  4.64 | 4.19 | 3.56 |  4.58 |  4.76 | 4.80 | 4.09 |  4.42 | 4.32 |
|        35 | 5.08 | 4.98 | 3.85 | 4.98 | 4.30 | 4.40 | 4.76 | 4.68 |  4.17 | 4.30 | 4.79 | 4.94 |  4.47 | 5.23 | 4.05 |  4.56 | 4.09 |  4.34 | 4.70 | 4.94 |  4.37 | 3.92 |  4.75 | 5.26 |  4.79 | 4.27 | 4.69 |  5.37 | 4.45 | 4.90 |  5.09 |  5.11 | 5.00 | 4.26 |  5.22 |  5.52 | 5.67 | 4.60 |  5.18 | 4.91 |
|        36 | 5.70 | 5.54 | 4.24 | 5.73 | 5.07 | 5.68 | 5.43 | 5.23 |  4.26 | 5.12 | 5.25 | 5.36 |  5.11 | 5.91 | 4.57 |  5.22 | 4.64 |  4.82 | 5.33 | 5.39 |  4.96 | 4.57 |  5.62 | 5.59 |  5.38 | 4.94 | 5.47 |  5.92 | 5.01 | 5.28 |  5.68 |  5.77 | 5.37 | 5.18 |  5.96 |  6.06 | 6.37 | 4.90 |  5.85 | 5.49 |
|        37 | 6.23 | 5.88 | 4.52 | 6.14 | 5.48 | 6.01 | 5.72 | 5.48 |  4.46 | 5.67 | 5.63 | 5.52 |  5.53 | 6.33 | 4.82 |  5.39 | 4.70 |  5.69 | 5.47 | 5.75 |  5.49 | 4.89 |  6.12 | 5.66 |  5.49 | 5.70 | 5.69 |  6.13 | 5.30 | 5.64 |  5.73 |  6.06 | 5.87 | 5.55 |  6.41 |  6.57 | 6.51 | 4.95 |  6.32 | 5.78 |
|        38 | 6.32 | 5.89 | 4.44 | 5.82 | 5.60 | 5.77 | 5.77 | 5.30 |  4.69 | 5.86 | 5.22 | 5.35 |  5.54 | 6.36 | 4.99 |  5.26 | 4.59 |  5.92 | 5.34 | 5.65 |  5.71 | 5.07 |  6.18 | 5.66 |  5.85 | 5.72 | 5.73 |  5.92 | 5.33 | 5.46 |  6.15 |  6.02 | 5.97 | 5.60 |  6.45 |  6.42 | 6.49 | 4.88 |  6.28 | 5.70 |
|        39 | 6.00 | 5.54 | 4.18 | 5.50 | 5.29 | 5.31 | 5.25 | 4.99 |  4.29 | 5.56 | 4.80 | 5.18 |  4.95 | 5.97 | 4.61 |  4.79 | 4.40 |  5.44 | 4.98 | 5.24 |  5.49 | 4.76 |  5.79 | 5.50 |  5.71 | 5.38 | 5.36 |  5.32 | 4.73 | 5.08 |  5.93 |  5.74 | 5.38 | 5.14 |  6.20 |  6.01 | 6.12 | 4.69 |  5.84 | 5.48 |
|        40 | 5.27 | 4.81 | 3.70 | 4.80 | 4.51 | 4.52 | 4.64 | 4.38 |  3.39 | 4.90 | 4.15 | 4.57 |  4.10 | 5.03 | 3.94 |  4.11 | 3.61 |  4.56 | 4.42 | 4.36 |  4.61 | 4.03 |  4.95 | 4.86 |  4.95 | 4.57 | 4.43 |  4.75 | 3.85 | 4.55 |  5.12 |  5.05 | 4.63 | 4.30 |  5.60 |  5.37 | 5.50 | 4.26 |  5.03 | 4.81 |
|        41 | 4.65 | 4.10 | 3.20 | 4.18 | 3.74 | 3.86 | 3.99 | 3.67 |  2.46 | 4.28 | 3.54 | 4.08 |  3.30 | 4.34 | 3.40 |  3.53 | 3.00 |  3.82 | 3.93 | 3.55 |  3.84 | 3.28 |  4.21 | 4.33 |  4.31 | 3.84 | 3.60 |  4.17 | 3.00 | 4.16 |  4.37 |  4.39 | 3.92 | 3.67 |  4.77 |  4.84 | 4.87 | 3.62 |  4.30 | 4.10 |
|        42 | 4.10 | 3.68 | 2.73 | 3.56 | 3.12 | 3.55 | 3.50 | 3.06 |  1.71 | 3.95 | 3.11 | 3.82 |  2.68 | 3.77 | 3.09 |  3.08 | 2.84 |  3.24 | 3.53 | 2.82 |  3.48 | 2.84 |  3.66 | 3.81 |  3.99 | 3.37 | 3.22 |  3.62 | 2.31 | 4.02 |  3.80 |  3.94 | 3.45 | 3.23 |  4.09 |  4.42 | 4.41 | 3.03 |  4.08 | 3.44 |
|        43 | 3.57 | 3.41 | 2.46 | 3.11 | 2.69 | 3.07 | 3.25 | 2.68 |  1.04 | 3.69 | 2.89 | 3.55 |  2.33 | 3.22 | 2.92 |  2.98 | 2.74 |  2.76 | 3.23 | 2.21 |  3.11 | 2.63 |  3.38 | 3.56 |  3.83 | 3.07 | 3.05 |  3.33 | 1.81 | 3.96 |  3.43 |  3.70 | 3.14 | 3.18 |  3.51 |  3.91 | 3.99 | 2.55 |  4.11 | 2.92 |
|        44 | 3.25 | 3.27 | 2.40 | 2.73 | 2.56 | 2.86 | 3.21 | 2.71 |  0.68 | 3.44 | 2.75 | 3.29 |  2.27 | 2.82 | 2.96 |  3.10 | 2.77 |  2.48 | 3.09 | 1.83 |  2.71 | 2.60 |  3.31 | 3.58 |  3.66 | 2.84 | 2.95 |  3.06 | 1.64 | 4.01 |  3.06 |  3.52 | 2.97 | 3.24 |  3.35 |  3.50 | 3.71 | 2.39 |  4.02 | 2.64 |
|        45 | 3.10 | 3.09 | 2.31 | 2.37 | 2.70 | 2.69 | 3.31 | 2.88 |  0.61 | 3.48 | 2.44 | 3.32 |  2.33 | 2.55 | 2.95 |  3.27 | 2.88 |  2.40 | 3.03 | 1.55 |  2.60 | 2.67 |  3.38 | 3.70 |  3.55 | 2.87 | 2.95 |  2.68 | 1.73 | 4.06 |  2.92 |  3.31 | 2.93 | 3.21 |  3.40 |  3.16 | 3.48 | 2.59 |  3.86 | 2.61 |
|        46 | 2.94 | 2.97 | 2.39 | 2.35 | 2.90 | 2.69 | 3.27 | 3.00 |  0.71 | 3.61 | 2.12 | 3.62 |  2.42 | 2.59 | 2.81 |  3.45 | 2.99 |  2.43 | 3.06 | 1.32 |  2.58 | 2.74 |  3.56 | 3.77 |  3.49 | 2.87 | 2.95 |  2.68 | 1.80 | 3.73 |  3.13 |  3.33 | 3.03 | 3.10 |  3.44 |  2.92 | 3.10 | 2.85 |  3.58 | 2.64 |
|        47 | 2.91 | 2.89 | 2.37 | 2.71 | 3.00 | 2.92 | 3.32 | 3.04 |  0.88 | 3.91 | 2.18 | 3.86 |  2.54 | 2.78 | 2.87 |  3.67 | 3.19 |  2.46 | 2.75 | 1.15 |  2.58 | 2.78 |  3.78 | 3.88 |  3.60 | 2.83 | 2.93 |  3.04 | 1.81 | 3.64 |  3.52 |  3.38 | 3.13 | 3.18 |  3.53 |  3.22 | 3.05 | 3.08 |  3.61 | 2.77 |
|        48 | 2.99 | 2.95 | 2.56 | 2.95 | 3.19 | 3.33 | 3.38 | 3.17 |  1.09 | 4.15 | 2.32 | 3.93 |  2.46 | 2.92 | 3.08 |  3.90 | 3.27 |  2.54 | 2.97 | 1.45 |  2.73 | 2.95 |  3.80 | 3.99 |  3.62 | 2.78 | 2.95 |  3.06 | 2.06 | 3.74 |  3.87 |  3.45 | 3.23 | 3.24 |  3.82 |  3.41 | 3.04 | 3.24 |  3.72 | 2.86 |
|        51 | 3.70 | 3.61 | 3.23 | 3.06 | 2.97 | 3.95 | 3.21 | 3.52 |  2.43 | 4.88 | 2.25 | 3.82 |  3.14 | 3.61 | 3.22 |  4.53 | 3.16 |  2.33 | 3.68 | 2.57 |  3.04 | 3.34 |  4.64 | 3.92 |  3.66 | 2.82 | 2.71 |  3.63 | 2.45 | 4.32 |  4.40 |  3.29 | 3.42 | 2.95 |  4.15 |  4.14 | 3.43 | 3.43 |  3.77 | 2.67 |
|        54 | 4.06 | 4.03 | 3.96 | 3.79 | 3.58 | 4.19 | 3.93 | 3.74 |  3.59 | 5.01 | 3.18 | 4.29 |  3.65 | 3.80 | 3.90 |  5.31 | 3.81 |  3.64 | 3.57 | 3.03 |  3.67 | 3.73 |  5.33 | 4.57 |  4.09 | 3.38 | 2.97 |  4.94 | 2.65 | 4.91 |  5.16 |  3.95 | 3.24 | 3.24 |  5.00 |  4.92 | 3.87 | 3.81 |  4.57 | 3.71 |
|        57 | 4.72 | 5.15 | 4.39 | 5.29 | 4.35 | 4.97 | 4.47 | 4.39 |  4.69 | 5.54 | 4.32 | 5.10 |  4.86 | 4.65 | 4.38 |  6.01 | 5.06 |  4.56 | 4.63 | 3.40 |  4.29 | 4.20 |  5.99 | 5.33 |  4.87 | 3.85 | 4.06 |  5.55 | 3.85 | 5.30 |  6.16 |  4.61 | 4.12 | 4.03 |  5.71 |  5.61 | 4.96 | 4.80 |  5.35 | 4.26 |
|        60 | 5.86 | 6.51 | 5.63 | 6.05 | 5.67 | 6.31 | 4.93 | 5.46 |  6.89 | 6.61 | 5.58 | 5.59 |  5.89 | 5.76 | 4.73 |  6.75 | 6.37 |  5.40 | 5.79 | 5.00 |  5.35 | 4.73 |  6.69 | 6.08 |  5.69 | 4.30 | 4.66 |  6.69 | 5.15 | 6.08 |  7.00 |  5.36 | 5.17 | 5.39 |  7.45 |  6.99 | 6.62 | 5.60 |  7.19 | 5.11 |
|        63 | 5.63 | 5.91 | 5.03 | 5.86 | 5.99 | 6.21 | 4.91 | 5.63 |  6.02 | 6.23 | 5.45 | 5.80 |  6.06 | 5.44 | 4.73 |  7.22 | 5.94 |  5.47 | 5.38 | 4.98 |  6.13 | 5.29 |  6.71 | 6.27 |  5.68 | 4.62 | 4.24 |  6.55 | 5.51 | 6.11 |  7.04 |  5.98 | 5.51 | 5.26 |  7.14 |  6.80 | 6.34 | 5.89 |  6.96 | 5.29 |
|        66 | 5.46 | 5.35 | 4.18 | 4.54 | 4.89 | 5.40 | 5.06 | 4.67 |  3.12 | 5.89 | 4.81 | 4.64 |  5.42 | 4.46 | 3.67 |  6.01 | 4.74 |  5.22 | 5.06 | 4.62 |  5.61 | 4.43 |  6.17 | 5.97 |  5.02 | 3.61 | 4.05 |  5.55 | 4.96 | 5.96 |  5.94 |  4.72 | 4.15 | 4.43 |  5.35 |  6.03 | 5.75 | 5.26 |  5.60 | 4.85 |
|        69 | 4.86 | 4.47 | 3.68 | 3.73 | 4.29 | 4.71 | 4.49 | 4.32 |  2.68 | 4.94 | 4.02 | 3.77 |  4.79 | 4.24 | 2.78 |  5.41 | 3.96 |  5.27 | 4.81 | 4.18 |  5.70 | 4.64 |  5.32 | 4.50 |  4.61 | 2.80 | 3.65 |  4.23 | 4.41 | 5.41 |  5.04 |  3.63 | 4.82 | 3.76 |  4.15 |  5.50 | 4.56 | 3.59 |  4.91 | 4.25 |
|        72 | 4.70 | 3.87 | 3.45 | 3.78 | 3.72 | 3.58 | 4.33 | 3.97 |  2.80 | 4.03 | 3.41 | 3.23 |  5.26 | 3.68 | 2.66 |  4.29 | 3.36 |  5.17 | 4.12 | 3.09 |  5.96 | 4.29 |  5.31 | 3.86 |  4.72 | 3.09 | 3.20 |  3.52 | 3.97 | 5.12 |  4.79 |  3.17 | 4.15 | 3.31 |  4.23 |  5.25 | 4.13 | 4.32 |  4.41 | 3.71 |
|        78 | 4.70 | 3.45 | 3.30 | 3.87 | 3.36 | 3.08 | 3.73 | 2.79 |  2.11 | 2.95 | 2.86 | 3.28 |  6.60 | 3.13 | 2.77 |  2.98 | 2.32 |  5.34 | 3.45 | 3.33 |  6.68 | 2.96 |  4.21 | 3.42 |  4.41 | 2.60 | 3.01 |  3.33 | 3.92 | 3.61 |  4.73 |  3.27 | 2.92 | 2.95 |  4.47 |  5.15 | 3.74 | 3.55 |  4.18 | 4.14 |
|        84 | 6.30 | 6.08 | 5.81 | 6.55 | 6.31 | 6.32 | 5.50 | 6.61 |  4.50 | 6.37 | 6.10 | 5.11 |  8.51 | 6.16 | 5.68 |  5.86 | 5.12 |  7.82 | 6.21 | 6.14 |  5.84 | 5.40 |  5.93 | 5.79 |  7.18 | 5.75 | 6.57 |  6.22 | 6.75 | 6.51 |  6.58 |  7.25 | 4.29 | 6.70 |  7.06 |  7.72 | 6.98 | 5.60 |  6.42 | 6.55 |
|        90 | 5.11 | 3.32 | 4.32 | 4.49 | 4.23 | 4.09 | 2.78 | 4.26 |  1.74 | 5.04 | 3.74 | 4.41 | 10.87 | 3.86 | 4.97 |  4.36 | 3.29 | 10.92 | 4.45 | 4.03 | 10.18 | 3.34 |  4.13 | 4.33 |  5.87 | 4.67 | 4.66 |  4.85 | 5.13 | 4.64 |  4.21 |  4.83 | 4.23 | 4.59 |  4.70 |  5.63 | 5.27 | 4.40 |  3.81 | 5.10 |
|        96 | 5.18 | 2.79 | 3.57 | 4.24 | 4.64 | 3.67 | 7.65 | 3.17 | -0.38 | 3.20 | 2.08 | 2.26 |  6.80 | 1.04 | 3.41 |  8.43 | 1.48 | 10.56 | 3.59 | 4.29 | 10.89 | 3.25 |  3.21 | 4.18 |  3.88 | 2.64 | 3.16 |  3.71 | 9.98 | 3.14 |  5.02 |  3.78 | 0.45 | 7.70 |  4.46 |  8.47 | 4.47 | 3.44 |  3.37 | 4.59 |
|       102 | 9.80 | 6.77 | 6.67 | 8.42 | 9.80 | 2.65 | 5.26 | 5.41 |  1.50 | 3.47 | 9.01 | 4.68 |  5.16 | 2.77 | 7.76 | 10.17 | 6.49 |  6.13 | 6.37 | 8.60 |  6.27 | 3.42 | 10.35 | 8.99 |  5.78 | 1.98 | 9.32 |  4.90 | 9.78 | 9.09 |  9.98 |  8.18 | 0.84 | 9.71 |  9.45 | 10.65 | 7.78 | 5.86 |  9.91 | 8.52 |
|       108 | 8.38 | 9.72 | 7.94 | 9.20 | 7.86 | 8.15 | 7.67 | 9.16 |  6.83 | 7.78 | 9.62 | 7.85 |  6.66 | 6.91 | 9.60 |  9.34 | 8.85 |  7.76 | 8.97 | 7.98 |  7.32 | 4.34 |  9.75 | 9.84 | 10.72 | 4.47 | 8.33 | 11.13 | 8.14 | 8.91 | 10.30 | 10.19 | 6.13 | 9.09 | 10.73 | 10.46 | 7.96 | 9.22 | 10.76 | 9.33 |
|       114 | 6.89 | 7.74 | 6.09 | 9.00 | 4.81 | 9.03 | 3.41 | 8.68 |  6.18 | 9.20 | 8.76 | 8.81 |  4.68 | 8.07 | 8.01 |  6.50 | 6.29 |  5.33 | 9.01 | 5.32 |  5.27 | 7.21 |  6.13 | 7.48 |  9.97 | 6.16 | 5.59 | 10.24 | 4.69 | 6.29 |  8.73 |  7.45 | 7.82 | 4.92 | 10.50 |  9.15 | 6.46 | 9.02 | 10.09 | 8.47 |
|       120 | 4.66 | 4.43 | 4.21 | 9.33 | 2.62 | 9.09 | 1.86 | 8.56 |  2.76 | 9.17 | 7.09 | 8.13 |  3.66 | 8.74 | 6.03 |  6.35 | 3.00 |  2.78 | 8.03 | 3.04 |  3.79 | 7.94 |  3.93 | 8.57 |  8.93 | 7.66 | 3.89 | 10.35 | 2.05 | 3.39 |  6.99 |  8.28 | 8.31 | 6.08 |  9.91 |  6.31 | 5.41 | 7.21 |  8.14 | 4.78 |
