# variable: Temperature at 2m
# units: degree celsius
# 
| fcst_hour |     1 |     2 |     3 |     4 |     5 |     6 |     7 |     8 |     9 |    10 |    11 |    12 |    13 |    14 |    15 |    16 |    17 |    18 |    19 |    20 |    21 |    22 |    23 |    24 |    25 |    26 |    27 |    28 |    29 |    30 |    31 |    32 |    33 |    34 |    35 |    36 |    37 |    38 |    39 |    40 |
|         0 | -6.96 | -7.02 | -7.73 | -7.02 | -6.75 | -7.09 | -7.37 | -6.83 | -7.31 | -6.81 | -6.83 | -7.27 | -6.79 | -7.23 | -7.45 | -7.30 | -7.56 | -7.56 | -7.46 | -7.12 | -6.95 | -6.74 | -6.64 | -7.62 | -7.30 | -7.38 | -7.28 | -7.30 | -7.10 | -6.48 | -7.46 | -7.45 | -7.15 | -7.17 | -6.97 | -7.02 | -6.68 | -7.36 | -6.94 | -7.53 |
|         1 | -6.88 | -6.95 | -7.50 | -6.84 | -6.82 | -7.09 | -7.36 | -6.95 | -7.26 | -6.80 | -6.90 | -7.26 | -6.72 | -7.26 | -7.34 | -7.21 | -7.55 | -7.56 | -7.47 | -6.99 | -6.77 | -6.69 | -6.62 | -7.69 | -7.41 | -6.87 | -7.14 | -7.19 | -7.00 | -6.53 | -7.46 | -7.46 | -7.13 | -7.02 | -6.85 | -7.08 | -6.69 | -7.34 | -6.92 | -7.45 |
|         2 | -6.73 | -6.72 | -7.09 | -6.71 | -6.79 | -6.90 | -7.12 | -7.03 | -7.08 | -6.57 | -6.79 | -7.16 | -6.50 | -7.18 | -7.10 | -6.94 | -7.40 | -7.46 | -7.30 | -6.75 | -6.53 | -6.51 | -6.49 | -7.44 | -7.53 | -6.66 | -6.86 | -6.88 | -6.85 | -6.35 | -7.46 | -7.41 | -7.05 | -6.99 | -6.73 | -6.88 | -6.66 | -7.02 | -6.72 | -7.19 |
|         3 | -6.43 | -6.34 | -6.63 | -6.58 | -6.78 | -6.57 | -6.58 | -6.99 | -6.77 | -6.40 | -6.70 | -6.91 | -6.17 | -7.11 | -6.75 | -6.65 | -7.08 | -7.36 | -7.09 | -6.51 | -6.21 | -6.28 | -6.29 | -7.01 | -7.48 | -6.47 | -6.52 | -6.54 | -6.68 | -6.00 | -7.48 | -7.07 | -6.96 | -6.94 | -6.67 | -6.67 | -6.58 | -6.56 | -6.22 | -6.71 |
|         4 | -5.96 | -5.91 | -6.24 | -6.23 | -6.74 | -6.22 | -6.15 | -6.86 | -6.46 | -6.32 | -6.58 | -6.62 | -5.91 | -7.13 | -6.42 | -6.42 | -6.72 | -7.27 | -7.05 | -6.36 | -5.84 | -5.88 | -5.95 | -6.64 | -7.32 | -6.17 | -6.24 | -6.06 | -6.38 | -5.69 | -7.46 | -6.61 | -6.89 | -6.82 | -6.57 | -6.43 | -6.50 | -6.23 | -5.83 | -6.25 |
|         5 | -5.64 | -5.37 | -5.88 | -5.80 | -6.60 | -5.85 | -5.95 | -6.73 | -6.22 | -6.34 | -6.43 | -6.45 | -5.72 | -7.09 | -6.16 | -6.07 | -6.42 | -7.18 | -6.98 | -6.12 | -5.54 | -5.34 | -5.57 | -6.67 | -7.03 | -5.81 | -5.98 | -5.69 | -6.06 | -5.45 | -7.41 | -6.28 | -6.86 | -6.53 | -6.23 | -6.15 | -6.43 | -5.86 | -5.70 | -5.93 |
|         6 | -5.36 | -4.90 | -5.59 | -5.55 | -6.31 | -5.62 | -5.77 | -6.51 | -6.03 | -6.42 | -6.36 | -6.20 | -5.52 | -7.05 | -5.88 | -5.74 | -6.24 | -7.05 | -6.81 | -5.81 | -5.33 | -5.06 | -5.30 | -6.58 | -6.91 | -5.55 | -5.78 | -5.41 | -5.80 | -5.23 | -7.30 | -5.91 | -6.82 | -6.23 | -5.83 | -5.93 | -6.39 | -5.55 | -5.45 | -5.62 |
|         7 | -5.16 | -4.59 | -5.45 | -5.35 | -6.08 | -5.46 | -5.49 | -6.25 | -5.77 | -6.48 | -6.35 | -5.82 | -5.31 | -6.99 | -5.61 | -5.40 | -6.09 | -6.95 | -6.69 | -5.50 | -5.14 | -4.91 | -5.05 | -6.36 | -7.01 | -5.41 | -5.61 | -5.18 | -5.68 | -4.93 | -7.14 | -5.55 | -6.71 | -5.97 | -5.62 | -5.75 | -6.29 | -5.33 | -5.19 | -5.30 |
|         8 | -5.01 | -4.41 | -5.32 | -5.06 | -5.82 | -5.26 | -5.26 | -5.84 | -5.45 | -6.31 | -6.14 | -5.46 | -5.07 | -6.82 | -5.32 | -5.05 | -5.81 | -6.79 | -6.41 | -5.24 | -4.87 | -4.69 | -4.74 | -6.14 | -7.08 | -5.19 | -5.40 | -4.93 | -5.37 | -4.73 | -6.92 | -5.16 | -6.52 | -5.73 | -5.47 | -5.49 | -6.09 | -5.19 | -4.88 | -5.02 |
|         9 | -4.73 | -4.09 | -5.15 | -4.58 | -5.35 | -4.75 | -4.92 | -5.07 | -5.29 | -5.73 | -5.50 | -4.91 | -4.65 | -6.12 | -4.91 | -4.54 | -5.26 | -6.20 | -5.91 | -4.69 | -4.53 | -4.59 | -4.32 | -5.73 | -6.61 | -4.73 | -5.05 | -4.51 | -4.90 | -4.36 | -6.22 | -4.63 | -5.78 | -5.36 | -5.21 | -5.13 | -5.39 | -4.82 | -4.52 | -4.61 |
|        10 | -4.32 | -3.46 | -4.66 | -3.89 | -4.61 | -4.17 | -4.29 | -4.29 | -4.52 | -4.87 | -4.78 | -4.11 | -4.07 | -5.01 | -4.41 | -3.78 | -4.69 | -5.20 | -5.30 | -4.33 | -4.05 | -3.96 | -3.87 | -5.07 | -5.72 | -4.05 | -4.47 | -4.14 | -4.36 | -3.73 | -5.05 | -4.03 | -4.84 | -4.79 | -4.69 | -4.63 | -4.42 | -4.35 | -4.04 | -4.06 |
|        11 | -3.87 | -2.82 | -4.13 | -3.20 | -3.80 | -3.37 | -3.63 | -3.45 | -3.58 | -4.07 | -4.19 | -3.16 | -3.34 | -3.94 | -3.86 | -3.07 | -4.07 | -4.36 | -4.64 | -4.05 | -3.58 | -3.31 | -3.26 | -4.30 | -4.88 | -3.42 | -3.91 | -3.57 | -3.79 | -3.08 | -3.96 | -3.23 | -4.01 | -4.20 | -4.05 | -3.86 | -3.36 | -3.71 | -3.54 | -3.47 |
|        12 | -3.51 | -2.30 | -3.69 | -2.58 | -3.06 | -2.82 | -3.30 | -2.66 | -2.95 | -3.34 | -3.63 | -2.36 | -2.86 | -3.12 | -3.38 | -2.45 | -3.48 | -3.58 | -4.14 | -3.91 | -2.98 | -2.61 | -2.61 | -3.67 | -4.23 | -2.88 | -3.45 | -2.97 | -3.17 | -2.59 | -3.04 | -2.60 | -3.31 | -3.68 | -3.57 | -3.17 | -2.50 | -3.23 | -3.33 | -2.90 |
|        13 | -3.15 | -1.90 | -3.38 | -2.27 | -2.58 | -2.48 | -3.01 | -2.27 | -2.50 | -2.79 | -3.08 | -1.93 | -2.50 | -2.56 | -3.02 | -2.12 | -3.12 | -3.10 | -3.75 | -3.44 | -2.40 | -2.04 | -2.17 | -3.34 | -3.76 | -2.57 | -3.06 | -2.61 | -2.78 | -2.27 | -2.53 | -2.13 | -2.89 | -3.28 | -3.16 | -2.68 | -2.11 | -2.96 | -2.96 | -2.53 |
|        14 | -2.99 | -1.73 | -3.12 | -2.09 | -2.48 | -2.39 | -2.75 | -2.20 | -2.34 | -2.56 | -2.84 | -1.88 | -2.25 | -2.45 | -2.85 | -2.13 | -2.95 | -2.93 | -3.58 | -2.94 | -2.23 | -1.70 | -2.08 | -3.20 | -3.65 | -2.52 | -2.96 | -2.34 | -2.56 | -2.08 | -2.42 | -1.95 | -2.90 | -3.15 | -2.92 | -2.53 | -1.99 | -2.78 | -2.74 | -2.32 |
|        15 | -3.11 | -1.71 | -3.10 | -2.07 | -2.72 | -2.35 | -2.60 | -2.34 | -2.61 | -2.59 | -2.79 | -2.24 | -2.17 | -2.62 | -2.81 | -2.18 | -3.00 | -3.03 | -3.59 | -2.78 | -2.21 | -1.68 | -2.31 | -3.32 | -3.86 | -2.49 | -3.08 | -2.21 | -2.47 | -2.14 | -2.68 | -1.81 | -3.29 | -3.29 | -2.81 | -2.55 | -2.27 | -2.87 | -2.62 | -2.36 |
|        16 | -3.22 | -1.68 | -3.05 | -2.12 | -2.95 | -2.39 | -2.55 | -2.43 | -2.84 | -2.56 | -2.72 | -2.57 | -2.10 | -2.80 | -2.80 | -2.20 | -3.05 | -3.06 | -3.59 | -2.68 | -2.25 | -1.65 | -2.55 | -3.45 | -4.08 | -2.38 | -3.08 | -2.19 | -2.38 | -2.18 | -2.92 | -1.66 | -3.51 | -3.37 | -2.66 | -2.53 | -2.77 | -2.86 | -2.55 | -2.40 |
|        17 | -3.11 | -1.56 | -2.83 | -2.07 | -3.07 | -2.35 | -2.45 | -2.45 | -2.86 | -2.41 | -2.63 | -2.67 | -2.00 | -2.96 | -2.75 | -2.19 | -3.00 | -2.97 | -3.57 | -2.58 | -2.27 | -1.62 | -2.66 | -3.45 | -4.25 | -2.26 | -2.97 | -2.29 | -2.24 | -2.16 | -2.92 | -1.67 | -3.59 | -3.35 | -2.42 | -2.48 | -3.10 | -2.74 | -2.51 | -2.29 |
|        18 | -2.87 | -1.47 | -2.65 | -1.95 | -3.21 | -2.31 | -2.35 | -2.32 | -2.93 | -2.25 | -2.50 | -2.60 | -2.03 | -2.94 | -2.66 | -2.08 | -2.93 | -2.80 | -3.48 | -2.43 | -2.24 | -1.60 | -2.62 | -3.36 | -4.44 | -2.25 | -2.87 | -2.30 | -2.13 | -2.14 | -2.75 | -1.62 | -3.51 | -3.24 | -2.21 | -2.43 | -3.23 | -2.64 | -2.54 | -2.14 |
|        19 | -2.70 | -1.37 | -2.54 | -1.98 | -3.15 | -2.19 | -2.25 | -2.21 | -2.95 | -2.10 | -2.43 | -2.50 | -2.02 | -2.85 | -2.53 | -1.95 | -2.83 | -2.65 | -3.41 | -2.27 | -2.17 | -1.64 | -2.58 | -3.20 | -4.57 | -2.09 | -2.79 | -2.15 | -2.02 | -2.12 | -2.52 | -1.64 | -3.41 | -3.12 | -2.00 | -2.41 | -3.09 | -2.60 | -2.64 | -1.99 |
|        20 | -2.64 | -1.18 | -2.36 | -1.91 | -2.95 | -2.09 | -2.32 | -2.09 | -2.87 | -1.93 | -2.37 | -2.38 | -1.90 | -2.79 | -2.45 | -1.93 | -2.83 | -2.74 | -3.30 | -2.18 | -2.09 | -1.75 | -2.52 | -3.00 | -4.65 | -1.83 | -2.87 | -2.04 | -1.80 | -2.10 | -2.33 | -1.53 | -3.25 | -2.99 | -1.82 | -2.32 | -2.88 | -2.61 | -2.53 | -1.93 |
|        21 | -2.64 | -1.00 | -2.16 | -1.82 | -2.63 | -2.01 | -2.29 | -2.00 | -2.75 | -1.74 | -2.31 | -2.23 | -1.68 | -2.70 | -2.37 | -1.95 | -2.80 | -2.67 | -3.14 | -2.14 | -1.92 | -1.85 | -2.31 | -2.75 | -4.52 | -1.78 | -2.93 | -1.95 | -1.51 | -1.96 | -2.56 | -1.40 | -3.06 | -2.84 | -1.66 | -2.24 | -2.76 | -2.60 | -2.45 | -1.92 |
|        22 | -2.58 | -0.85 | -1.99 | -1.85 | -2.44 | -2.08 | -2.29 | -1.94 | -2.59 | -1.56 | -2.28 | -2.01 | -1.65 | -2.71 | -2.31 | -1.89 | -2.65 | -2.50 | -2.98 | -2.06 | -1.82 | -1.97 | -2.21 | -2.54 | -4.40 | -1.71 | -2.82 | -1.87 | -1.33 | -1.78 | -2.83 | -1.23 | -3.02 | -2.68 | -1.46 | -2.21 | -2.69 | -2.47 | -2.48 | -1.83 |
|        23 | -2.36 | -0.63 | -1.83 | -1.92 | -2.32 | -2.34 | -2.28 | -1.91 | -2.42 | -1.37 | -2.27 | -1.93 | -1.62 | -2.85 | -2.34 | -1.69 | -2.42 | -2.23 | -2.88 | -1.98 | -1.94 | -2.08 | -2.15 | -2.35 | -4.25 | -1.60 | -2.65 | -1.76 | -1.17 | -1.75 | -2.81 | -1.10 | -2.97 | -2.47 | -1.27 | -2.23 | -2.54 | -2.30 | -2.44 | -1.66 |
|        24 | -2.16 | -0.60 | -1.68 | -1.63 | -2.38 | -2.48 | -2.28 | -2.03 | -2.26 | -1.22 | -2.41 | -1.91 | -1.51 | -3.05 | -2.35 | -1.59 | -2.29 | -2.14 | -3.04 | -1.83 | -1.94 | -2.08 | -2.18 | -2.32 | -4.18 | -1.41 | -2.41 | -1.67 | -1.07 | -1.94 | -2.60 | -1.13 | -2.66 | -2.49 | -1.48 | -2.22 | -2.36 | -2.10 | -2.33 | -1.51 |
|        25 | -1.96 | -0.51 | -1.43 | -1.34 | -2.13 | -2.40 | -2.28 | -1.94 | -2.20 | -1.02 | -2.68 | -1.75 | -1.22 | -3.24 | -2.28 | -1.62 | -2.23 | -2.08 | -3.16 | -1.67 | -1.79 | -1.90 | -2.07 | -2.27 | -4.02 | -1.14 | -2.19 | -1.61 | -0.74 | -2.05 | -2.27 | -1.08 | -2.27 | -2.70 | -1.41 | -2.05 | -2.23 | -1.83 | -2.01 | -1.46 |
|        26 | -1.99 | -0.20 | -1.19 | -1.25 | -1.64 | -1.99 | -2.39 | -1.76 | -2.39 | -0.83 | -3.00 | -1.47 | -0.97 | -3.27 | -2.37 | -1.56 | -2.27 | -1.87 | -2.96 | -1.45 | -1.53 | -1.77 | -1.83 | -2.19 | -4.09 | -0.97 | -2.21 | -1.72 | -0.40 | -2.02 | -1.85 | -1.10 | -2.02 | -2.58 | -0.97 | -1.80 | -2.07 | -1.54 | -1.85 | -1.59 |
|        27 | -1.96 |  0.10 | -0.97 | -1.18 | -1.23 | -1.65 | -2.39 | -1.47 | -2.56 | -0.71 | -3.11 | -1.10 | -0.67 | -3.15 | -2.37 | -1.45 | -2.20 | -1.74 | -2.75 | -1.37 | -1.29 | -1.66 | -1.60 | -2.11 | -4.01 | -0.82 | -2.32 | -1.65 | -0.28 | -1.91 | -1.57 | -1.18 | -2.00 | -2.18 | -0.55 | -1.50 | -2.00 | -1.19 | -1.59 | -1.56 |
|        28 | -1.91 |  0.32 | -0.75 | -1.19 | -0.78 | -1.42 | -2.24 | -1.05 | -2.66 | -0.61 | -3.09 | -0.82 | -0.36 | -2.77 | -2.27 | -1.38 | -2.13 | -1.61 | -2.44 | -1.23 | -1.05 | -1.57 | -1.46 | -2.10 | -3.80 | -0.70 | -2.32 | -1.38 | -0.13 | -1.82 | -1.34 | -1.23 | -2.02 | -2.08 | -0.48 | -1.47 | -1.93 | -1.05 | -1.47 | -1.55 |
|        29 | -1.67 |  0.46 | -0.45 | -1.26 | -0.29 | -1.58 | -2.01 | -0.85 | -2.63 | -0.64 | -3.00 | -0.59 | -0.10 | -2.33 | -2.14 | -1.27 | -2.06 | -1.48 | -2.11 | -1.04 | -0.91 | -1.44 | -1.16 | -2.05 | -3.56 | -0.59 | -2.40 | -1.18 |  0.05 | -1.71 | -1.10 | -1.17 | -1.87 | -1.91 | -0.49 | -1.57 | -1.76 | -0.83 | -1.20 | -1.68 |
|        30 | -1.38 |  0.56 | -0.16 | -1.00 |  0.15 | -1.60 | -1.83 | -0.87 | -2.42 | -0.63 | -3.08 | -0.33 |  0.13 | -2.00 | -2.03 | -1.03 | -2.02 | -1.22 | -1.71 | -0.83 | -0.74 | -1.23 | -0.76 | -2.26 | -3.37 | -0.38 | -2.47 | -1.10 |  0.30 | -1.58 | -0.86 | -0.98 | -1.63 | -1.71 | -0.42 | -1.53 | -1.58 | -0.54 | -0.82 | -1.75 |
|        31 | -0.98 |  0.61 |  0.10 | -0.72 |  0.43 | -1.49 | -1.70 | -0.73 | -2.07 | -0.32 | -3.08 |  0.03 |  0.22 | -2.02 | -1.74 | -0.77 | -1.98 | -0.94 | -1.25 | -0.56 | -0.53 | -0.91 | -0.37 | -2.38 | -3.12 | -0.07 | -2.31 | -0.90 |  0.54 | -1.48 | -0.61 | -0.74 | -1.44 | -1.32 | -0.27 | -1.45 | -1.18 | -0.28 | -0.51 | -1.81 |
|        32 | -0.54 |  0.60 |  0.35 | -0.35 |  0.64 | -1.02 | -1.34 | -0.52 | -1.54 |  0.27 | -3.05 |  0.50 |  0.29 | -1.98 | -1.53 | -0.48 | -1.74 | -0.63 | -0.87 | -0.30 | -0.28 | -0.50 |  0.05 | -2.23 | -2.71 |  0.20 | -2.07 | -0.77 |  0.79 | -1.26 | -0.38 | -0.34 | -1.22 | -0.84 |    -0 | -1.29 | -0.64 | -0.24 | -0.15 | -1.67 |
|        33 | -0.13 |  0.83 |  0.47 |  0.06 |  1.07 | -0.42 | -0.68 | -0.03 | -0.78 |  0.72 | -2.52 |  0.90 |  0.48 | -1.29 | -1.21 |  0.03 | -1.27 | -0.23 | -0.41 |  0.06 |  0.07 | -0.05 |  0.40 | -1.61 | -2.19 |  0.60 | -1.47 | -0.36 |  1.12 | -0.63 | -0.02 |  0.04 | -0.67 | -0.27 |  0.25 | -0.73 | -0.17 |  0.14 |  0.26 | -1.04 |
|        34 |  0.43 |  1.29 |  1.27 |  0.87 |  1.82 |  0.08 | -0.04 |  0.52 | -0.09 |  1.33 | -1.67 |  1.53 |  1.02 | -0.44 | -0.69 |  0.49 | -0.64 |  0.45 |  0.08 |  0.66 |  0.35 |  0.32 |  0.99 | -0.80 | -1.48 |  1.13 | -0.73 |  0.16 |  1.69 |  0.17 |  0.76 |  0.77 |  0.01 |  0.28 |  0.88 | -0.06 |  0.45 |  0.82 |  1.02 | -0.16 |
|        35 |  1.09 |  2.04 |  2.08 |  1.63 |  2.64 |  0.79 |  0.58 |  1.19 |  0.31 |  1.79 | -0.80 |  2.35 |  1.74 |  0.71 | -0.24 |  1.11 | -0.08 |  1.11 |  0.76 |  1.15 |  1.13 |  0.83 |  1.66 | -0.25 | -0.77 |  1.89 |  0.10 |  1.03 |  2.35 |  1.25 |  1.18 |  1.61 |  0.86 |  0.90 |  1.41 |  0.74 |  1.48 |  1.38 |  1.71 |  1.03 |
|        36 |  1.51 |  2.19 |  2.43 |  2.11 |  2.97 |  1.40 |  0.80 |  1.66 |  1.00 |  2.42 | -0.07 |  3.10 |  2.22 |  1.63 |  0.13 |  1.74 |  0.67 |  1.58 |  1.16 |  1.32 |  1.89 |  1.23 |  2.17 |  0.11 | -0.28 |  2.29 |  0.70 |  1.34 |  2.95 |  1.71 |  1.23 |  2.05 |  1.57 |  1.50 |  1.88 |  1.68 |  2.02 |  2.05 |  2.26 |  1.77 |
|        37 |  1.90 |  2.32 |  2.74 |  2.23 |  2.89 |  1.97 |  1.17 |  2.26 |  1.27 |  2.91 |  0.46 |  3.42 |  2.13 |  2.09 |  0.32 |  2.33 |  1.02 |  1.68 |  1.49 |  1.52 |  2.11 |  1.47 |  2.36 |  0.29 |  0.04 |  2.32 |  0.93 |  1.58 |  3.12 |  2.02 |  1.45 |  1.90 |  1.89 |  2.03 |  2.04 |  2.22 |  2.44 |  2.25 |  2.36 |  1.90 |
|        38 |  2.14 |  2.43 |  2.80 |  2.14 |  2.70 |  2.11 |  1.26 |  2.43 |  1.33 |  2.91 |  0.72 |  3.37 |  1.97 |  1.78 |  0.44 |  2.63 |  1.09 |  1.96 |  1.59 |  1.59 |  1.96 |  1.55 |  2.58 |  0.66 |  0.23 |  2.08 |  0.84 |  1.34 |  3.17 |  2.09 |  1.49 |  1.60 |  1.57 |  2.13 |  2.03 |  2.44 |  2.58 |  2.36 |  2.37 |  1.90 |
|        39 |  2.16 |  2.33 |  2.53 |  2.11 |  2.67 |  2.01 |  1.20 |  2.39 |  1.16 |  2.88 |  0.77 |  3.30 |  1.68 |  1.41 |  0.48 |  2.80 |  1.07 |  2.19 |  1.60 |  1.66 |  1.37 |  1.45 |  2.63 |  1.06 |  0.22 |  1.89 |  0.49 |  0.90 |  3.10 |  1.94 |  1.28 |  1.22 |  1.17 |  2.15 |  1.87 |  2.59 |  2.40 |  2.37 |  2.28 |  1.53 |
|        40 |  2.12 |  2.27 |  2.45 |  1.96 |  2.66 |  1.92 |  1.68 |  2.44 |  1.23 |  2.71 |  0.87 |  3.28 |  1.41 |  1.20 |  0.47 |  2.54 |  1.14 |  2.25 |  1.61 |  1.73 |  0.97 |  1.40 |  2.52 |  1.49 |  0.13 |  1.97 |  0.45 |  0.99 |  3.05 |  1.69 |  1.21 |  1.17 |  1.18 |  2.12 |  1.90 |  2.57 |  2.24 |  2.26 |  2.22 |  1.11 |
|        41 |  2.08 |  2.11 |  2.46 |  1.92 |  2.58 |  1.94 |  1.87 |  2.42 |  1.61 |  2.53 |  0.91 |  3.09 |  1.31 |  0.95 |  0.34 |  2.52 |  1.29 |  2.20 |  1.76 |  1.71 |  0.80 |  1.12 |  2.28 |  1.71 |  0.12 |  2.07 |  0.61 |  1.34 |  2.90 |  1.72 |  1.10 |  1.22 |  1.89 |  2.31 |  1.92 |  2.51 |  1.95 |  2.09 |  2.29 |  1.19 |
|        42 |  2.09 |  1.99 |  2.36 |  2.08 |  2.43 |  1.87 |  2.01 |  2.42 |  1.95 |  2.45 |  0.99 |  3.22 |  1.35 |  1.21 |  0.16 |  2.70 |  1.49 |  1.93 |  1.72 |  1.62 |  0.72 |  0.99 |  2.26 |  1.89 |  0.13 |  2.13 |  0.79 |  1.59 |  2.76 |  1.64 |  1.01 |  1.26 |  2.53 |  2.52 |  1.92 |  2.64 |  1.78 |  2.09 |  2.34 |  1.29 |
|        43 |  2.00 |  1.89 |  2.34 |  2.13 |  2.29 |  1.84 |  2.05 |  2.56 |  2.09 |  2.42 |  1.08 |  3.43 |  1.28 |  1.79 |  0.07 |  2.87 |  1.77 |  1.73 |  1.58 |  1.51 |  0.83 |  1.02 |  2.50 |  1.94 |  0.14 |  2.37 |  0.77 |  2.00 |  2.80 |  1.68 |  0.76 |  1.08 |  2.50 |  2.63 |  2.01 |  2.75 |  1.73 |  1.99 |  2.30 |  1.45 |
|        44 |  1.94 |  1.79 |  2.34 |  2.27 |  2.34 |  1.98 |  2.08 |  2.54 |  2.23 |  2.68 |  1.21 |  3.68 |  0.94 |  2.23 |  0.06 |  2.90 |  1.89 |  1.88 |  1.54 |  1.33 |  0.97 |  0.97 |  2.68 |  2.02 |  0.07 |  2.49 |  0.68 |  2.18 |  2.97 |  1.90 |  0.54 |  0.87 |  2.26 |  2.65 |  2.07 |  2.72 |  1.77 |  1.95 |  2.20 |  1.49 |
|        45 |  1.86 |  1.75 |  2.29 |  2.40 |  2.57 |  2.06 |  1.98 |  2.48 |  2.08 |  2.80 |  1.35 |  3.97 |  0.80 |  2.55 |  0.20 |  2.95 |  1.93 |  2.06 |  1.43 |  1.37 |  1.18 |  0.92 |  2.88 |  1.98 | -0.03 |  2.61 |  0.56 |  2.31 |  3.01 |  1.97 |  0.45 |  0.86 |  2.16 |  2.84 |  1.96 |  2.97 |  1.98 |  2.33 |  2.18 |  1.57 |
|        46 |  1.75 |  1.58 |  2.11 |  2.37 |  2.74 |  2.15 |  1.93 |  2.98 |  1.67 |  2.90 |  1.38 |  4.53 |  0.79 |  2.85 |  0.34 |  3.01 |  2.09 |  2.40 |  1.15 |  1.55 |  1.46 |  0.89 |  3.32 |  1.64 | -0.13 |  2.82 |  0.48 |  2.07 |  3.08 |  2.01 |  0.40 |  0.81 |  1.97 |  3.22 |  1.76 |  3.45 |  2.27 |  2.99 |  2.41 |  1.29 |
|        47 |  1.50 |  1.45 |  1.81 |  2.53 |  2.98 |  2.26 |  2.09 |  3.47 |  1.97 |  2.87 |  1.39 |  4.66 |  0.80 |  2.88 |  0.44 |  3.18 |  2.54 |  2.60 |  1.16 |  1.75 |  1.54 |  0.83 |  3.84 |  1.10 | -0.27 |  3.18 |  0.30 |  2.00 |  3.13 |  2.03 |  0.29 |  0.70 |  0.96 |  3.41 |  1.54 |  3.88 |  2.84 |  2.62 |  2.63 |  1.29 |
|        48 |  1.46 |  1.40 |  1.70 |  2.37 |  3.24 |  2.29 |  2.13 |  3.48 |  3.01 |  2.67 |  1.48 |  4.74 |  0.76 |  1.78 |  0.51 |  3.15 |  2.56 |  2.22 |  1.05 |  2.09 |  1.12 |  0.68 |  4.13 |  1.34 | -0.31 |  3.70 |  0.26 |  1.90 |  3.21 |  2.37 |  0.15 |  0.55 |  0.59 |  3.26 |  1.38 |  4.38 |  3.46 |  1.80 |  2.83 |  1.13 |
|        51 |  1.41 |  1.38 |  2.04 |  1.61 |  3.87 |  2.45 |  2.41 |  3.03 |  3.38 |  2.09 |  1.80 |  4.97 |  0.59 |  2.45 |  0.52 |  3.64 |  3.88 |  2.18 |  0.87 |  3.67 |  0.37 |  0.53 |  4.16 |  1.09 | -0.62 |  4.55 |  0.18 |  2.64 |  3.92 |  2.16 | -0.36 |  0.24 |  3.62 |  3.74 |  1.77 |  4.95 |  3.50 |  1.62 |  2.15 |  0.72 |
|        54 |  1.02 |  1.09 |  2.20 |  1.48 |  4.32 |  2.81 |  2.63 |  3.32 |  2.62 |  1.95 |  2.35 |  4.43 |  0.12 |  4.46 |  0.64 |  4.32 |  3.67 |  2.26 |  0.67 |  3.81 |  0.42 |  0.53 |  4.08 |  3.63 | -0.69 |  4.01 |  0.21 |  3.83 |  4.11 |  2.24 | -0.99 |  0.08 |  4.37 |  3.52 |  2.79 |  5.41 |  3.58 |  2.53 |  2.62 |  0.91 |
|        57 |  1.29 |  1.89 |  1.87 |  1.78 |  4.72 |  3.13 |  2.29 |  3.62 |  2.85 |  2.46 |  2.89 |  4.57 |  0.15 |  4.57 |  0.89 |  4.61 |  3.36 |  2.91 |  0.66 |  3.63 |  0.84 |  0.51 |  4.16 |  4.70 | -0.36 |  4.51 |  0.67 |  4.37 |  4.31 |  1.97 | -0.61 |  0.19 |  5.33 |  3.58 |  3.63 |  5.60 |  4.32 |  2.94 |  3.35 |  1.51 |
|        60 |  3.53 |  2.76 |  2.32 |  4.19 |  4.70 |  4.21 |  4.06 |  5.06 |  3.74 |  3.16 |  4.33 |  5.78 |  0.97 |  5.01 |  1.69 |  5.08 |  4.80 |  4.14 |  1.59 |  4.43 |  2.26 |  1.35 |  5.36 |  5.19 |  0.60 |  5.12 |  1.41 |  4.58 |  4.94 |  3.37 |  0.98 |  1.25 |  6.30 |  4.61 |  4.72 |  6.50 |  4.82 |  3.32 |  4.20 |  3.29 |
|        63 |  3.28 |  2.72 |  1.81 |  3.95 |  5.34 |  4.26 |  4.35 |  5.29 |  4.03 |  3.00 |  4.04 |  7.02 |  1.18 |  3.64 |  1.87 |  4.79 |  4.22 |  3.32 |  1.43 |  4.88 |  1.91 |  1.57 |  5.91 |  4.53 |  0.93 |  5.46 |  1.96 |  4.25 |  4.98 |  3.60 |  0.94 |  1.09 |  6.09 |  5.14 |  4.79 |  6.57 |  4.78 |  3.73 |  4.50 |  2.69 |
|        66 |  2.87 |  2.85 |  1.54 |  4.36 |  5.46 |  4.97 |  4.23 |  5.74 |  4.06 |  2.74 |  3.87 |  6.90 |  1.83 |  2.62 |  2.36 |  5.32 |  4.93 |  2.99 |  1.07 |  5.16 |  1.83 |  1.48 |  5.18 |  4.17 |  1.22 |  5.28 |  1.25 |  3.51 |  4.57 |  3.57 |  0.95 |  1.57 |  6.60 |  5.66 |  5.62 |  5.22 |  5.02 |  3.91 |  4.43 |  2.41 |
|        69 |  2.59 |  2.01 |  1.89 |  4.88 |  4.73 |  3.81 |  3.89 |  6.08 |  4.16 |  2.89 |  4.61 |  6.47 |  2.68 |  2.98 |  2.78 |  5.10 |  5.16 |  3.30 |  1.32 |  5.05 |  1.98 |  2.00 |  3.97 |  5.96 |  1.58 |  4.53 |  1.31 |  2.95 |  3.60 |  3.54 |  1.02 |  2.38 |  6.32 |  5.35 |  4.24 |  3.88 |  4.87 |  3.75 |  3.50 |  2.88 |
|        72 |  2.80 |  2.66 |  2.25 |  4.36 |  3.90 |  3.76 |  4.76 |  5.89 |  3.78 |  3.47 |  4.89 |  5.92 |  2.65 |  3.98 |  3.32 |  4.66 |  3.38 |  3.38 |  1.76 |  4.71 |  2.00 |  2.25 |  4.11 |  5.59 |  1.44 |  3.90 |  1.11 |  3.52 |  3.31 |  3.32 |  1.72 |  2.15 |  6.04 |  5.46 |  3.90 |  3.72 |  4.37 |  3.14 |  3.48 |  2.13 |
|        78 |  2.45 |  3.84 |  3.56 |  6.57 |  4.39 |  5.80 |  8.14 |  6.51 |  4.66 |  4.02 |  3.81 |  4.62 |  3.96 |  9.20 |  3.82 |  5.44 |  4.13 |  3.56 |  2.65 |  3.83 |  1.94 |  2.71 |  4.40 |  4.08 |  2.02 |  3.61 |  5.74 |  4.12 |  4.25 |  3.88 |  7.03 |  1.58 |  4.10 |  5.67 |  3.21 |  4.44 |  4.92 |  4.25 |  3.81 |  2.38 |
|        84 |  3.18 |  9.07 |  8.03 |  8.47 | 10.34 |  7.76 |  9.02 |  9.01 | 11.14 |  7.62 |  5.85 |  6.47 |  8.98 |  9.09 |  8.09 | 11.13 |  7.76 |  6.62 |  7.39 |  6.52 |  4.50 |  5.79 |  8.08 |  9.13 |  5.49 |  7.58 |  9.40 |  7.81 |  6.56 |  6.66 |  8.26 |  2.93 |  5.31 |  7.56 |  6.59 |  9.19 | 10.34 |  9.15 |  9.54 |  9.06 |
|        90 |  3.44 |  9.06 |  9.10 |  9.49 | 10.66 |  8.62 |  8.62 | 10.09 |  9.02 |  8.14 |  8.84 |  7.26 |  7.64 |  5.76 |  7.98 | 10.05 |  9.98 |  5.59 |  7.54 |  8.42 |  6.06 |  5.39 |  9.75 | 10.52 |  7.12 |  8.90 |  9.07 |  7.87 |  7.99 |  8.14 |  9.30 |  3.94 |  9.21 |  8.81 |  8.01 |  6.93 |  6.95 |  5.66 |  8.79 |  6.72 |
|        96 |  3.42 |  7.07 |  9.78 |  9.77 |  9.42 | 11.92 |  9.23 | 10.64 |  7.00 |  5.58 | 10.38 |  9.38 |  6.83 | 11.28 |  6.97 |  9.98 | 10.56 |  7.13 |  6.15 |  8.68 |  6.76 |  6.71 |  9.97 |  9.30 |  7.35 |  8.28 |  8.83 |  6.76 |  6.14 |  8.53 |  7.85 |  4.80 |  8.20 |  9.65 | 11.46 |  8.91 |  5.94 |  6.02 |  7.07 |  3.26 |
|       102 |  4.06 |  8.21 | 10.11 | 11.07 |  9.39 | 10.31 | 10.87 | 12.63 |  7.04 |  6.56 | 10.75 | 11.51 |  5.97 |  9.17 |  8.23 | 10.93 |  9.91 |  7.19 |  7.51 | 10.11 |  6.00 | 10.21 | 11.57 |  7.34 |  9.18 | 10.31 | 10.14 |  8.92 |  6.96 |  9.78 | 10.76 |  4.85 |  9.86 | 10.96 | 10.37 | 11.14 |  7.34 |  8.53 |  5.74 |  5.81 |
|       108 |  5.84 | 11.52 | 11.32 | 11.72 |  9.37 | 12.76 | 11.83 | 13.87 | 11.05 | 10.32 | 11.80 | 12.12 |  8.59 |  9.33 | 11.67 | 11.33 | 13.40 | 11.90 |  9.71 | 11.56 |  6.44 | 11.00 | 11.79 | 11.61 | 12.56 | 12.35 | 11.47 | 10.17 |  8.74 | 11.99 | 11.68 |  7.45 | 12.00 | 12.16 | 11.62 | 12.95 | 11.48 | 12.12 |  6.58 | 11.98 |
|       114 |  7.99 | 10.99 |  9.92 |  5.92 |  8.68 | 10.46 | 11.44 | 12.67 | 11.99 | 10.16 |  9.37 | 12.21 | 11.70 |  8.15 | 11.38 | 11.40 | 12.84 | 11.15 | 10.64 |  9.49 |  8.20 |  6.68 |  5.96 |  4.03 | 10.90 | 11.14 | 11.15 | 10.56 | 10.29 | 11.02 | 10.10 | 10.55 |  9.36 | 11.62 |  7.07 | 11.25 | 11.56 | 11.14 |  9.14 |  9.26 |
|       120 | 10.53 |  8.40 |  5.34 |  4.52 |  8.60 |  8.24 |  7.32 | 11.36 | 11.29 | 11.14 |  7.16 |  8.00 |  7.43 |  5.85 | 10.38 |  7.42 |  5.86 |  9.88 | 10.14 |  9.98 |  9.74 |  1.21 |  2.46 |  0.91 |  8.42 |  6.72 | 10.04 |  9.87 |  9.55 |  9.77 |  7.70 | 11.69 |  9.76 | 10.07 |  2.72 | 11.51 | 12.05 |  7.24 |  9.24 |  6.19 |
