# variable: Mean Sea Level Pressure
# units: hPa
# 
| fcst_hour |       1 |       2 |       3 |       4 |       5 |       6 |       7 |       8 |       9 |      10 |      11 |      12 |      13 |      14 |      15 |      16 |      17 |      18 |      19 |      20 |      21 |      22 |      23 |      24 |      25 |      26 |      27 |      28 |      29 |      30 |      31 |      32 |      33 |      34 |      35 |      36 |      37 |      38 |      39 |      40 |
|         0 | 1028.40 | 1028.29 | 1027.65 | 1027.13 | 1027.96 | 1027.45 | 1027.61 | 1027.84 | 1028.34 | 1028.10 | 1028.20 | 1027.76 | 1027.09 | 1027.85 | 1027.02 | 1027.48 | 1027.29 | 1029.01 | 1027.69 | 1027.24 | 1026.92 | 1026.64 | 1027.84 | 1027.67 | 1027.62 | 1028.36 | 1027.84 | 1027.93 | 1028.48 | 1027.64 | 1027.18 | 1027.89 | 1027.50 | 1027.73 | 1027.78 | 1027.13 | 1026.22 | 1027.37 | 1027.33 | 1028.05 |
|         1 | 1027.82 | 1027.39 | 1027.23 | 1026.00 | 1027.28 | 1026.59 | 1026.39 | 1026.89 | 1027.99 | 1027.38 | 1027.47 | 1026.85 | 1026.44 | 1026.91 | 1026.18 | 1026.58 | 1026.89 | 1028.26 | 1026.67 | 1026.38 | 1026.33 | 1026.18 | 1027.30 | 1027.13 | 1026.80 | 1027.30 | 1027.15 | 1027.18 | 1027.94 | 1027.07 | 1026.44 | 1027.12 | 1026.82 | 1027.11 | 1027.13 | 1026.24 | 1025.38 | 1026.65 | 1026.91 | 1027.72 |
|         2 | 1026.56 | 1026.51 | 1025.85 | 1024.57 | 1025.80 | 1025.09 | 1025.25 | 1025.42 | 1026.77 | 1026.14 | 1026.34 | 1025.36 | 1025.37 | 1025.94 | 1025.19 | 1025.41 | 1026.01 | 1026.92 | 1025.51 | 1024.81 | 1025.08 | 1025.24 | 1026.08 | 1025.89 | 1025.49 | 1025.69 | 1026.43 | 1025.95 | 1026.85 | 1025.74 | 1025.50 | 1026.04 | 1025.78 | 1025.65 | 1026.22 | 1025.20 | 1024.31 | 1025.56 | 1025.96 | 1026.60 |
|         3 | 1025.08 | 1025.18 | 1024.38 | 1023.57 | 1024.65 | 1023.96 | 1024.02 | 1023.90 | 1025.51 | 1024.72 | 1025.07 | 1024.22 | 1024.44 | 1024.68 | 1023.58 | 1023.69 | 1024.39 | 1025.23 | 1024.39 | 1023.44 | 1023.85 | 1024.11 | 1024.38 | 1024.60 | 1023.98 | 1024.22 | 1025.04 | 1024.32 | 1025.75 | 1024.45 | 1024.14 | 1024.68 | 1024.58 | 1024.11 | 1024.60 | 1024.19 | 1022.66 | 1024.26 | 1025.05 | 1025.54 |
|         4 | 1023.28 | 1023.77 | 1022.98 | 1022.52 | 1023.18 | 1022.97 | 1022.92 | 1022.70 | 1023.49 | 1023.03 | 1023.62 | 1022.87 | 1023.06 | 1023.27 | 1022.08 | 1021.77 | 1022.93 | 1023.76 | 1023.03 | 1022.10 | 1022.41 | 1022.54 | 1022.97 | 1023.12 | 1022.29 | 1022.86 | 1023.29 | 1022.83 | 1024.29 | 1022.97 | 1023.33 | 1023.07 | 1023.06 | 1022.65 | 1022.84 | 1022.77 | 1021.25 | 1022.40 | 1023.92 | 1023.95 |
|         5 | 1021.79 | 1022.45 | 1021.69 | 1021.43 | 1022.17 | 1022.14 | 1021.77 | 1021.60 | 1022.31 | 1021.71 | 1022.28 | 1022.03 | 1021.89 | 1022.26 | 1021.00 | 1020.65 | 1021.81 | 1022.62 | 1021.93 | 1020.78 | 1020.91 | 1020.91 | 1022.09 | 1021.50 | 1020.73 | 1021.78 | 1021.75 | 1021.69 | 1022.81 | 1021.71 | 1022.19 | 1021.71 | 1021.85 | 1021.59 | 1021.52 | 1021.74 | 1020.05 | 1021.43 | 1022.99 | 1022.91 |
|         6 | 1020.48 | 1021.38 | 1020.62 | 1020.46 | 1020.89 | 1020.89 | 1020.97 | 1020.63 | 1021.60 | 1020.81 | 1021.43 | 1020.67 | 1020.90 | 1020.98 | 1019.94 | 1019.09 | 1021.00 | 1021.50 | 1020.65 | 1019.72 | 1019.81 | 1019.61 | 1020.89 | 1020.75 | 1019.67 | 1020.75 | 1020.36 | 1020.75 | 1021.63 | 1020.29 | 1021.38 | 1020.72 | 1020.77 | 1020.77 | 1020.41 | 1020.70 | 1019.20 | 1020.22 | 1022.28 | 1021.71 |
|         7 | 1019.40 | 1019.93 | 1019.56 | 1018.92 | 1019.66 | 1019.66 | 1019.47 | 1018.95 | 1020.35 | 1019.50 | 1020.18 | 1019.47 | 1019.81 | 1020.01 | 1018.58 | 1018.03 | 1019.87 | 1020.24 | 1019.14 | 1017.85 | 1018.30 | 1018.16 | 1019.52 | 1019.61 | 1018.47 | 1019.36 | 1018.90 | 1019.18 | 1020.52 | 1019.21 | 1019.87 | 1019.49 | 1019.44 | 1019.95 | 1019.29 | 1019.42 | 1017.83 | 1018.98 | 1021.16 | 1020.45 |
|         8 | 1018.43 | 1018.49 | 1018.10 | 1017.84 | 1018.33 | 1018.51 | 1018.13 | 1017.49 | 1019.07 | 1018.44 | 1019.12 | 1018.57 | 1018.62 | 1018.80 | 1017.13 | 1016.47 | 1018.77 | 1018.66 | 1017.81 | 1016.43 | 1017.19 | 1017.00 | 1018.13 | 1018.15 | 1017.09 | 1018.36 | 1017.52 | 1017.83 | 1019.52 | 1017.96 | 1018.63 | 1018.07 | 1018.17 | 1018.68 | 1018.22 | 1018.22 | 1016.49 | 1017.92 | 1019.82 | 1019.33 |
|         9 | 1016.94 | 1017.38 | 1016.95 | 1017.05 | 1017.49 | 1017.88 | 1017.18 | 1016.74 | 1018.16 | 1017.29 | 1017.92 | 1017.24 | 1017.92 | 1017.97 | 1016.01 | 1015.22 | 1017.85 | 1017.27 | 1016.62 | 1015.28 | 1015.77 | 1016.47 | 1017.21 | 1017.06 | 1016.01 | 1017.37 | 1016.48 | 1016.59 | 1018.55 | 1016.88 | 1017.71 | 1016.64 | 1017.24 | 1017.64 | 1017.55 | 1017.12 | 1015.54 | 1016.81 | 1018.78 | 1018.01 |
|        10 | 1015.76 | 1016.47 | 1016.16 | 1016.38 | 1016.19 | 1016.85 | 1016.40 | 1016.05 | 1016.98 | 1015.97 | 1016.95 | 1016.50 | 1016.51 | 1016.87 | 1015.00 | 1014.37 | 1016.64 | 1016.29 | 1015.53 | 1014.59 | 1014.77 | 1015.79 | 1016.59 | 1016.00 | 1015.42 | 1016.36 | 1015.36 | 1015.53 | 1017.51 | 1015.86 | 1016.79 | 1015.38 | 1016.55 | 1016.27 | 1016.37 | 1016.10 | 1014.71 | 1015.66 | 1017.88 | 1017.20 |
|        11 | 1014.81 | 1015.51 | 1015.33 | 1015.38 | 1014.99 | 1016.04 | 1015.50 | 1015.05 | 1015.95 | 1015.22 | 1016.16 | 1015.59 | 1015.37 | 1015.11 | 1013.63 | 1013.48 | 1015.44 | 1015.12 | 1014.29 | 1013.44 | 1013.77 | 1014.67 | 1015.54 | 1014.98 | 1014.58 | 1015.43 | 1014.47 | 1014.28 | 1016.30 | 1015.01 | 1015.58 | 1014.47 | 1015.42 | 1015.08 | 1015.32 | 1015.05 | 1013.20 | 1014.66 | 1016.51 | 1016.03 |
|        12 | 1013.53 | 1013.99 | 1014.20 | 1014.11 | 1013.67 | 1014.67 | 1013.90 | 1013.64 | 1014.23 | 1013.52 | 1014.63 | 1014.41 | 1014.20 | 1013.52 | 1012.46 | 1012.40 | 1013.99 | 1013.81 | 1013.12 | 1012.36 | 1012.29 | 1013.07 | 1013.85 | 1013.72 | 1013.60 | 1014.24 | 1013.24 | 1012.46 | 1014.70 | 1013.38 | 1013.96 | 1013.24 | 1014.20 | 1013.71 | 1014.08 | 1013.51 | 1011.72 | 1012.92 | 1014.67 | 1014.62 |
|        13 | 1012.51 | 1012.61 | 1013.16 | 1013.03 | 1012.18 | 1013.35 | 1012.83 | 1012.20 | 1012.78 | 1012.10 | 1013.14 | 1013.56 | 1013.39 | 1012.90 | 1011.40 | 1011.20 | 1013.09 | 1012.37 | 1012.16 | 1011.62 | 1011.16 | 1011.91 | 1012.64 | 1012.44 | 1012.82 | 1013.18 | 1011.99 | 1011.42 | 1013.39 | 1012.26 | 1012.80 | 1011.98 | 1013.12 | 1012.67 | 1012.77 | 1012.45 | 1010.52 | 1011.45 | 1013.16 | 1013.55 |
|        14 | 1011.15 | 1011.57 | 1012.55 | 1012.08 | 1011.11 | 1011.90 | 1012.10 | 1011.42 | 1011.77 | 1011.08 | 1011.92 | 1012.79 | 1012.79 | 1011.95 | 1010.27 | 1010.09 | 1012.21 | 1011.26 | 1011.57 | 1011.30 | 1010.18 | 1010.97 | 1011.94 | 1011.29 | 1012.02 | 1012.13 | 1010.92 | 1010.80 | 1012.51 | 1011.18 | 1012.07 | 1010.98 | 1012.24 | 1012.03 | 1011.50 | 1011.31 | 1009.58 | 1010.67 | 1012.12 | 1012.56 |
|        15 | 1010.18 | 1010.44 | 1011.77 | 1011.15 | 1010.25 | 1011.20 | 1010.82 | 1010.66 | 1010.84 | 1010.09 | 1010.55 | 1011.99 | 1011.50 | 1010.57 | 1008.73 | 1009.21 | 1010.82 | 1010.09 | 1010.28 | 1010.39 | 1009.26 | 1010.88 | 1010.83 | 1010.72 | 1011.07 | 1011.22 | 1010.29 | 1009.65 | 1011.26 | 1010.18 | 1010.39 | 1009.78 | 1011.20 | 1010.37 | 1010.48 | 1010.05 | 1008.14 | 1009.53 | 1011.39 | 1011.84 |
|        16 | 1009.73 | 1009.82 | 1011.26 | 1009.89 | 1009.30 | 1010.35 | 1010.11 | 1008.98 | 1009.94 | 1009.38 | 1010.31 | 1011.13 | 1010.45 | 1009.92 | 1007.50 | 1008.52 | 1010.13 | 1009.59 | 1009.56 | 1009.26 | 1008.35 | 1010.05 | 1009.99 | 1010.37 | 1010.52 | 1010.23 | 1009.78 | 1008.73 | 1010.36 | 1009.38 | 1009.44 | 1009.40 | 1010.42 | 1009.47 | 1009.49 | 1009.04 | 1007.47 | 1008.33 | 1010.08 | 1011.25 |
|        17 | 1009.51 | 1008.91 | 1010.28 | 1008.97 | 1007.95 | 1009.52 | 1009.22 | 1007.61 | 1008.90 | 1008.69 | 1009.64 | 1010.69 | 1009.74 | 1008.68 | 1006.62 | 1007.76 | 1009.01 | 1008.79 | 1008.20 | 1008.35 | 1006.44 | 1008.89 | 1008.81 | 1009.92 | 1010.10 | 1009.20 | 1008.35 | 1007.26 | 1009.38 | 1008.14 | 1008.23 | 1008.25 | 1010.26 | 1008.12 | 1008.24 | 1007.75 | 1006.54 | 1007.99 | 1009.31 | 1009.96 |
|        18 | 1008.35 | 1007.40 | 1009.45 | 1007.69 | 1007.00 | 1008.39 | 1008.12 | 1006.87 | 1008.81 | 1007.67 | 1008.77 | 1009.82 | 1008.16 | 1007.61 | 1005.73 | 1007.23 | 1008.37 | 1007.73 | 1007.91 | 1007.67 | 1006.20 | 1007.09 | 1007.92 | 1008.79 | 1008.64 | 1007.84 | 1007.61 | 1006.80 | 1007.90 | 1007.41 | 1007.54 | 1007.26 | 1009.26 | 1007.07 | 1007.23 | 1007.01 | 1005.79 | 1007.18 | 1007.87 | 1009.13 |
|        19 | 1007.48 | 1007.25 | 1008.85 | 1007.14 | 1006.35 | 1007.97 | 1007.37 | 1006.41 | 1008.49 | 1006.97 | 1008.00 | 1009.36 | 1007.57 | 1006.98 | 1005.08 | 1006.98 | 1007.64 | 1007.11 | 1007.38 | 1007.29 | 1005.32 | 1006.69 | 1007.51 | 1008.40 | 1007.96 | 1007.21 | 1007.41 | 1006.10 | 1006.88 | 1006.70 | 1006.67 | 1006.89 | 1008.30 | 1006.84 | 1006.75 | 1006.46 | 1004.86 | 1006.21 | 1007.52 | 1008.48 |
|        20 | 1006.46 | 1006.27 | 1008.69 | 1006.05 | 1006.10 | 1006.63 | 1006.58 | 1006.59 | 1008.43 | 1005.96 | 1007.92 | 1008.50 | 1006.83 | 1006.06 | 1004.92 | 1006.62 | 1007.88 | 1006.10 | 1007.61 | 1007.31 | 1005.46 | 1005.59 | 1006.92 | 1007.98 | 1007.16 | 1006.67 | 1007.06 | 1006.23 | 1006.52 | 1005.06 | 1005.14 | 1005.34 | 1007.69 | 1005.62 | 1005.82 | 1005.46 | 1004.47 | 1005.37 | 1006.20 | 1007.77 |
|        21 | 1005.98 | 1005.59 | 1009.68 | 1005.35 | 1006.18 | 1006.51 | 1006.11 | 1006.94 | 1009.02 | 1005.77 | 1008.31 | 1008.06 | 1006.79 | 1005.27 | 1005.59 | 1007.23 | 1008.63 | 1006.05 | 1007.80 | 1007.75 | 1006.12 | 1005.48 | 1006.83 | 1008.41 | 1006.86 | 1006.33 | 1006.85 | 1007.36 | 1006.42 | 1005.23 | 1004.82 | 1005.16 | 1007.02 | 1004.82 | 1005.92 | 1005.61 | 1004.87 | 1005.18 | 1005.65 | 1007.69 |
|        22 | 1006.32 | 1005.88 | 1009.98 | 1005.83 | 1006.61 | 1007.19 | 1006.72 | 1007.17 | 1009.25 | 1006.91 | 1009.50 | 1008.18 | 1006.79 | 1005.45 | 1005.97 | 1008.44 | 1009.56 | 1006.86 | 1008.12 | 1008.34 | 1006.59 | 1005.96 | 1007.85 | 1009.19 | 1006.96 | 1006.82 | 1007.56 | 1008.27 | 1007.08 | 1006.16 | 1005.61 | 1006.08 | 1007.02 | 1005.45 | 1006.73 | 1006.79 | 1005.95 | 1005.88 | 1006.79 | 1008.70 |
|        23 | 1007.46 | 1006.76 | 1010.71 | 1006.84 | 1006.56 | 1007.81 | 1007.42 | 1007.27 | 1009.50 | 1007.75 | 1009.83 | 1009.03 | 1007.67 | 1006.35 | 1006.02 | 1009.15 | 1009.96 | 1007.68 | 1008.44 | 1008.43 | 1007.00 | 1007.52 | 1008.46 | 1009.40 | 1008.05 | 1007.08 | 1008.39 | 1008.39 | 1008.07 | 1006.62 | 1007.12 | 1008.14 | 1008.12 | 1006.29 | 1007.43 | 1007.17 | 1006.33 | 1006.67 | 1007.35 | 1009.28 |
|        24 | 1008.40 | 1006.79 | 1011.26 | 1007.56 | 1006.10 | 1008.07 | 1007.91 | 1007.26 | 1009.10 | 1008.20 | 1010.03 | 1009.78 | 1008.84 | 1007.21 | 1005.42 | 1009.41 | 1010.15 | 1007.90 | 1008.27 | 1008.53 | 1007.10 | 1008.47 | 1008.91 | 1009.62 | 1008.94 | 1007.01 | 1008.89 | 1008.78 | 1008.26 | 1006.88 | 1007.69 | 1008.77 | 1009.78 | 1006.65 | 1007.53 | 1007.30 | 1006.46 | 1006.64 | 1007.55 | 1009.61 |
|        25 | 1008.57 | 1006.71 | 1011.63 | 1008.52 | 1005.76 | 1008.10 | 1008.30 | 1007.12 | 1009.12 | 1008.15 | 1010.15 | 1010.20 | 1009.13 | 1007.60 | 1005.02 | 1009.42 | 1010.04 | 1007.63 | 1008.20 | 1008.17 | 1007.15 | 1009.06 | 1008.98 | 1010.10 | 1009.20 | 1006.76 | 1009.62 | 1009.19 | 1008.73 | 1006.97 | 1008.25 | 1008.88 | 1010.32 | 1007.17 | 1007.71 | 1007.50 | 1006.96 | 1006.33 | 1007.52 | 1009.51 |
|        26 | 1008.32 | 1006.22 | 1011.66 | 1008.84 | 1005.14 | 1007.95 | 1008.23 | 1006.74 | 1009.02 | 1007.86 | 1010.05 | 1009.85 | 1009.21 | 1007.73 | 1004.74 | 1008.51 | 1010.25 | 1007.08 | 1007.38 | 1007.49 | 1006.48 | 1008.98 | 1008.55 | 1009.93 | 1009.37 | 1006.23 | 1009.55 | 1009.81 | 1008.93 | 1006.76 | 1008.62 | 1008.50 | 1010.69 | 1007.66 | 1007.44 | 1007.60 | 1007.25 | 1005.70 | 1007.85 | 1008.78 |
|        27 | 1007.85 | 1006.05 | 1011.63 | 1008.93 | 1004.65 | 1007.52 | 1008.49 | 1006.33 | 1008.90 | 1007.66 | 1009.95 | 1009.92 | 1009.38 | 1007.64 | 1004.53 | 1008.33 | 1010.39 | 1006.67 | 1006.65 | 1007.44 | 1005.88 | 1009.17 | 1007.87 | 1009.17 | 1009.54 | 1005.75 | 1009.57 | 1010.04 | 1008.81 | 1007.15 | 1008.62 | 1008.79 | 1010.96 | 1008.20 | 1007.27 | 1007.57 | 1007.17 | 1004.80 | 1007.97 | 1008.87 |
|        28 | 1007.56 | 1006.25 | 1011.59 | 1009.90 | 1004.39 | 1007.05 | 1008.62 | 1006.45 | 1009.24 | 1007.61 | 1009.55 | 1010.08 | 1009.51 | 1007.85 | 1004.09 | 1008.34 | 1010.29 | 1006.18 | 1006.32 | 1007.26 | 1005.80 | 1009.56 | 1007.43 | 1008.56 | 1009.68 | 1005.68 | 1009.71 | 1010.21 | 1008.82 | 1007.07 | 1008.83 | 1008.65 | 1011.33 | 1008.43 | 1007.07 | 1007.76 | 1007.36 | 1004.27 | 1007.97 | 1008.80 |
|        29 | 1007.51 | 1006.53 | 1011.79 | 1010.97 | 1004.86 | 1006.89 | 1008.74 | 1007.36 | 1009.90 | 1008.36 | 1009.37 | 1009.99 | 1010.21 | 1008.40 | 1004.71 | 1009.27 | 1010.76 | 1006.83 | 1006.42 | 1007.26 | 1005.78 | 1009.74 | 1007.15 | 1008.54 | 1009.99 | 1005.60 | 1009.64 | 1010.57 | 1008.81 | 1008.15 | 1009.76 | 1009.09 | 1012.18 | 1008.71 | 1007.14 | 1008.26 | 1008.29 | 1004.08 | 1008.49 | 1009.48 |
|        30 | 1007.73 | 1007.91 | 1012.07 | 1011.84 | 1006.16 | 1007.23 | 1009.30 | 1008.84 | 1010.52 | 1009.38 | 1009.26 | 1010.04 | 1010.51 | 1009.13 | 1005.57 | 1010.25 | 1012.35 | 1008.25 | 1006.94 | 1008.21 | 1005.67 | 1010.63 | 1007.15 | 1008.83 | 1010.11 | 1005.97 | 1009.55 | 1011.09 | 1008.71 | 1009.67 | 1010.85 | 1009.62 | 1012.89 | 1008.80 | 1006.98 | 1008.35 | 1008.94 | 1004.75 | 1009.69 | 1010.71 |
|        31 | 1008.60 | 1009.62 | 1012.94 | 1012.78 | 1008.14 | 1008.00 | 1010.37 | 1010.28 | 1011.57 | 1010.43 | 1009.76 | 1010.46 | 1011.93 | 1010.56 | 1006.47 | 1011.55 | 1013.51 | 1009.88 | 1007.91 | 1009.36 | 1006.21 | 1011.35 | 1007.61 | 1010.11 | 1010.91 | 1006.70 | 1009.97 | 1012.25 | 1009.88 | 1011.11 | 1011.76 | 1010.57 | 1013.95 | 1009.52 | 1008.04 | 1008.91 | 1010.03 | 1005.73 | 1010.59 | 1011.90 |
|        32 | 1009.73 | 1011.13 | 1014.13 | 1014.09 | 1010.30 | 1008.98 | 1011.84 | 1011.77 | 1013.03 | 1011.74 | 1011.21 | 1011.51 | 1013.29 | 1012.02 | 1007.72 | 1012.79 | 1014.97 | 1011.65 | 1009.62 | 1010.39 | 1007.16 | 1012.19 | 1008.08 | 1011.71 | 1012.48 | 1007.98 | 1010.50 | 1013.21 | 1011.15 | 1012.56 | 1012.79 | 1011.49 | 1014.93 | 1010.69 | 1009.22 | 1010.05 | 1010.95 | 1006.98 | 1011.68 | 1013.43 |
|        33 | 1010.88 | 1012.30 | 1015.06 | 1015.10 | 1011.88 | 1010.55 | 1013.01 | 1013.05 | 1013.97 | 1012.92 | 1012.32 | 1012.50 | 1014.63 | 1013.06 | 1009.09 | 1013.69 | 1016.18 | 1013.13 | 1011.08 | 1011.91 | 1008.57 | 1013.33 | 1009.02 | 1012.81 | 1013.80 | 1009.61 | 1011.02 | 1014.21 | 1012.29 | 1014.03 | 1013.78 | 1012.62 | 1015.72 | 1011.33 | 1010.50 | 1011.30 | 1011.66 | 1008.44 | 1012.94 | 1014.94 |
|        34 | 1012.24 | 1013.63 | 1015.96 | 1016.28 | 1013.07 | 1011.83 | 1014.09 | 1014.02 | 1014.76 | 1013.72 | 1013.28 | 1013.59 | 1015.87 | 1014.81 | 1010.30 | 1014.90 | 1017.20 | 1014.26 | 1012.32 | 1013.02 | 1009.61 | 1014.38 | 1010.23 | 1013.82 | 1014.56 | 1010.99 | 1011.68 | 1015.05 | 1013.34 | 1015.38 | 1014.67 | 1013.64 | 1016.52 | 1012.08 | 1011.51 | 1012.17 | 1012.77 | 1009.64 | 1013.92 | 1016.32 |
|        35 | 1013.36 | 1014.70 | 1016.76 | 1016.99 | 1013.79 | 1012.96 | 1015.01 | 1014.54 | 1015.31 | 1014.06 | 1013.97 | 1014.35 | 1016.89 | 1015.89 | 1011.14 | 1015.82 | 1017.71 | 1014.84 | 1013.08 | 1013.71 | 1010.46 | 1015.14 | 1011.12 | 1014.68 | 1015.03 | 1011.95 | 1011.94 | 1015.79 | 1013.69 | 1016.40 | 1015.37 | 1014.47 | 1016.73 | 1012.95 | 1012.14 | 1012.78 | 1013.80 | 1010.37 | 1014.58 | 1017.21 |
|        36 | 1014.30 | 1015.69 | 1017.55 | 1017.67 | 1014.76 | 1013.81 | 1015.67 | 1014.92 | 1015.68 | 1014.65 | 1014.40 | 1015.07 | 1017.80 | 1016.60 | 1011.92 | 1016.43 | 1018.30 | 1015.67 | 1013.70 | 1014.01 | 1011.21 | 1015.63 | 1012.02 | 1015.32 | 1015.53 | 1012.85 | 1012.54 | 1016.22 | 1014.07 | 1017.57 | 1015.63 | 1015.19 | 1016.76 | 1013.81 | 1012.64 | 1013.15 | 1014.52 | 1011.05 | 1015.23 | 1017.88 |
|        37 | 1015.24 | 1016.46 | 1017.85 | 1018.32 | 1016.00 | 1014.43 | 1016.29 | 1015.50 | 1016.23 | 1015.23 | 1014.87 | 1015.99 | 1018.21 | 1017.32 | 1012.53 | 1017.07 | 1018.81 | 1016.38 | 1014.44 | 1014.66 | 1012.06 | 1016.10 | 1013.11 | 1016.21 | 1016.13 | 1013.53 | 1012.97 | 1016.60 | 1014.62 | 1018.43 | 1016.22 | 1015.91 | 1017.07 | 1014.33 | 1013.28 | 1013.83 | 1015.10 | 1011.80 | 1015.81 | 1018.24 |
|        38 | 1016.17 | 1017.31 | 1018.15 | 1018.87 | 1017.29 | 1015.22 | 1016.78 | 1016.10 | 1016.82 | 1015.82 | 1015.41 | 1016.76 | 1018.79 | 1018.05 | 1013.15 | 1017.67 | 1019.26 | 1017.16 | 1015.14 | 1015.36 | 1012.83 | 1016.83 | 1013.97 | 1016.95 | 1016.62 | 1014.18 | 1013.97 | 1017.01 | 1015.22 | 1019.25 | 1016.73 | 1016.38 | 1017.54 | 1014.68 | 1014.07 | 1014.44 | 1015.65 | 1012.34 | 1016.32 | 1018.98 |
|        39 | 1017.12 | 1018.40 | 1018.58 | 1019.32 | 1018.44 | 1015.92 | 1017.40 | 1016.84 | 1017.31 | 1016.43 | 1016.35 | 1017.43 | 1019.84 | 1018.96 | 1014.01 | 1018.25 | 1019.71 | 1017.81 | 1015.84 | 1016.05 | 1013.59 | 1017.69 | 1014.58 | 1017.72 | 1017.20 | 1014.77 | 1014.75 | 1017.43 | 1015.73 | 1020.06 | 1017.21 | 1016.97 | 1018.05 | 1015.13 | 1014.83 | 1014.93 | 1016.52 | 1012.91 | 1016.83 | 1019.90 |
|        40 | 1017.47 | 1019.31 | 1019.15 | 1019.90 | 1019.41 | 1016.55 | 1017.96 | 1017.23 | 1017.72 | 1016.89 | 1017.22 | 1017.99 | 1020.83 | 1019.77 | 1014.72 | 1018.77 | 1019.94 | 1018.20 | 1016.57 | 1016.64 | 1014.38 | 1018.29 | 1014.95 | 1018.41 | 1017.59 | 1015.45 | 1015.30 | 1017.58 | 1016.53 | 1020.74 | 1017.52 | 1017.47 | 1018.27 | 1015.78 | 1015.38 | 1015.69 | 1017.33 | 1013.31 | 1017.31 | 1020.61 |
|        41 | 1018.04 | 1020.03 | 1019.39 | 1020.33 | 1020.24 | 1017.36 | 1018.37 | 1017.56 | 1017.91 | 1017.41 | 1017.81 | 1018.64 | 1021.51 | 1020.34 | 1015.22 | 1018.86 | 1019.93 | 1018.33 | 1017.32 | 1017.49 | 1015.29 | 1018.74 | 1015.39 | 1018.90 | 1017.81 | 1016.09 | 1015.63 | 1017.58 | 1017.16 | 1021.24 | 1017.65 | 1017.94 | 1018.44 | 1016.25 | 1015.88 | 1016.28 | 1017.91 | 1013.42 | 1017.59 | 1020.89 |
|        42 | 1018.61 | 1020.65 | 1019.35 | 1020.66 | 1020.92 | 1018.01 | 1018.54 | 1017.62 | 1017.67 | 1017.91 | 1018.05 | 1019.05 | 1022.03 | 1020.80 | 1015.65 | 1019.17 | 1019.82 | 1018.42 | 1017.63 | 1018.31 | 1015.98 | 1018.98 | 1015.72 | 1019.10 | 1018.05 | 1016.61 | 1015.74 | 1017.53 | 1017.40 | 1021.38 | 1017.72 | 1018.46 | 1018.42 | 1016.63 | 1016.25 | 1016.55 | 1018.25 | 1013.51 | 1017.96 | 1021.01 |
|        43 | 1018.87 | 1021.00 | 1019.26 | 1020.64 | 1021.36 | 1018.46 | 1018.35 | 1017.35 | 1017.38 | 1017.90 | 1017.90 | 1019.22 | 1022.26 | 1020.94 | 1015.93 | 1019.29 | 1019.32 | 1018.26 | 1017.75 | 1018.79 | 1016.31 | 1018.87 | 1015.92 | 1018.99 | 1017.86 | 1016.89 | 1015.70 | 1017.14 | 1017.50 | 1021.33 | 1017.45 | 1018.68 | 1018.17 | 1016.82 | 1016.37 | 1016.59 | 1018.22 | 1013.79 | 1018.11 | 1020.93 |
|        44 | 1018.74 | 1020.95 | 1019.07 | 1020.42 | 1021.37 | 1018.62 | 1017.85 | 1017.02 | 1016.82 | 1017.49 | 1017.33 | 1019.12 | 1022.29 | 1020.69 | 1015.73 | 1019.06 | 1018.79 | 1017.36 | 1017.69 | 1018.73 | 1016.65 | 1018.55 | 1016.01 | 1018.73 | 1017.14 | 1016.90 | 1015.55 | 1016.49 | 1017.36 | 1020.73 | 1016.94 | 1018.66 | 1017.62 | 1016.48 | 1016.29 | 1016.27 | 1017.99 | 1013.82 | 1017.79 | 1020.42 |
|        45 | 1018.43 | 1020.67 | 1018.78 | 1019.83 | 1021.20 | 1018.62 | 1017.15 | 1016.40 | 1015.81 | 1017.06 | 1016.61 | 1018.88 | 1022.20 | 1020.01 | 1015.21 | 1018.54 | 1018.01 | 1016.47 | 1017.50 | 1018.35 | 1016.75 | 1018.16 | 1015.92 | 1018.23 | 1016.13 | 1016.49 | 1015.01 | 1015.28 | 1017.09 | 1020.10 | 1016.25 | 1018.19 | 1016.63 | 1015.90 | 1016.11 | 1015.90 | 1017.36 | 1013.40 | 1017.07 | 1019.95 |
|        46 | 1018.10 | 1020.41 | 1018.33 | 1019.29 | 1021.13 | 1018.42 | 1016.34 | 1015.65 | 1014.77 | 1016.65 | 1015.87 | 1018.69 | 1021.78 | 1019.42 | 1014.27 | 1018.11 | 1016.96 | 1015.75 | 1017.01 | 1018.02 | 1016.98 | 1017.52 | 1015.90 | 1017.46 | 1015.17 | 1015.73 | 1014.37 | 1014.11 | 1016.54 | 1019.55 | 1015.57 | 1017.79 | 1015.67 | 1015.54 | 1015.85 | 1015.78 | 1016.74 | 1012.80 | 1016.55 | 1019.26 |
|        47 | 1017.63 | 1020.19 | 1017.85 | 1018.69 | 1020.82 | 1018.12 | 1015.63 | 1014.82 | 1013.75 | 1016.19 | 1014.90 | 1018.44 | 1021.24 | 1018.63 | 1013.21 | 1017.59 | 1015.72 | 1014.62 | 1016.42 | 1017.60 | 1017.28 | 1016.67 | 1015.70 | 1016.97 | 1014.21 | 1014.74 | 1013.97 | 1012.88 | 1015.91 | 1018.75 | 1014.70 | 1017.62 | 1014.75 | 1014.98 | 1015.51 | 1015.57 | 1015.99 | 1011.92 | 1015.93 | 1018.37 |
|        48 | 1016.89 | 1019.95 | 1017.04 | 1018.10 | 1020.21 | 1017.66 | 1014.57 | 1013.77 | 1012.54 | 1015.42 | 1013.64 | 1017.72 | 1020.55 | 1017.83 | 1011.84 | 1016.89 | 1014.70 | 1013.10 | 1015.68 | 1017.30 | 1017.33 | 1015.71 | 1015.44 | 1016.29 | 1012.85 | 1013.44 | 1013.43 | 1011.08 | 1015.31 | 1017.45 | 1013.51 | 1017.15 | 1013.58 | 1014.17 | 1014.99 | 1015.21 | 1015.02 | 1011.02 | 1015.28 | 1017.33 |
|        51 | 1013.90 | 1017.61 | 1013.46 | 1015.36 | 1017.34 | 1014.72 | 1009.57 | 1009.31 | 1007.93 | 1012.32 | 1007.65 | 1014.25 | 1017.15 | 1013.82 | 1006.68 | 1013.69 | 1009.82 | 1007.52 | 1012.04 | 1015.54 | 1015.94 | 1011.94 | 1013.56 | 1011.59 | 1008.25 | 1008.37 | 1010.27 | 1003.85 | 1011.83 | 1012.40 | 1009.02 | 1014.79 | 1009.38 | 1011.14 | 1012.40 | 1012.70 | 1011.39 | 1006.82 | 1012.24 | 1012.38 |
|        54 | 1011.01 | 1015.28 | 1010.13 | 1012.41 | 1013.83 | 1011.70 | 1004.49 | 1005.08 | 1004.42 | 1010.35 | 1001.51 | 1010.21 | 1013.31 | 1009.98 |  998.39 | 1011.30 | 1005.15 | 1002.46 | 1008.15 | 1013.86 | 1014.41 | 1008.04 | 1012.54 | 1006.18 | 1004.92 | 1003.83 | 1008.31 |  997.40 | 1008.53 | 1006.16 | 1004.17 | 1012.34 | 1006.75 | 1008.09 | 1009.70 | 1010.89 | 1006.89 | 1004.18 | 1010.09 | 1007.99 |
|        57 | 1008.25 | 1013.43 | 1005.88 | 1009.52 | 1010.60 | 1009.61 | 1000.14 | 1001.69 | 1003.06 | 1009.40 |  996.97 | 1006.55 | 1009.49 | 1007.45 |  992.63 | 1009.13 | 1002.53 |  999.67 | 1005.74 | 1013.20 | 1013.34 | 1004.31 | 1011.63 | 1003.26 | 1003.76 | 1001.13 | 1008.17 |  994.63 | 1006.58 | 1001.30 | 1001.82 | 1010.43 | 1006.05 | 1006.03 | 1007.67 | 1010.97 | 1004.16 | 1003.64 | 1008.99 | 1004.50 |
|        60 | 1005.40 | 1011.18 | 1002.04 | 1005.96 | 1007.79 | 1007.28 |  999.08 | 1000.25 | 1003.39 | 1008.97 |  994.58 | 1003.28 | 1004.08 | 1006.34 |  990.20 | 1007.63 | 1003.55 |  999.56 | 1005.55 | 1012.52 | 1011.63 | 1002.06 | 1012.15 | 1002.09 | 1004.47 | 1001.17 | 1008.71 |  993.75 | 1006.22 |  999.35 | 1003.32 | 1009.09 | 1006.43 | 1004.57 | 1005.52 | 1010.12 | 1001.80 | 1004.36 | 1007.95 | 1003.36 |
|        63 | 1005.87 | 1010.61 | 1002.74 | 1003.62 | 1007.74 | 1007.00 | 1002.41 | 1002.06 | 1005.58 | 1009.77 |  997.06 | 1003.67 | 1001.20 | 1007.75 |  990.68 | 1008.95 | 1007.61 | 1002.75 | 1008.54 | 1012.97 | 1011.27 | 1003.81 | 1012.80 | 1001.52 | 1007.39 | 1003.73 | 1010.48 |  998.17 | 1008.37 |  998.96 | 1006.35 | 1009.16 | 1007.39 | 1005.56 | 1006.22 | 1010.48 | 1002.05 | 1006.22 | 1008.56 | 1005.71 |
|        66 | 1007.73 | 1009.85 | 1005.75 | 1003.44 | 1009.42 | 1008.55 | 1006.39 | 1004.11 | 1007.05 | 1010.76 | 1002.52 | 1006.81 | 1003.76 | 1009.60 |  993.72 | 1012.62 | 1010.80 | 1006.84 | 1010.65 | 1014.26 | 1011.37 | 1006.12 | 1013.34 | 1003.05 | 1009.32 | 1008.29 | 1012.62 | 1002.63 | 1011.75 | 1003.64 | 1008.96 | 1010.05 | 1009.77 | 1008.36 | 1007.98 | 1010.63 | 1004.24 | 1008.53 | 1009.87 | 1010.22 |
|        69 | 1008.95 | 1009.96 | 1007.87 | 1003.54 | 1012.38 | 1009.08 | 1008.62 | 1004.85 | 1006.52 | 1010.11 | 1007.13 | 1010.81 | 1006.90 | 1011.19 |  998.83 | 1014.70 | 1012.29 | 1010.53 | 1011.63 | 1014.89 | 1010.78 | 1007.31 | 1015.51 | 1007.95 | 1009.47 | 1010.88 | 1014.67 | 1003.31 | 1014.42 | 1011.18 | 1009.98 | 1009.20 | 1011.65 | 1010.42 | 1008.31 | 1011.53 | 1006.51 | 1009.81 | 1010.26 | 1012.67 |
|        72 | 1009.27 | 1009.48 | 1009.20 | 1006.03 | 1013.97 | 1009.07 | 1008.55 | 1005.01 | 1005.35 | 1009.86 | 1009.98 | 1013.03 | 1010.09 | 1011.16 | 1002.80 | 1014.95 | 1012.56 | 1012.61 | 1011.12 | 1015.05 | 1010.19 | 1008.60 | 1016.80 | 1010.48 | 1009.22 | 1010.78 | 1015.28 | 1003.61 | 1015.55 | 1014.03 | 1010.25 | 1009.50 | 1013.49 | 1011.81 | 1007.29 | 1013.20 | 1008.54 | 1010.72 | 1011.43 | 1013.51 |
|        78 | 1010.07 | 1009.38 | 1011.89 | 1012.87 | 1011.63 | 1006.54 | 1007.13 | 1007.63 |  999.69 | 1008.88 | 1013.90 | 1013.76 | 1010.80 | 1010.26 | 1008.07 | 1013.91 | 1012.05 | 1014.40 | 1009.02 | 1012.09 | 1009.14 | 1010.61 | 1012.66 | 1008.40 | 1005.19 | 1006.51 | 1013.48 | 1006.18 | 1014.68 | 1012.50 | 1008.80 | 1011.72 | 1016.40 | 1014.43 | 1004.49 | 1007.95 | 1010.97 | 1008.77 | 1012.02 | 1011.71 |
|        84 | 1010.01 | 1004.75 | 1014.70 | 1014.94 | 1005.87 | 1001.02 | 1004.52 | 1010.20 |  995.20 | 1009.12 | 1014.64 | 1010.71 |  998.57 | 1006.65 | 1009.69 | 1006.26 | 1004.08 | 1011.55 | 1008.12 | 1000.20 | 1005.65 | 1009.50 | 1000.64 |  997.95 | 1005.11 | 1006.85 | 1001.54 | 1007.45 | 1008.73 | 1010.15 | 1005.08 | 1011.80 | 1016.89 | 1013.84 |  998.58 |  995.42 | 1010.67 | 1001.36 | 1008.96 | 1006.43 |
|        90 | 1004.62 |  997.83 | 1014.27 | 1010.73 |  995.84 |  991.66 |  997.58 | 1009.88 |  993.71 | 1006.70 | 1011.65 | 1003.21 |  989.96 |  997.40 | 1008.09 | 1000.61 |  997.09 | 1001.65 | 1004.21 |  996.59 | 1001.53 |  999.98 |  997.21 |  990.02 | 1006.66 | 1003.88 |  996.62 | 1008.06 | 1001.86 | 1003.67 |  994.08 | 1007.43 | 1012.32 | 1008.59 |  995.09 |  993.00 | 1005.23 |  992.03 | 1001.25 |  999.21 |
|        96 | 1000.46 |  999.67 | 1011.61 | 1006.44 |  997.35 |  993.86 |  992.86 | 1009.25 |  996.98 | 1004.83 | 1005.24 |  998.89 |  988.35 |  997.39 | 1003.93 |  998.55 |  996.26 |  993.57 | 1005.23 |  999.13 | 1000.25 |  999.72 |  998.94 |  989.63 | 1005.95 | 1001.44 |  996.31 | 1005.81 | 1002.70 | 1000.07 |  988.46 | 1004.59 | 1004.51 | 1004.56 |  999.83 |  999.58 |  996.02 |  993.94 | 1001.28 | 1000.11 |
|       102 | 1002.57 | 1001.85 | 1006.90 | 1008.83 | 1003.86 |  996.00 |  996.30 | 1011.80 | 1002.91 | 1007.95 | 1003.02 | 1001.68 |  990.61 | 1002.13 |  997.70 | 1001.06 |  999.18 |  996.40 | 1007.85 | 1005.85 | 1003.17 | 1002.90 | 1004.13 |  990.34 | 1007.72 | 1003.84 | 1001.23 | 1007.04 | 1006.76 | 1005.18 |  990.72 | 1008.27 | 1007.06 | 1006.08 | 1004.59 | 1009.60 |  995.03 |  996.90 | 1005.47 | 1004.67 |
|       108 | 1005.57 | 1006.65 | 1007.29 | 1012.64 | 1010.65 | 1000.56 | 1000.52 | 1014.02 | 1011.07 | 1013.09 | 1006.58 | 1003.88 |  995.87 | 1006.27 |  995.89 | 1004.69 | 1005.58 |  999.49 | 1010.49 | 1013.43 | 1007.61 | 1008.11 | 1008.81 |  993.77 | 1011.16 | 1007.58 | 1006.63 | 1010.25 | 1013.14 | 1009.27 |  994.96 | 1012.05 | 1010.93 | 1010.56 | 1010.67 | 1013.22 |  996.50 | 1004.62 | 1011.12 | 1007.17 |
|       114 | 1011.60 | 1012.42 | 1011.02 | 1016.90 | 1017.69 | 1007.14 | 1005.75 | 1014.02 | 1017.12 | 1017.57 | 1011.71 | 1010.59 | 1000.37 | 1010.92 | 1000.56 | 1009.38 | 1012.81 | 1006.97 | 1014.17 | 1019.24 | 1014.89 | 1015.50 | 1013.62 | 1007.45 | 1019.17 | 1012.91 | 1013.49 | 1015.22 | 1017.72 | 1014.33 | 1005.00 | 1014.69 | 1016.32 | 1016.22 | 1017.47 | 1019.12 | 1000.32 | 1013.30 | 1016.98 | 1011.06 |
|       120 | 1017.86 | 1014.81 | 1014.29 | 1018.79 | 1020.79 | 1014.90 | 1010.75 | 1016.06 | 1020.26 | 1020.36 | 1013.68 | 1016.61 | 1008.89 | 1015.55 | 1008.28 | 1011.83 | 1018.18 | 1013.84 | 1018.77 | 1020.05 | 1019.66 | 1021.13 | 1018.34 | 1017.29 | 1024.72 | 1016.68 | 1016.28 | 1019.41 | 1017.59 | 1016.79 | 1011.44 | 1016.11 | 1018.71 | 1019.81 | 1022.49 | 1025.86 | 1004.82 | 1018.69 | 1019.78 | 1015.75 |
