# variable: Mean Sea Level Pressure
# units: hPa
# 
| fcst_hour |       1 |       2 |       3 |       4 |       5 |       6 |       7 |       8 |       9 |      10 |      11 |      12 |      13 |      14 |      15 |      16 |      17 |      18 |      19 |      20 |      21 |      22 |      23 |      24 |      25 |      26 |      27 |      28 |      29 |      30 |      31 |      32 |      33 |      34 |      35 |      36 |      37 |      38 |      39 |      40 |
|         0 | 1002.65 | 1003.29 | 1003.50 | 1003.05 | 1003.43 | 1003.80 | 1004.27 | 1003.39 | 1003.19 | 1003.61 | 1003.85 | 1002.41 | 1002.81 | 1003.53 | 1003.30 | 1003.05 | 1003.63 | 1004.70 | 1003.20 | 1003.43 | 1002.94 | 1002.24 | 1003.49 | 1003.49 | 1004.53 | 1003.63 | 1003.29 | 1003.83 | 1004.20 | 1003.56 | 1003.56 | 1004.18 | 1003.84 | 1002.98 | 1003.31 | 1004.71 | 1003.10 | 1003.39 | 1002.58 | 1005.04 |
|         1 | 1002.79 | 1003.73 | 1003.70 | 1002.99 | 1003.17 | 1003.69 | 1004.19 | 1003.53 | 1002.92 | 1003.80 | 1003.89 | 1002.66 | 1002.99 | 1003.52 | 1003.25 | 1003.03 | 1003.72 | 1004.96 | 1003.22 | 1003.43 | 1002.86 | 1002.06 | 1003.37 | 1003.35 | 1004.50 | 1003.69 | 1003.46 | 1003.86 | 1004.26 | 1003.35 | 1003.62 | 1004.50 | 1003.67 | 1003.11 | 1003.33 | 1004.48 | 1002.99 | 1003.43 | 1002.48 | 1004.88 |
|         2 | 1002.65 | 1003.31 | 1002.87 | 1002.67 | 1002.64 | 1002.91 | 1003.71 | 1002.89 | 1002.01 | 1003.64 | 1003.69 | 1002.52 | 1002.65 | 1002.87 | 1002.76 | 1002.76 | 1003.40 | 1004.44 | 1002.40 | 1002.85 | 1002.44 | 1001.31 | 1002.45 | 1003.40 | 1003.87 | 1003.08 | 1002.96 | 1003.07 | 1003.12 | 1002.86 | 1003.27 | 1003.89 | 1003.03 | 1002.72 | 1002.62 | 1003.88 | 1002.50 | 1002.85 | 1002.11 | 1004.40 |
|         3 | 1002.25 | 1002.95 | 1002.12 | 1001.89 | 1002.39 | 1002.05 | 1003.16 | 1002.28 | 1000.98 | 1003.26 | 1003.22 | 1002.31 | 1002.41 | 1002.37 | 1002.50 | 1002.34 | 1003.02 | 1003.63 | 1001.84 | 1002.19 | 1002.19 | 1000.88 | 1001.96 | 1002.78 | 1003.32 | 1002.70 | 1002.38 | 1002.55 | 1002.36 | 1002.41 | 1002.62 | 1003.32 | 1002.39 | 1002.00 | 1002.17 | 1003.18 | 1002.05 | 1001.96 | 1001.61 | 1003.52 |
|         4 | 1001.30 | 1002.43 | 1001.32 | 1001.18 | 1001.86 | 1001.42 | 1002.61 | 1001.40 | 1000.18 | 1002.68 | 1002.44 | 1001.60 | 1001.87 | 1001.39 | 1001.80 | 1001.61 | 1002.19 | 1002.94 | 1001.08 | 1001.46 | 1001.68 | 1000.05 | 1001.43 | 1001.95 | 1002.60 | 1002.12 | 1001.79 | 1001.87 | 1001.75 | 1001.46 | 1001.88 | 1002.54 | 1001.76 | 1001.45 | 1001.56 | 1002.35 | 1001.44 | 1001.17 | 1000.91 | 1002.82 |
|         5 | 1000.77 | 1002.16 | 1000.95 | 1000.62 | 1001.46 | 1001.15 | 1002.39 | 1001.23 | 1000.27 | 1002.13 | 1001.78 | 1001.36 | 1001.41 | 1001.15 | 1001.16 | 1001.52 | 1001.79 | 1002.73 | 1000.68 | 1000.96 | 1001.23 |  999.78 | 1001.42 | 1001.26 | 1002.00 | 1001.64 | 1001.46 | 1001.60 | 1001.26 | 1000.89 | 1001.61 | 1002.02 | 1001.33 | 1001.49 | 1001.16 | 1001.91 | 1001.24 | 1000.80 | 1000.48 | 1002.37 |
|         6 | 1000.59 | 1002.03 | 1000.72 | 1000.81 | 1001.29 | 1000.94 | 1002.16 | 1001.16 | 1000.10 | 1001.95 | 1001.50 | 1001.19 | 1001.07 | 1000.77 | 1000.84 | 1001.72 | 1001.66 | 1002.18 | 1000.49 | 1000.68 | 1000.87 |  999.67 | 1001.12 | 1001.03 | 1001.51 | 1001.24 | 1000.98 | 1001.53 | 1001.00 | 1000.42 | 1001.42 | 1001.83 | 1000.99 | 1001.43 | 1000.98 | 1001.88 | 1001.03 | 1000.83 | 1000.33 | 1002.03 |
|         7 | 1000.60 | 1001.92 | 1000.48 | 1000.80 | 1001.16 | 1000.66 | 1001.79 | 1001.12 | 1000.26 | 1002.23 | 1001.41 | 1001.09 | 1000.98 | 1000.60 | 1000.84 | 1002.02 | 1001.83 | 1002.03 | 1000.51 | 1000.92 | 1000.88 |  999.96 | 1001.27 | 1000.91 | 1001.22 | 1001.16 | 1000.74 | 1001.58 | 1000.53 | 1000.71 | 1001.61 | 1001.84 | 1001.09 | 1001.36 | 1001.27 | 1002.08 | 1000.70 | 1000.79 | 1000.07 | 1001.96 |
|         8 | 1000.79 | 1001.88 | 1000.46 | 1000.95 | 1001.11 | 1000.74 | 1001.63 | 1001.17 | 1000.66 | 1002.46 | 1001.62 | 1001.32 | 1001.07 | 1000.57 | 1001.00 | 1002.18 | 1002.10 | 1002.20 | 1000.66 | 1001.17 | 1001.02 |  999.96 | 1001.41 | 1000.94 | 1001.34 | 1001.35 | 1000.80 | 1001.59 | 1000.65 | 1001.25 | 1001.79 | 1002.03 | 1001.21 | 1001.41 | 1001.65 | 1002.27 | 1000.58 | 1001.01 | 1000.21 | 1001.87 |
|         9 | 1001.10 | 1001.93 | 1000.67 | 1001.22 | 1000.92 | 1000.84 | 1001.60 | 1001.45 | 1000.90 | 1002.80 | 1001.99 | 1001.35 | 1001.18 | 1000.63 | 1001.05 | 1002.35 | 1002.45 | 1002.74 | 1000.63 | 1001.40 | 1001.43 | 1000.36 | 1001.58 | 1001.21 | 1001.43 | 1001.53 | 1001.06 | 1001.86 | 1000.60 | 1001.44 | 1001.84 | 1002.01 | 1001.40 | 1001.77 | 1002.15 | 1002.51 | 1000.72 | 1001.08 | 1000.66 | 1001.91 |
|        10 | 1000.83 | 1001.54 | 1000.37 | 1001.40 | 1000.38 | 1000.66 | 1001.28 | 1001.19 | 1000.76 | 1002.45 | 1001.86 | 1000.90 | 1000.89 | 1000.46 | 1000.81 | 1002.09 | 1002.05 | 1002.63 | 1000.04 | 1000.91 | 1001.07 | 1000.08 | 1001.17 | 1000.91 | 1000.95 | 1001.27 | 1000.67 | 1001.52 | 1000.05 | 1000.88 | 1001.36 | 1001.82 | 1000.94 | 1001.70 | 1002.06 | 1002.07 | 1000.69 | 1000.95 | 1000.71 | 1001.51 |
|        11 | 1000.15 | 1001.02 |  999.72 | 1001.07 |  999.69 |  999.94 | 1000.46 | 1000.38 | 1000.35 | 1001.91 | 1001.17 | 1000.46 | 1000.15 |  999.92 | 1000.08 | 1001.54 | 1001.38 | 1001.94 |  999.12 | 1000.55 | 1000.42 |  999.47 | 1000.39 |  999.99 | 1000.12 | 1000.67 |  999.98 | 1000.76 |  999.18 |  999.78 | 1000.75 | 1001.01 |  999.89 | 1001.27 | 1001.53 | 1001.40 | 1000.27 | 1000.32 | 1000.18 | 1000.57 |
|        12 |  999.19 | 1000.16 |  998.79 | 1000.13 |  998.85 |  999.04 |  999.44 |  999.42 |  999.65 | 1001.40 | 1000.35 |  999.76 |  999.23 |  999.10 |  999.28 | 1000.69 | 1000.59 | 1000.89 |  998.33 |  999.64 |  999.63 |  998.93 |  999.49 |  998.92 |  999.09 |  999.97 |  999.33 |  999.84 |  998.38 |  998.96 | 1000.39 |  999.99 |  998.90 | 1000.72 | 1000.68 | 1000.44 |  999.34 |  999.60 |  999.66 |  999.61 |
|        13 |  998.86 |  999.56 |  998.36 |  999.91 |  998.68 |  998.85 |  998.90 |  999.16 |  999.31 | 1001.21 |  999.94 |  999.82 |  998.87 |  998.45 |  999.14 | 1000.54 | 1000.37 | 1000.51 |  998.14 |  998.74 |  999.28 |  999.02 |  999.45 |  998.54 |  998.70 |  999.47 |  998.87 |  999.69 |  998.24 |  998.68 | 1000.68 |  999.78 |  998.34 | 1000.75 | 1000.76 | 1000.37 |  998.77 |  999.39 |  999.42 |  999.13 |
|        14 |  998.29 |  998.58 |  997.82 |  999.73 |  998.01 |  998.50 |  997.93 |  998.89 |  999.00 | 1000.75 |  999.73 |  999.65 |  998.59 |  997.88 |  998.85 | 1000.14 |  999.94 | 1000.24 |  997.71 |  998.07 |  998.61 |  998.93 |  998.85 |  998.29 |  998.09 |  998.83 |  998.36 |  999.69 |  997.72 |  998.11 | 1000.38 |  999.16 |  997.86 | 1000.35 |  999.92 | 1000.06 |  998.21 |  998.80 |  998.64 |  998.76 |
|        15 |  998.41 |  998.03 |  997.92 |  999.72 |  997.65 |  998.53 |  997.87 |  998.77 |  998.93 | 1000.62 | 1000.06 |  999.25 |  998.59 |  997.61 |  998.59 | 1000.13 |  999.58 | 1000.27 |  997.49 |  997.94 |  998.25 |  999.13 |  998.77 |  998.30 |  997.82 |  998.71 |  998.13 | 1000.02 |  997.83 |  997.79 | 1000.30 |  998.54 |  997.46 | 1000.26 |  999.59 |  999.84 |  998.28 |  998.62 |  998.42 |  998.69 |
|        16 |  998.53 |  997.87 |  997.92 |  999.55 |  997.32 |  998.47 |  997.35 |  999.20 |  998.92 |  999.71 |  999.84 |  999.25 |  998.49 |  997.73 |  998.40 |  999.87 |  999.33 | 1000.03 |  997.35 |  997.88 |  998.33 |  999.24 |  998.76 |  998.00 |  997.41 |  998.42 |  997.93 |  999.94 |  997.95 |  998.45 | 1000.20 |  998.15 |  997.06 | 1000.03 |  999.38 |  999.41 |  998.50 |  998.38 |  998.49 |  998.61 |
|        17 |  998.17 |  997.44 |  997.52 |  999.60 |  996.88 |  998.45 |  996.69 |  999.11 |  998.16 | 1000.06 |  999.47 |  998.80 |  998.30 |  997.69 |  998.00 |  999.46 |  999.19 |  999.66 |  996.85 |  997.47 |  998.39 |  998.79 |  998.59 |  997.51 |  996.86 |  997.86 |  997.67 |  999.46 |  997.95 |  997.93 | 1000.25 |  998.13 |  996.88 |  999.52 |  999.20 |  999.38 |  998.34 |  997.98 |  997.98 |  998.26 |
|        18 |  997.63 |  997.16 |  997.86 |  999.73 |  996.91 |  998.64 |  996.18 |  999.22 |  998.13 | 1000.04 |  999.85 |  998.82 |  998.08 |  997.51 |  997.97 |  999.16 |  999.30 |  999.92 |  996.71 |  997.28 |  998.41 |  998.72 |  998.43 |  997.39 |  996.80 |  997.78 |  997.83 |  999.56 |  997.98 |  997.73 | 1000.21 |  998.05 |  996.49 |  999.53 |  999.24 |  999.44 |  997.95 |  997.81 |  998.10 |  998.02 |
|        19 |  997.33 |  996.61 |  997.29 |  999.49 |  996.49 |  998.67 |  995.95 |  998.90 |  997.95 |  999.78 |  999.40 |  998.70 |  997.39 |  997.20 |  997.84 |  998.76 |  999.17 |  999.80 |  996.50 |  996.61 |  997.98 |  998.64 |  998.11 |  997.10 |  996.52 |  997.33 |  997.19 |  999.84 |  997.59 |  997.54 | 1000.20 |  997.09 |  996.18 |  999.38 |  999.05 |  998.76 |  997.82 |  997.26 |  997.77 |  997.89 |
|        20 |  997.13 |  996.26 |  997.14 |  999.25 |  996.04 |  998.64 |  995.94 |  998.54 |  997.76 |  998.94 |  999.25 |  998.46 |  997.25 |  996.86 |  997.56 |  999.01 |  998.76 |  999.38 |  996.14 |  996.26 |  997.66 |  998.71 |  997.73 |  997.56 |  995.86 |  997.14 |  997.17 | 1000.15 |  997.60 |  997.37 |  999.83 |  996.87 |  995.69 |  999.04 |  998.55 |  998.49 |  997.94 |  996.93 |  997.96 |  997.51 |
|        21 |  997.03 |  996.49 |  997.55 |  998.74 |  995.88 |  998.46 |  996.01 |  998.61 |  997.83 |  998.76 |  999.16 |  998.45 |  996.91 |  996.59 |  997.66 |  999.12 |  998.79 |  999.20 |  996.26 |  996.24 |  997.53 |  998.62 |  997.69 |  997.86 |  995.80 |  996.86 |  997.08 | 1000.14 |  997.92 |  997.92 |  999.78 |  997.09 |  995.74 |  998.65 |  998.91 |  998.73 |  998.11 |  997.00 |  997.87 |  997.45 |
|        22 |  997.02 |  996.93 |  997.82 |  998.93 |  995.99 |  998.83 |  996.26 |  998.89 |  997.90 |  998.71 |  999.20 |  998.35 |  997.10 |  996.90 |  997.60 |  998.98 |  998.18 |  999.46 |  996.28 |  995.77 |  997.83 |  998.63 |  997.91 |  997.84 |  996.48 |  996.69 |  997.10 | 1000.28 |  998.29 |  998.14 | 1000.01 |  997.26 |  995.91 |  998.70 |  999.21 |  998.71 |  998.19 |  997.26 |  997.41 |  997.41 |
|        23 |  997.27 |  997.45 |  998.00 |  999.12 |  996.28 |  998.96 |  996.98 |  998.85 |  998.08 |  998.87 |  999.19 |  998.47 |  997.07 |  997.23 |  997.77 |  998.91 |  998.41 |  999.81 |  996.45 |  995.65 |  998.00 |  998.68 |  998.19 |  997.75 |  996.79 |  996.83 |  996.86 | 1000.98 |  998.61 |  998.61 | 1000.51 |  997.28 |  996.46 |  998.08 |  999.27 |  998.46 |  998.27 |  997.49 |  997.25 |  997.95 |
|        24 |  997.35 |  997.57 |  998.26 |  999.06 |  996.55 |  999.23 |  997.59 |  998.86 |  998.39 |  998.95 |  999.02 |  998.40 |  997.45 |  997.26 |  997.85 |  998.89 |  998.27 |  999.81 |  996.04 |  995.30 |  997.71 |  998.44 |  998.54 |  998.75 |  996.57 |  996.21 |  996.93 | 1001.37 |  998.74 |  998.83 | 1000.72 |  997.57 |  997.06 |  997.49 |  999.28 |  997.98 |  998.18 |  997.52 |  997.05 |  998.28 |
|        25 |  997.75 |  997.99 |  998.64 |  999.27 |  996.97 |  999.58 |  998.00 |  999.04 |  999.11 |  999.04 |  999.70 |  998.48 |  998.14 |  997.49 |  998.10 |  999.27 |  998.17 | 1000.05 |  996.65 |  995.22 |  997.97 |  998.38 |  999.14 |  998.64 |  997.31 |  996.88 |  996.91 | 1001.90 |  999.05 |  999.10 | 1000.77 |  997.82 |  997.42 |  997.28 |  999.29 |  997.88 |  997.73 |  998.25 |  997.15 |  998.38 |
|        26 |  997.83 |  997.96 |  999.58 |  999.47 |  997.66 |  999.96 |  998.52 |  999.36 |  999.40 |  999.67 | 1000.49 |  998.79 |  998.48 |  998.05 |  998.34 |  999.28 |  998.53 | 1000.56 |  996.77 |  995.19 |  998.15 |  998.61 |  999.58 |  998.92 |  997.39 |  997.13 |  997.22 | 1002.08 |  999.53 |  999.35 | 1000.95 |  997.89 |  998.30 |  997.30 |  999.90 |  997.79 |  998.78 |  998.60 |  997.29 |  999.08 |
|        27 |  998.58 |  998.49 |  999.71 |  999.43 |  998.00 | 1000.35 |  999.43 |  999.64 |  999.88 |  999.79 | 1000.78 |  999.14 |  998.65 |  998.88 |  998.74 |  999.97 |  998.70 | 1001.11 |  997.24 |  995.60 |  998.22 |  998.55 | 1000.26 |  999.18 |  997.84 |  997.63 |  997.61 | 1002.30 | 1000.11 |  999.92 | 1001.43 |  998.26 |  998.80 |  997.27 | 1000.30 |  997.99 |  998.98 |  998.95 |  997.61 |  999.79 |
|        28 |  998.99 |  998.97 | 1000.34 | 1000.44 |  998.71 | 1000.47 |  999.84 | 1000.04 | 1000.06 | 1000.35 | 1001.12 |  999.62 |  999.56 |  999.50 |  998.92 | 1000.44 |  999.53 | 1001.65 |  998.08 |  996.30 |  998.65 |  998.89 | 1001.00 |  999.74 |  998.69 |  998.01 |  997.87 | 1002.75 | 1000.68 | 1000.37 | 1001.88 |  998.65 |  999.34 |  997.74 | 1000.88 |  998.31 |  999.32 |  999.68 |  998.12 | 1000.35 |
|        29 |  999.56 |  999.46 | 1000.89 | 1000.82 |  999.36 | 1001.14 | 1000.19 | 1000.45 | 1000.79 | 1000.96 | 1001.58 | 1000.10 | 1000.42 | 1000.09 |  999.35 | 1001.15 | 1000.19 | 1002.07 |  998.66 |  997.15 |  999.35 |  999.40 | 1001.67 | 1000.30 |  999.10 |  998.52 |  998.37 | 1003.23 | 1001.26 | 1000.95 | 1002.15 |  999.13 | 1000.12 |  998.35 | 1001.41 |  998.59 |  999.97 | 1000.62 |  998.77 | 1001.13 |
|        30 | 1000.34 | 1000.20 | 1001.84 | 1000.87 | 1000.29 | 1001.96 | 1000.85 | 1001.12 | 1001.91 | 1001.64 | 1002.45 | 1000.78 | 1000.96 | 1000.96 | 1000.23 | 1002.02 | 1001.00 | 1002.65 |  999.28 |  997.81 | 1000.06 |  999.78 | 1002.60 | 1000.62 |  999.76 |  999.36 |  998.63 | 1003.81 | 1002.16 | 1001.65 | 1002.72 |  999.88 | 1000.92 |  999.12 | 1002.21 |  999.13 | 1000.79 | 1001.68 |  999.48 | 1002.00 |
|        31 | 1001.38 | 1001.05 | 1002.85 | 1001.77 | 1001.18 | 1002.86 | 1001.69 | 1002.14 | 1002.96 | 1002.31 | 1003.45 | 1001.72 | 1001.93 | 1001.92 | 1001.03 | 1003.04 | 1002.07 | 1003.62 | 1000.29 |  998.65 | 1000.67 | 1000.46 | 1003.61 | 1001.52 | 1000.48 | 1000.21 |  999.10 | 1004.72 | 1003.05 | 1002.27 | 1003.62 | 1000.79 | 1001.72 | 1000.05 | 1003.17 |  999.97 | 1001.88 | 1002.82 | 1000.17 | 1002.91 |
|        32 | 1002.30 | 1001.77 | 1003.90 | 1002.68 | 1002.00 | 1003.89 | 1002.37 | 1003.05 | 1003.80 | 1003.15 | 1004.53 | 1002.70 | 1002.98 | 1002.82 | 1001.87 | 1004.06 | 1003.17 | 1004.73 | 1001.49 |  999.63 | 1001.61 | 1001.13 | 1004.65 | 1002.41 | 1001.13 | 1001.28 |  999.88 | 1005.53 | 1004.11 | 1002.93 | 1004.75 | 1001.47 | 1002.70 | 1000.91 | 1004.00 | 1000.87 | 1003.04 | 1003.88 | 1000.89 | 1003.60 |
|        33 | 1003.13 | 1002.22 | 1004.69 | 1003.44 | 1002.66 | 1004.81 | 1002.76 | 1003.85 | 1004.56 | 1003.70 | 1005.52 | 1003.73 | 1003.83 | 1003.44 | 1002.63 | 1004.96 | 1003.97 | 1005.70 | 1002.41 | 1000.49 | 1002.52 | 1001.92 | 1005.42 | 1003.02 | 1001.84 | 1002.19 | 1000.69 | 1006.17 | 1004.96 | 1003.35 | 1005.44 | 1001.81 | 1003.77 | 1001.73 | 1004.58 | 1001.52 | 1003.99 | 1004.77 | 1001.70 | 1004.30 |
|        34 | 1003.71 | 1002.62 | 1005.17 | 1003.81 | 1003.06 | 1005.62 | 1003.10 | 1004.47 | 1005.22 | 1004.21 | 1006.10 | 1004.44 | 1004.26 | 1004.05 | 1003.16 | 1005.70 | 1004.26 | 1006.24 | 1002.93 | 1000.88 | 1003.13 | 1002.72 | 1005.93 | 1003.54 | 1002.30 | 1002.75 | 1001.26 | 1006.45 | 1005.68 | 1003.74 | 1005.81 | 1002.15 | 1004.47 | 1002.11 | 1004.98 | 1001.78 | 1004.63 | 1005.36 | 1002.20 | 1004.95 |
|        35 | 1003.89 | 1002.68 | 1005.62 | 1003.97 | 1003.20 | 1005.80 | 1003.25 | 1004.70 | 1005.49 | 1004.52 | 1006.13 | 1004.77 | 1004.34 | 1004.34 | 1003.39 | 1006.04 | 1004.29 | 1006.60 | 1003.30 | 1000.67 | 1003.39 | 1003.11 | 1006.34 | 1003.77 | 1002.29 | 1002.91 | 1001.60 | 1006.73 | 1006.04 | 1003.49 | 1005.73 | 1002.39 | 1004.57 | 1002.27 | 1005.03 | 1001.86 | 1004.87 | 1005.58 | 1002.39 | 1005.40 |
|        36 | 1004.18 | 1002.93 | 1006.36 | 1004.50 | 1003.38 | 1006.11 | 1003.66 | 1004.99 | 1005.64 | 1004.78 | 1006.07 | 1005.13 | 1004.74 | 1004.57 | 1003.74 | 1006.46 | 1004.37 | 1007.22 | 1003.65 | 1001.02 | 1003.72 | 1003.77 | 1006.71 | 1003.94 | 1002.53 | 1003.18 | 1002.02 | 1007.22 | 1006.35 | 1003.68 | 1005.83 | 1002.84 | 1004.78 | 1002.67 | 1005.40 | 1002.21 | 1005.09 | 1005.90 | 1002.70 | 1005.99 |
|        37 | 1004.66 | 1003.64 | 1007.32 | 1005.03 | 1003.69 | 1006.64 | 1004.18 | 1005.73 | 1006.04 | 1005.12 | 1006.36 | 1005.68 | 1005.28 | 1005.19 | 1004.29 | 1007.04 | 1004.85 | 1008.04 | 1003.95 | 1001.75 | 1004.23 | 1004.58 | 1007.25 | 1004.18 | 1002.92 | 1003.65 | 1002.60 | 1007.70 | 1006.78 | 1003.92 | 1006.39 | 1003.49 | 1004.99 | 1003.13 | 1005.85 | 1002.66 | 1005.51 | 1006.32 | 1003.16 | 1006.66 |
|        38 | 1005.32 | 1004.53 | 1008.29 | 1005.56 | 1004.13 | 1007.24 | 1004.66 | 1006.56 | 1006.62 | 1005.57 | 1007.16 | 1006.42 | 1005.86 | 1006.09 | 1004.93 | 1007.72 | 1005.61 | 1008.81 | 1004.39 | 1002.59 | 1004.98 | 1005.40 | 1007.87 | 1004.74 | 1003.30 | 1004.01 | 1003.28 | 1008.21 | 1007.57 | 1004.44 | 1007.03 | 1004.11 | 1005.46 | 1003.68 | 1006.47 | 1003.27 | 1006.02 | 1006.84 | 1003.77 | 1007.17 |
|        39 | 1006.12 | 1005.20 | 1009.13 | 1006.09 | 1004.78 | 1007.93 | 1004.81 | 1007.34 | 1007.30 | 1006.08 | 1008.05 | 1007.34 | 1006.60 | 1006.93 | 1005.72 | 1008.46 | 1006.45 | 1009.50 | 1004.99 | 1003.14 | 1005.79 | 1006.35 | 1008.55 | 1005.44 | 1003.81 | 1004.40 | 1003.90 | 1008.95 | 1008.47 | 1004.96 | 1007.56 | 1004.71 | 1005.85 | 1004.27 | 1007.18 | 1004.05 | 1006.74 | 1007.40 | 1004.34 | 1007.86 |
|        40 | 1006.81 | 1005.63 | 1009.78 | 1006.70 | 1005.47 | 1008.60 | 1004.94 | 1007.83 | 1007.77 | 1006.62 | 1008.64 | 1007.99 | 1007.17 | 1007.25 | 1006.11 | 1009.10 | 1007.11 | 1010.09 | 1005.34 | 1003.78 | 1006.47 | 1006.99 | 1009.25 | 1006.17 | 1004.27 | 1004.98 | 1004.51 | 1009.60 | 1009.60 | 1005.43 | 1008.04 | 1005.15 | 1006.35 | 1004.68 | 1008.00 | 1004.67 | 1007.41 | 1007.87 | 1004.69 | 1008.60 |
|        41 | 1007.42 | 1006.13 | 1010.58 | 1007.33 | 1006.23 | 1009.44 | 1005.36 | 1008.77 | 1008.43 | 1007.21 | 1009.12 | 1008.70 | 1007.52 | 1007.50 | 1006.58 | 1009.77 | 1007.70 | 1010.69 | 1005.83 | 1004.60 | 1007.36 | 1007.80 | 1010.15 | 1006.90 | 1004.88 | 1005.54 | 1005.07 | 1010.17 | 1010.60 | 1005.91 | 1008.51 | 1005.60 | 1006.92 | 1005.27 | 1008.72 | 1005.23 | 1007.87 | 1008.44 | 1005.10 | 1009.40 |
|        42 | 1008.14 | 1006.75 | 1011.52 | 1008.18 | 1006.76 | 1010.24 | 1005.80 | 1009.82 | 1009.20 | 1007.79 | 1009.59 | 1009.56 | 1007.89 | 1008.17 | 1007.27 | 1010.40 | 1008.28 | 1011.52 | 1006.70 | 1005.45 | 1008.09 | 1008.65 | 1011.08 | 1007.66 | 1005.64 | 1006.10 | 1005.67 | 1010.73 | 1011.37 | 1006.24 | 1008.93 | 1006.04 | 1007.44 | 1006.00 | 1009.21 | 1005.76 | 1008.35 | 1009.03 | 1005.59 | 1009.89 |
|        43 | 1008.76 | 1007.31 | 1012.16 | 1008.73 | 1007.18 | 1010.77 | 1006.24 | 1010.68 | 1009.89 | 1008.19 | 1010.11 | 1010.27 | 1008.33 | 1008.65 | 1007.98 | 1011.07 | 1008.98 | 1012.25 | 1007.55 | 1006.23 | 1008.84 | 1009.60 | 1011.72 | 1008.29 | 1006.21 | 1006.50 | 1006.23 | 1011.18 | 1012.10 | 1006.52 | 1009.43 | 1006.62 | 1007.83 | 1006.64 | 1009.72 | 1006.39 | 1008.92 | 1009.79 | 1005.96 | 1010.35 |
|        44 | 1009.25 | 1007.92 | 1012.62 | 1009.08 | 1007.12 | 1011.23 | 1006.44 | 1011.26 | 1010.20 | 1008.30 | 1010.40 | 1010.82 | 1008.94 | 1009.01 | 1008.33 | 1011.53 | 1009.59 | 1012.85 | 1008.10 | 1006.89 | 1009.53 | 1010.39 | 1012.14 | 1008.79 | 1006.54 | 1006.96 | 1006.76 | 1011.45 | 1012.62 | 1006.74 | 1009.62 | 1007.14 | 1007.75 | 1007.00 | 1010.07 | 1007.04 | 1009.31 | 1010.46 | 1006.05 | 1011.24 |
|        45 | 1009.64 | 1008.56 | 1012.96 | 1009.59 | 1007.13 | 1011.64 | 1006.54 | 1011.79 | 1010.41 | 1008.54 | 1010.69 | 1011.22 | 1009.42 | 1009.01 | 1008.70 | 1011.94 | 1010.09 | 1013.34 | 1008.40 | 1007.28 | 1010.03 | 1010.95 | 1012.63 | 1009.10 | 1006.82 | 1007.43 | 1007.17 | 1011.82 | 1013.08 | 1006.90 | 1009.66 | 1007.50 | 1007.59 | 1007.24 | 1010.33 | 1007.59 | 1009.67 | 1010.66 | 1006.25 | 1011.73 |
|        46 | 1009.99 | 1009.24 | 1013.29 | 1010.08 | 1007.77 | 1012.13 | 1006.73 | 1012.31 | 1010.67 | 1008.85 | 1011.21 | 1011.58 | 1009.91 | 1009.24 | 1009.13 | 1012.35 | 1010.44 | 1014.02 | 1008.67 | 1007.83 | 1010.56 | 1011.39 | 1013.05 | 1009.44 | 1007.14 | 1007.80 | 1007.61 | 1012.41 | 1013.83 | 1007.00 | 1009.96 | 1007.91 | 1007.96 | 1007.48 | 1010.67 | 1007.98 | 1010.07 | 1010.95 | 1006.66 | 1011.99 |
|        47 | 1010.30 | 1009.87 | 1013.68 | 1010.65 | 1008.41 | 1012.71 | 1006.89 | 1012.96 | 1011.04 | 1009.14 | 1011.84 | 1012.11 | 1010.07 | 1009.82 | 1009.50 | 1012.81 | 1010.82 | 1014.73 | 1009.11 | 1008.31 | 1011.04 | 1012.06 | 1013.43 | 1009.81 | 1007.51 | 1008.21 | 1008.10 | 1013.25 | 1014.53 | 1007.17 | 1010.61 | 1008.38 | 1008.36 | 1007.85 | 1011.14 | 1008.46 | 1010.53 | 1011.22 | 1007.13 | 1012.25 |
|        48 | 1010.64 | 1010.39 | 1014.25 | 1011.15 | 1008.87 | 1013.13 | 1006.90 | 1013.57 | 1011.43 | 1009.53 | 1012.17 | 1012.78 | 1010.14 | 1010.24 | 1009.77 | 1013.32 | 1011.23 | 1015.31 | 1009.56 | 1008.79 | 1011.59 | 1012.85 | 1013.96 | 1010.27 | 1007.91 | 1008.70 | 1008.40 | 1013.72 | 1014.97 | 1007.22 | 1011.00 | 1008.83 | 1008.70 | 1008.22 | 1011.75 | 1008.96 | 1010.86 | 1011.52 | 1007.34 | 1012.81 |
|        51 | 1011.90 | 1011.47 | 1016.07 | 1012.49 | 1009.75 | 1014.17 | 1007.23 | 1014.89 | 1012.68 | 1010.58 | 1013.08 | 1013.89 | 1010.62 | 1010.97 | 1010.72 | 1014.63 | 1012.21 | 1017.17 | 1011.32 | 1010.58 | 1013.57 | 1014.29 | 1015.86 | 1012.02 | 1009.03 | 1009.67 | 1009.09 | 1015.07 | 1016.23 | 1008.29 | 1011.64 | 1009.95 | 1009.25 | 1009.30 | 1012.67 | 1009.77 | 1012.08 | 1012.61 | 1007.47 | 1014.50 |
|        54 | 1012.64 | 1013.13 | 1017.38 | 1013.83 | 1011.03 | 1015.46 | 1007.68 | 1017.18 | 1013.96 | 1011.70 | 1014.34 | 1014.79 | 1011.11 | 1012.51 | 1011.25 | 1015.91 | 1013.10 | 1018.89 | 1012.91 | 1012.36 | 1015.50 | 1015.96 | 1017.44 | 1014.21 | 1009.68 | 1010.86 | 1009.60 | 1016.01 | 1017.54 | 1008.41 | 1012.13 | 1011.47 | 1010.50 | 1010.12 | 1013.77 | 1010.07 | 1013.61 | 1012.97 | 1008.01 | 1015.74 |
|        57 | 1013.57 | 1014.23 | 1018.69 | 1014.81 | 1013.04 | 1016.27 | 1008.35 | 1019.25 | 1015.20 | 1013.11 | 1015.58 | 1015.91 | 1011.94 | 1013.58 | 1011.75 | 1017.77 | 1013.44 | 1020.03 | 1014.64 | 1013.65 | 1017.38 | 1017.62 | 1018.60 | 1016.17 | 1011.10 | 1012.38 | 1010.01 | 1017.53 | 1018.45 | 1008.57 | 1012.51 | 1013.20 | 1011.94 | 1010.88 | 1015.19 | 1010.32 | 1015.64 | 1014.33 | 1008.21 | 1017.37 |
|        60 | 1013.93 | 1013.76 | 1018.70 | 1014.21 | 1012.82 | 1015.43 | 1007.82 | 1019.61 | 1014.55 | 1013.09 | 1015.27 | 1015.18 | 1011.61 | 1013.22 | 1011.09 | 1017.65 | 1012.67 | 1019.81 | 1014.44 | 1013.99 | 1017.80 | 1016.79 | 1018.35 | 1015.63 | 1011.25 | 1012.13 | 1008.69 | 1017.40 | 1017.49 | 1008.05 | 1011.24 | 1013.36 | 1011.35 | 1009.47 | 1014.84 | 1008.41 | 1016.03 | 1013.76 | 1007.30 | 1017.53 |
|        63 | 1014.02 | 1013.62 | 1018.64 | 1013.39 | 1013.55 | 1014.46 | 1007.73 | 1019.54 | 1014.87 | 1013.73 | 1015.21 | 1015.07 | 1011.03 | 1013.13 | 1010.28 | 1018.32 | 1012.75 | 1019.69 | 1013.91 | 1013.90 | 1018.21 | 1016.00 | 1017.43 | 1014.34 | 1011.56 | 1011.98 | 1007.76 | 1017.38 | 1016.82 | 1007.45 | 1010.63 | 1013.81 | 1011.61 | 1009.08 | 1014.59 | 1006.92 | 1016.31 | 1012.93 | 1006.23 | 1017.66 |
|        66 | 1015.31 | 1012.53 | 1017.98 | 1012.12 | 1013.46 | 1013.04 | 1007.86 | 1018.80 | 1014.54 | 1013.47 | 1015.12 | 1015.39 | 1011.43 | 1012.64 | 1010.14 | 1018.18 | 1013.08 | 1019.74 | 1013.06 | 1013.90 | 1017.61 | 1014.71 | 1016.46 | 1011.86 | 1012.29 | 1011.42 | 1007.38 | 1017.36 | 1015.66 | 1007.55 | 1009.85 | 1013.32 | 1012.05 | 1008.51 | 1013.54 | 1005.75 | 1016.22 | 1012.76 | 1004.95 | 1018.22 |
|        69 | 1016.29 | 1011.80 | 1016.72 | 1010.33 | 1012.78 | 1011.45 | 1008.77 | 1018.23 | 1014.18 | 1012.91 | 1014.88 | 1016.42 | 1011.69 | 1012.00 | 1009.67 | 1018.56 | 1013.87 | 1019.36 | 1011.46 | 1013.15 | 1017.04 | 1012.29 | 1014.02 | 1008.72 | 1013.78 | 1010.32 | 1007.35 | 1017.37 | 1014.47 | 1008.10 | 1009.40 | 1013.04 | 1012.74 | 1008.84 | 1012.31 | 1005.11 | 1016.07 | 1012.07 | 1004.88 | 1018.30 |
|        72 | 1017.21 | 1011.28 | 1014.70 | 1008.20 | 1011.31 | 1009.66 | 1009.85 | 1017.47 | 1014.03 | 1012.29 | 1014.61 | 1017.38 | 1011.59 | 1012.05 | 1009.66 | 1017.81 | 1014.19 | 1018.77 | 1009.67 | 1012.49 | 1014.53 | 1010.25 | 1011.56 | 1005.66 | 1014.18 | 1009.57 | 1007.88 | 1017.53 | 1012.91 | 1009.18 | 1009.31 | 1011.60 | 1013.10 | 1009.56 | 1009.95 | 1005.87 | 1015.17 | 1011.63 | 1005.44 | 1018.88 |
|        78 | 1019.60 | 1012.92 | 1011.65 | 1007.87 | 1007.23 | 1009.32 | 1012.38 | 1017.68 | 1015.49 | 1012.47 | 1015.88 | 1019.78 | 1013.68 | 1013.56 | 1010.75 | 1017.47 | 1016.39 | 1020.20 | 1008.61 | 1014.98 | 1010.73 | 1008.19 | 1008.77 | 1006.16 | 1015.67 | 1009.55 | 1010.37 | 1020.06 | 1013.02 | 1012.45 | 1012.00 | 1010.97 | 1015.56 | 1012.42 | 1006.64 | 1008.60 | 1013.77 | 1012.23 | 1008.13 | 1020.55 |
|        84 | 1020.59 | 1015.12 | 1011.63 | 1010.21 | 1006.36 | 1011.15 | 1014.59 | 1018.65 | 1015.60 | 1013.74 | 1017.04 | 1021.26 | 1015.11 | 1015.36 | 1011.68 | 1017.28 | 1017.02 | 1021.48 | 1009.58 | 1016.64 | 1012.79 | 1008.49 | 1009.93 | 1009.39 | 1014.87 | 1010.61 | 1012.93 | 1022.29 | 1013.65 | 1013.99 | 1014.89 | 1012.51 | 1017.16 | 1014.59 | 1006.79 | 1011.32 | 1012.17 | 1013.35 | 1010.47 | 1020.79 |
|        90 | 1019.96 | 1016.08 | 1010.37 | 1010.00 | 1009.15 | 1011.58 | 1016.16 | 1018.53 | 1013.26 | 1014.13 | 1017.07 | 1020.34 | 1014.89 | 1015.29 | 1011.99 | 1016.08 | 1016.75 | 1021.44 | 1010.08 | 1016.96 | 1014.72 | 1008.85 | 1011.06 | 1012.13 | 1014.28 | 1011.61 | 1013.92 | 1022.68 | 1012.50 | 1014.58 | 1016.02 | 1013.22 | 1017.76 | 1015.05 | 1008.28 | 1011.13 | 1010.18 | 1012.59 | 1009.90 | 1019.09 |
|        96 | 1018.60 | 1014.80 | 1006.32 | 1007.20 | 1012.08 | 1009.99 | 1015.56 | 1016.99 | 1010.26 | 1013.38 | 1015.28 | 1017.38 | 1013.53 | 1014.11 | 1010.27 | 1013.85 | 1014.82 | 1020.03 | 1009.33 | 1015.33 | 1013.93 | 1007.30 | 1009.20 | 1012.23 | 1013.32 | 1010.56 | 1013.39 | 1021.08 | 1009.73 | 1014.13 | 1015.83 | 1010.76 | 1017.22 | 1012.82 | 1008.01 | 1009.00 | 1007.74 | 1010.61 | 1005.68 | 1015.83 |
|       102 | 1015.28 | 1013.07 | 1003.27 | 1004.15 | 1012.70 | 1006.68 | 1014.31 | 1014.82 | 1008.34 | 1010.62 | 1013.21 | 1013.15 | 1011.71 | 1011.14 | 1007.87 | 1012.95 | 1013.41 | 1018.89 | 1007.95 | 1013.76 | 1011.50 | 1004.80 | 1005.08 | 1009.94 | 1010.55 | 1007.43 | 1012.02 | 1018.32 | 1008.04 | 1012.06 | 1013.84 | 1008.85 | 1016.23 | 1010.70 | 1007.43 | 1006.99 | 1006.23 | 1009.10 | 1004.92 | 1011.92 |
|       108 | 1013.39 | 1011.90 | 1002.44 | 1002.79 | 1013.48 | 1005.51 | 1014.99 | 1013.70 | 1007.36 | 1008.93 | 1011.33 | 1010.66 | 1011.12 | 1008.74 | 1006.65 | 1012.16 | 1012.53 | 1016.99 | 1007.00 | 1012.23 | 1008.58 | 1003.80 | 1002.31 | 1007.25 | 1008.42 | 1005.44 | 1011.33 | 1016.97 | 1007.22 | 1010.68 | 1012.93 | 1007.83 | 1015.32 | 1008.97 | 1006.44 | 1005.88 | 1006.73 | 1006.96 | 1006.80 | 1010.27 |
|       114 | 1013.19 | 1011.62 | 1004.31 | 1003.18 | 1014.37 | 1005.98 | 1016.20 | 1014.55 | 1009.28 | 1009.28 | 1010.89 | 1010.76 | 1010.98 | 1009.01 | 1006.98 | 1012.97 | 1013.31 | 1016.92 | 1007.20 | 1012.43 | 1007.22 | 1004.60 | 1000.64 | 1006.85 | 1007.68 | 1004.94 | 1010.69 | 1016.13 | 1006.30 | 1011.02 | 1011.83 | 1009.43 | 1016.26 | 1008.62 | 1006.44 | 1006.86 | 1009.41 | 1006.83 | 1007.15 | 1010.27 |
|       120 | 1014.13 | 1011.19 | 1005.61 | 1003.31 | 1015.66 | 1005.89 | 1017.04 | 1015.95 | 1011.27 | 1009.10 | 1010.10 | 1012.17 | 1010.85 | 1009.88 | 1006.83 | 1013.69 | 1012.84 | 1016.62 | 1007.74 | 1013.13 | 1006.40 | 1004.40 |  999.08 | 1007.29 | 1007.04 | 1005.15 | 1010.77 | 1015.79 | 1005.14 | 1011.63 | 1010.44 | 1010.34 | 1016.84 | 1008.81 | 1003.93 | 1007.89 | 1011.18 | 1007.72 | 1004.16 | 1010.70 |
