# variable: Direct Downward Shortwave Radiation, Average of Time Interval before fcst_hour
# units: W/m^2
# 
| fcst_hour |      1 |      2 |      3 |      4 |      5 |      6 |      7 |      8 |      9 |     10 |     11 |     12 |     13 |    14 |     15 |    16 |     17 |     18 |     19 |     20 |     21 |     22 |     23 |     24 |     25 |    26 |     27 |     28 |     29 |     30 |     31 |     32 |     33 |     34 |     35 |     36 |    37 |     38 |     39 |     40 |
|         1 |      0 |      0 |      0 |      0 |      0 |      0 |      0 |      0 |      0 |      0 |      0 |      0 |      0 |     0 |      0 |     0 |      0 |      0 |      0 |      0 |      0 |      0 |      0 |      0 |      0 |     0 |      0 |      0 |      0 |      0 |      0 |      0 |      0 |      0 |      0 |      0 |     0 |      0 |      0 |      0 |
|         2 |      0 |      0 |      0 |      0 |      0 |      0 |      0 |      0 |      0 |      0 |      0 |      0 |      0 |     0 |      0 |     0 |      0 |      0 |      0 |      0 |      0 |      0 |      0 |      0 |      0 |     0 |      0 |      0 |      0 |      0 |      0 |      0 |      0 |      0 |      0 |      0 |     0 |      0 |      0 |      0 |
|         3 |      0 |      0 |      0 |      0 |      0 |      0 |      0 |      0 |      0 |      0 |      0 |      0 |      0 |     0 |      0 |     0 |      0 |      0 |      0 |      0 |      0 |      0 |      0 |      0 |      0 |     0 |      0 |      0 |      0 |      0 |      0 |      0 |      0 |      0 |      0 |      0 |     0 |      0 |      0 |      0 |
|         4 |      0 |      0 |      0 |      0 |      0 |      0 |      0 |      0 |      0 |      0 |      0 |      0 |      0 |     0 |      0 |     0 |      0 |      0 |      0 |      0 |      0 |      0 |      0 |      0 |      0 |     0 |      0 |      0 |      0 |      0 |      0 |      0 |      0 |      0 |      0 |      0 |     0 |      0 |      0 |      0 |
|         5 |      0 |      0 |      0 |      0 |      0 |      0 |      0 |      0 |      0 |      0 |      0 |      0 |      0 |     0 |      0 |     0 |      0 |      0 |      0 |      0 |      0 |      0 |      0 |      0 |      0 |     0 |      0 |      0 |      0 |      0 |      0 |      0 |      0 |      0 |      0 |      0 |     0 |      0 |      0 |      0 |
|         6 |      0 |      0 |      0 |      0 |      0 |      0 |      0 |      0 |      0 |      0 |      0 |      0 |      0 |     0 |      0 |     0 |      0 |      0 |      0 |      0 |      0 |      0 |      0 |      0 |      0 |     0 |      0 |      0 |      0 |      0 |      0 |      0 |      0 |      0 |      0 |      0 |     0 |      0 |      0 |      0 |
|         7 |   0.30 |      0 |   0.10 |   0.20 |      0 |      0 |   0.40 |   0.20 |   0.30 |      0 |   0.30 |      0 |   0.20 |     0 |   0.10 |     0 |   0.20 |   0.20 |   0.20 |   0.20 |   0.20 |      0 |      0 |   0.10 |      0 |     0 |      0 |   0.10 |   0.10 |      0 |      0 |      0 |      0 |   0.10 |   0.10 |   0.20 |  0.10 |   0.10 |   0.10 |      0 |
|         8 |   2.20 |   0.20 |   2.60 |      0 |      0 |   2.60 |   5.90 |   3.80 |   1.80 |   1.10 |   0.40 |   4.20 |   2.80 |  2.90 |   1.10 |  4.20 |   7.30 |   3.00 |   0.10 |   2.40 |   4.40 |   1.40 |   5.80 |   0.40 |   1.80 |  0.80 |   1.80 |   1.40 |   2.60 |   3.20 |   1.10 |   1.80 |      0 |   1.80 |   4.60 |   1.30 |  1.20 |   2.90 |   2.00 |   4.00 |
|         9 |   5.20 |  13.90 |   4.20 |   7.60 |  13.50 |  22.80 |  16.30 |  20.00 |   1.00 |  11.60 |  12.90 |   7.80 |  18.10 | 18.90 |  12.70 | 14.10 |  33.60 |   4.40 |  10.60 |  11.70 |  43.20 |  14.50 |  21.40 |   2.50 |   8.00 | 18.30 |  11.50 |  10.80 |  21.90 |  26.80 |   5.20 |  21.00 |   2.20 |   7.90 |  20.70 |  13.10 | 10.30 |  21.60 |   8.20 |  15.30 |
|        10 |  11.20 |  46.10 |   1.50 |  78.70 |  53.40 |  42.00 |  32.80 |  76.50 |  12.20 |  37.40 |  53.60 |  31.60 |  50.00 | 39.00 |  16.50 | 27.00 | 138.90 |   9.90 |  40.20 |  27.20 |  96.70 |  85.50 |  62.30 |   8.90 |  62.40 | 68.50 |  23.40 |  24.60 |  74.80 |  75.60 |   6.60 |  84.40 |   4.20 |  10.20 |  63.50 |  46.00 | 10.40 |  56.60 |  22.20 |  48.60 |
|        11 |  42.60 | 107.90 |   8.10 | 177.10 | 105.30 |  98.90 | 110.60 | 137.80 |  53.60 | 127.20 | 144.50 | 108.80 | 129.90 | 90.50 |  76.00 | 27.10 | 204.10 |  50.00 | 122.90 |  78.80 | 128.70 | 183.10 |  82.80 |  13.20 | 167.70 | 76.90 |  67.10 |  44.60 | 128.60 | 147.40 |  56.20 | 108.90 |  30.00 |  31.50 | 149.70 |  72.00 | 30.20 | 105.80 |  96.90 | 110.90 |
|        12 |  79.40 | 177.40 |  51.70 | 186.60 | 120.00 | 163.00 | 169.80 | 195.00 |  77.40 | 190.20 | 176.30 | 186.70 | 186.20 | 94.40 | 110.30 | 42.30 | 162.10 |  46.40 | 186.00 | 104.00 |  99.50 | 198.60 | 121.80 |  45.30 | 137.80 | 77.20 |  91.10 |  67.80 | 164.20 | 176.60 |  95.80 |  61.20 |  24.40 |  53.40 | 192.10 |  87.30 | 75.70 | 124.60 | 167.80 | 165.50 |
|        13 | 105.10 | 136.60 |  45.40 | 140.60 |  88.00 | 160.10 | 152.20 | 160.80 |  94.90 | 158.60 | 139.10 | 145.50 | 147.90 | 79.90 | 124.70 | 30.50 |  80.10 |  36.10 | 153.30 |  64.80 |  61.00 | 150.50 | 106.30 |  36.90 |  71.30 | 26.10 | 118.50 |  75.70 | 146.80 | 139.20 |  84.80 |  11.80 |  25.10 |  84.50 | 159.10 | 116.60 | 75.40 | 113.30 | 115.00 | 152.60 |
|        14 |  68.80 |  69.20 |  20.10 |  59.20 |  37.00 |  86.30 |  87.30 |  89.80 |  69.70 |  89.00 |  53.50 |  70.40 |  71.60 | 55.20 |  72.10 | 15.00 |  31.50 |  13.00 |  82.20 |  31.00 |  16.70 |  79.90 |  37.60 |  16.60 |  16.30 |  4.10 |  86.90 |  63.20 |  70.40 |  72.10 |  36.70 |   9.30 |  30.50 |  72.80 |  90.50 |  81.90 | 34.20 |  74.00 |  54.50 |  64.40 |
|        15 |  13.80 |  10.00 |   4.40 |   6.90 |   7.30 |  13.80 |  20.60 |  19.90 |  11.70 |  20.00 |   8.40 |  12.10 |  14.90 | 16.50 |  14.90 |  4.10 |   5.60 |   1.30 |  11.80 |   3.10 |   2.90 |  18.00 |   5.70 |   5.70 |   0.90 |  0.60 |  21.00 |  18.60 |  14.70 |  13.10 |   6.50 |   2.50 |   9.00 |  17.80 |  21.40 |  18.30 |  5.00 |  15.50 |  12.00 |  10.80 |
|        16 |   0.20 |      0 |   0.10 |      0 |   0.10 |      0 |   0.20 |   0.30 |      0 |   0.10 |      0 |   0.20 |   0.10 |  0.10 |   0.20 |     0 |   0.10 |      0 |      0 |      0 |      0 |   0.10 |   0.10 |      0 |      0 |     0 |   0.20 |   0.20 |   0.10 |   0.10 |   0.10 |      0 |   0.10 |   0.20 |   0.20 |   0.20 |     0 |   0.20 |   0.30 |      0 |
|        17 |      0 |   0.10 |      0 |      0 |      0 |      0 |   0.10 |      0 |   0.10 |      0 |      0 |      0 |   0.10 |     0 |      0 |     0 |      0 |      0 |   0.10 |      0 |      0 |      0 |      0 |      0 |      0 |     0 |      0 |   0.10 |      0 |      0 |      0 |   0.10 |      0 |      0 |      0 |      0 |     0 |      0 |      0 |      0 |
|        18 |      0 |      0 |      0 |      0 |      0 |      0 |      0 |      0 |      0 |      0 |      0 |      0 |      0 |     0 |      0 |     0 |      0 |      0 |      0 |   0.10 |      0 |      0 |      0 |      0 |      0 |     0 |      0 |      0 |      0 |      0 |      0 |      0 |      0 |      0 |      0 |      0 |  0.10 |      0 |      0 |      0 |
|        19 |      0 |      0 |      0 |      0 |      0 |      0 |      0 |      0 |      0 |      0 |   0.10 |      0 |      0 |     0 |      0 |     0 |      0 |      0 |      0 |      0 |      0 |      0 |      0 |      0 |      0 |     0 |      0 |      0 |      0 |      0 |      0 |      0 |      0 |      0 |      0 |      0 |     0 |      0 |      0 |      0 |
|        20 |      0 |      0 |      0 |      0 |      0 |      0 |      0 |      0 |      0 |      0 |      0 |      0 |      0 |     0 |      0 |  0.10 |      0 |      0 |      0 |      0 |      0 |      0 |      0 |      0 |      0 |     0 |      0 |      0 |      0 |      0 |      0 |      0 |   0.10 |   0.10 |      0 |      0 |     0 |      0 |      0 |      0 |
|        21 |      0 |      0 |      0 |      0 |      0 |      0 |      0 |      0 |   0.10 |      0 |      0 |      0 |   0.10 |     0 |      0 |     0 |      0 |      0 |      0 |      0 |      0 |      0 |      0 |      0 |      0 |     0 |      0 |      0 |      0 |   0.10 |      0 |      0 |      0 |      0 |      0 |      0 |  0.10 |      0 |      0 |   0.10 |
|        22 |      0 |      0 |      0 |      0 |      0 |      0 |      0 |      0 |      0 |      0 |      0 |      0 |      0 |     0 |      0 |     0 |      0 |      0 |      0 |      0 |      0 |      0 |      0 |      0 |      0 |     0 |      0 |      0 |      0 |      0 |      0 |   0.10 |      0 |      0 |      0 |      0 |     0 |      0 |      0 |      0 |
|        23 |      0 |      0 |   0.10 |      0 |      0 |      0 |      0 |      0 |      0 |      0 |      0 |      0 |      0 |     0 |      0 |     0 |      0 |      0 |      0 |      0 |      0 |      0 |      0 |   0.10 |      0 |     0 |      0 |      0 |   0.10 |      0 |      0 |      0 |   0.10 |   0.10 |      0 |      0 |     0 |      0 |      0 |      0 |
|        24 |      0 |      0 |      0 |   0.10 |      0 |      0 |      0 |      0 |      0 |      0 |      0 |      0 |      0 |     0 |      0 |     0 |   0.10 |      0 |      0 |      0 |      0 |      0 |   0.10 |      0 |      0 |     0 |      0 |      0 |      0 |      0 |      0 |   0.10 |      0 |      0 |      0 |   0.10 |     0 |      0 |      0 |      0 |
|        25 |      0 |      0 |      0 |      0 |      0 |      0 |      0 |      0 |      0 |      0 |      0 |      0 |      0 |  0.10 |   0.10 |     0 |      0 |      0 |      0 |   0.10 |      0 |      0 |      0 |      0 |      0 |     0 |   0.10 |      0 |      0 |      0 |      0 |      0 |      0 |      0 |   0.10 |      0 |     0 |      0 |      0 |      0 |
|        26 |      0 |      0 |      0 |      0 |      0 |      0 |      0 |      0 |      0 |      0 |   0.10 |      0 |      0 |     0 |      0 |  0.10 |      0 |      0 |      0 |      0 |      0 |      0 |   0.10 |      0 |   0.10 |     0 |      0 |      0 |      0 |      0 |      0 |   0.10 |      0 |      0 |      0 |      0 |  0.10 |   0.10 |   0.10 |      0 |
|        27 |   0.10 |      0 |      0 |   0.10 |   0.10 |      0 |      0 |   0.10 |      0 |      0 |      0 |      0 |      0 |     0 |      0 |     0 |      0 |      0 |      0 |      0 |      0 |      0 |      0 |      0 |      0 |     0 |      0 |      0 |      0 |   0.10 |      0 |      0 |   0.10 |      0 |      0 |      0 |     0 |      0 |      0 |   0.10 |
|        28 |      0 |      0 |      0 |      0 |      0 |   0.10 |   0.10 |      0 |      0 |      0 |      0 |      0 |   0.10 |  0.10 |      0 |     0 |      0 |   0.10 |   0.10 |      0 |      0 |   0.10 |      0 |      0 |      0 |     0 |      0 |      0 |      0 |      0 |      0 |      0 |      0 |   0.10 |   0.10 |      0 |     0 |      0 |      0 |      0 |
|        29 |   0.10 |      0 |      0 |      0 |      0 |      0 |      0 |      0 |      0 |      0 |   0.10 |      0 |      0 |     0 |      0 |     0 |      0 |      0 |      0 |      0 |   0.10 |      0 |      0 |      0 |      0 |     0 |      0 |      0 |      0 |      0 |      0 |      0 |      0 |      0 |      0 |      0 |  0.10 |      0 |      0 |      0 |
|        30 |      0 |      0 |   0.10 |      0 |      0 |      0 |      0 |      0 |   0.10 |      0 |      0 |      0 |      0 |     0 |      0 |     0 |      0 |      0 |      0 |      0 |      0 |      0 |      0 |      0 |      0 |     0 |      0 |      0 |      0 |   0.10 |      0 |   0.10 |      0 |   0.10 |   0.10 |   0.10 |     0 |   0.10 |      0 |      0 |
|        31 |   0.40 |   0.10 |   0.70 |   0.10 |   0.20 |   0.10 |   1.00 |   0.50 |   0.50 |      0 |   0.10 |      0 |   0.30 |  0.40 |      0 |     0 |   0.10 |   0.40 |   0.10 |      0 |   0.70 |   0.80 |   0.40 |   0.70 |      0 |  0.20 |   0.10 |   0.10 |   0.20 |   0.60 |   0.10 |   0.30 |   0.20 |   0.40 |      0 |      0 |  0.50 |   0.30 |      0 |   0.80 |
|        32 |   4.00 |   1.00 |   9.90 |   2.40 |   1.60 |   2.80 |  12.10 |   4.70 |  12.30 |   2.20 |   5.60 |   0.20 |   3.70 |  6.80 |   1.10 |  0.70 |   0.70 |  11.90 |   3.80 |   0.20 |   8.40 |  10.80 |   8.20 |  10.10 |   1.50 |  7.10 |   7.00 |      0 |   6.40 |   9.00 |   7.60 |   7.10 |   2.90 |   9.90 |   1.10 |   7.20 |  3.30 |   3.50 |   2.80 |   4.70 |
|        33 |  17.90 |  16.50 |  38.80 |  16.00 |   4.40 |   4.70 |  46.00 |  26.30 |  76.00 |  11.80 |  23.50 |   2.10 |  17.50 | 29.30 |  19.00 | 11.30 |   2.70 |  47.20 |   9.40 |   3.90 |  57.90 |  38.60 |  35.00 |  47.80 |   4.60 | 19.30 |  32.60 |   3.90 |  31.20 |  46.00 |  16.40 |  25.50 |  23.40 |  57.30 |  28.40 |  20.60 |  4.60 |  13.20 |  13.90 |  22.70 |
|        34 |  24.10 |  34.00 |  46.20 |  50.70 |   3.10 |  19.00 | 119.90 | 106.00 | 153.40 |  27.10 |  54.70 |   5.40 |  58.70 | 42.20 |  44.90 | 22.70 |  23.80 |  67.10 |  39.90 |   4.90 | 143.30 |  90.20 |  76.80 | 118.90 |  27.60 | 20.50 |  70.20 |   9.00 |  76.00 | 103.60 |  66.10 |  56.50 |  69.60 | 123.40 |  24.70 |  41.70 |  3.80 |  18.90 |  33.60 |  64.10 |
|        35 |  31.40 |  57.10 |  77.30 |  68.00 |   9.60 |  45.60 | 206.10 | 177.50 | 148.10 |  48.60 | 119.90 |  18.30 | 112.80 | 40.50 |  52.40 | 46.20 |  40.40 |  81.30 |  82.20 |   3.30 | 187.30 | 200.70 | 104.50 | 185.00 |  65.00 | 24.40 | 119.70 |   1.80 | 136.10 | 124.70 | 134.00 |  86.70 | 139.40 | 171.60 |  72.70 |  67.30 | 10.40 |  24.90 |  85.60 | 113.70 |
|        36 |  58.70 |  98.00 |  93.70 |  75.80 |  64.30 |  80.20 | 203.50 | 194.20 | 147.60 |  77.90 | 195.10 |  59.80 | 177.00 | 39.50 |  58.10 | 72.40 |  34.30 |  90.90 |  95.20 |  14.10 | 197.60 | 204.20 | 103.90 | 192.70 |  92.50 | 47.90 | 150.90 |   9.20 | 118.10 | 133.40 | 181.40 | 142.30 | 167.00 | 190.90 | 161.90 |  56.50 | 39.10 |  20.00 | 107.60 | 137.50 |
|        37 |  43.40 | 116.90 |  61.00 |  69.00 |  80.40 |  83.90 | 158.40 | 158.70 | 153.40 |  95.90 | 164.30 |  75.10 | 156.30 | 17.90 |  44.80 | 60.70 |  10.30 | 111.70 |  66.50 |   7.40 | 163.20 | 162.40 |  79.00 | 157.90 | 117.10 | 37.60 | 129.10 |   6.30 |  98.50 | 133.70 | 142.00 | 155.20 | 149.40 | 159.50 | 130.10 |  17.20 | 62.90 |  19.90 |  98.10 | 112.00 |
|        38 |  22.20 |  93.80 |  51.60 |  50.50 |  71.70 |  80.10 |  88.60 |  87.40 |  90.20 |  70.80 |  92.60 |  52.00 |  91.60 | 22.00 |  37.90 | 36.90 |   0.90 |  87.70 |  42.90 |  25.80 |  93.60 |  91.40 |  35.60 |  94.60 |  88.30 | 22.20 |  67.90 |   3.20 |  76.10 |  85.90 |  70.50 |  92.20 |  93.10 |  92.30 |  52.60 |  15.30 | 63.70 |  32.10 |  58.20 |  68.00 |
|        39 |   5.00 |  22.40 |  13.60 |  16.60 |  16.50 |  22.90 |  19.40 |  19.70 |  21.30 |  19.30 |  19.50 |  17.90 |  22.10 |  6.70 |  13.20 | 10.80 |   1.20 |  21.10 |  16.40 |   8.10 |  22.80 |  21.50 |   6.60 |  23.00 |  21.20 |  4.40 |  14.10 |   1.30 |  21.60 |  20.90 |  18.20 |  21.90 |  22.30 |  21.30 |  10.30 |   3.40 | 19.60 |   9.60 |  15.80 |  19.40 |
|        40 |   0.10 |   0.20 |   0.20 |   0.20 |   0.20 |   0.20 |   0.20 |   0.10 |   0.10 |   0.20 |   0.10 |   0.20 |   0.20 |  0.10 |   0.30 |  0.10 |   0.10 |   0.20 |   0.20 |   0.20 |   0.10 |   0.10 |   0.10 |   0.20 |   0.20 |     0 |   0.20 |      0 |   0.20 |   0.20 |   0.20 |   0.10 |   0.20 |   0.10 |      0 |   0.10 |  0.10 |   0.10 |   0.10 |   0.20 |
|        41 |      0 |      0 |      0 |      0 |   0.10 |      0 |      0 |      0 |   0.10 |   0.10 |      0 |      0 |      0 |     0 |      0 |     0 |   0.10 |      0 |      0 |      0 |   0.10 |   0.10 |      0 |      0 |      0 |     0 |      0 |      0 |   0.10 |      0 |      0 |   0.10 |   0.10 |      0 |      0 |      0 |  0.10 |      0 |   0.10 |      0 |
|        42 |   0.10 |   0.10 |      0 |      0 |      0 |      0 |      0 |      0 |      0 |      0 |      0 |      0 |      0 |     0 |      0 |  0.10 |      0 |      0 |   0.10 |      0 |   0.10 |      0 |   0.10 |      0 |      0 |     0 |   0.10 |      0 |      0 |      0 |      0 |      0 |      0 |   0.10 |      0 |      0 |     0 |      0 |      0 |      0 |
|        43 |      0 |      0 |      0 |   0.10 |      0 |      0 |   0.10 |   0.10 |   0.10 |      0 |      0 |      0 |   0.10 |  0.10 |      0 |  0.10 |   0.10 |      0 |      0 |      0 |      0 |      0 |      0 |      0 |   0.10 |  0.10 |      0 |   0.10 |   0.10 |      0 |      0 |      0 |      0 |      0 |      0 |      0 |     0 |      0 |      0 |      0 |
|        44 |      0 |      0 |      0 |      0 |      0 |      0 |      0 |      0 |      0 |      0 |      0 |      0 |      0 |     0 |   0.10 |     0 |      0 |   0.10 |   0.10 |      0 |   0.10 |      0 |      0 |      0 |      0 |     0 |      0 |      0 |      0 |      0 |      0 |      0 |   0.10 |      0 |      0 |      0 |     0 |      0 |      0 |      0 |
|        45 |   0.10 |   0.10 |      0 |      0 |   0.10 |      0 |   0.10 |      0 |   0.10 |      0 |   0.10 |      0 |      0 |     0 |      0 |     0 |   0.10 |   0.10 |      0 |   0.10 |      0 |      0 |      0 |      0 |   0.10 |     0 |      0 |      0 |      0 |   0.10 |      0 |      0 |   0.10 |      0 |      0 |      0 |     0 |      0 |      0 |      0 |
|        46 |   0.10 |      0 |   0.10 |   0.10 |      0 |   0.20 |      0 |      0 |      0 |   0.10 |      0 |      0 |      0 |  0.10 |   0.10 |     0 |      0 |      0 |      0 |   0.10 |      0 |      0 |   0.10 |      0 |   0.10 |     0 |   0.10 |   0.10 |      0 |      0 |      0 |      0 |      0 |      0 |   0.10 |   0.10 |     0 |      0 |   0.10 |      0 |
|        47 |      0 |      0 |      0 |      0 |      0 |      0 |      0 |      0 |      0 |      0 |   0.10 |   0.10 |      0 |     0 |      0 |  0.10 |      0 |      0 |      0 |      0 |      0 |      0 |      0 |   0.10 |      0 |     0 |      0 |   0.10 |      0 |   0.10 |      0 |      0 |   0.20 |      0 |      0 |      0 |  0.10 |      0 |      0 |      0 |
|        48 |      0 |      0 |   0.10 |      0 |      0 |      0 |   0.10 |      0 |   0.10 |      0 |      0 |      0 |      0 |  0.10 |      0 |     0 |   0.10 |      0 |   0.10 |   0.10 |   0.10 |      0 |   0.10 |      0 |   0.10 |  0.10 |      0 |      0 |      0 |      0 |   0.10 |      0 |      0 |      0 |   0.10 |      0 |     0 |   0.10 |      0 |      0 |
|        51 |      0 |      0 |      0 |      0 |      0 |      0 |      0 |      0 |      0 |      0 |      0 |      0 |      0 |     0 |      0 |     0 |      0 |      0 |      0 |      0 |      0 |      0 |      0 |      0 |      0 |     0 |      0 |      0 |      0 |      0 |      0 |   0.10 |      0 |      0 |      0 |      0 |     0 |      0 |      0 |      0 |
|        54 |      0 |      0 |      0 |      0 |      0 |      0 |      0 |      0 |      0 |      0 |      0 |      0 |      0 |     0 |      0 |     0 |      0 |      0 |      0 |      0 |      0 |      0 |      0 |      0 |      0 |     0 |      0 |      0 |      0 |      0 |      0 |      0 |      0 |      0 |      0 |      0 |     0 |      0 |      0 |      0 |
|        57 |   1.30 |  13.90 |   0.80 |   2.70 |   3.10 |  12.20 |   0.10 |  19.20 |   1.30 |      0 |      0 |   8.70 |   2.60 |  2.40 |   0.90 | 10.40 |   0.50 |   0.60 |   6.90 |   6.10 |   1.40 |   0.20 |   0.10 |      0 |   7.50 |  5.70 |   0.40 |   0.20 |   0.20 |   1.70 |   0.40 |   2.10 |   1.00 |   0.20 |  11.60 |   0.80 |  5.20 |      0 |   1.90 |  15.10 |
|        60 |  98.10 |  39.30 |   2.20 |   1.80 |  27.10 |  59.30 |   2.70 |  43.00 |  81.50 |   0.40 |   5.40 |  40.10 |   1.90 |  7.70 |  50.40 | 31.00 |   4.30 |   1.70 |  25.90 |  47.80 |  17.60 |   0.30 |   2.40 |  11.60 |  62.20 | 52.60 |   1.40 |   0.80 |   5.60 |  23.90 |  61.60 |  13.00 |   4.50 |   4.70 |  70.50 |   3.80 | 34.80 |  17.80 |   3.30 |  95.40 |
|        63 |  26.60 |  21.50 |      0 |   1.10 |   2.60 |  19.00 |   1.40 |  20.60 |  81.50 |   0.50 |   1.60 |  27.50 |   9.20 |  0.30 |  28.00 |  6.70 |   0.60 |   0.40 |   1.10 |   5.50 |  18.20 |   1.90 |   3.50 |   4.20 |  16.90 | 15.40 |   2.90 |   0.50 |  28.60 |  10.30 |  30.90 |  16.30 |   0.70 |   0.90 |  26.10 |   1.10 | 42.20 |  10.30 |   2.90 |   5.80 |
|        66 |      0 |      0 |      0 |      0 |      0 |      0 |      0 |      0 |   0.10 |      0 |      0 |   0.10 |   0.10 |     0 |      0 |     0 |      0 |   0.10 |   0.10 |      0 |      0 |      0 |      0 |      0 |      0 |     0 |   0.10 |      0 |      0 |      0 |      0 |      0 |      0 |      0 |      0 |      0 |  0.10 |      0 |   0.10 |      0 |
|        69 |      0 |   0.10 |      0 |      0 |   0.10 |      0 |      0 |      0 |      0 |      0 |   0.10 |      0 |      0 |     0 |      0 |     0 |      0 |      0 |      0 |      0 |      0 |      0 |      0 |      0 |      0 |     0 |      0 |      0 |      0 |      0 |      0 |      0 |   0.10 |   0.10 |      0 |      0 |     0 |      0 |      0 |      0 |
|        72 |      0 |      0 |      0 |      0 |      0 |      0 |      0 |      0 |      0 |      0 |      0 |   0.10 |      0 |     0 |      0 |     0 |      0 |      0 |      0 |      0 |      0 |      0 |      0 |   0.10 |      0 |     0 |      0 |      0 |   0.10 |      0 |      0 |      0 |      0 |      0 |      0 |      0 |     0 |      0 |      0 |      0 |
|        78 |      0 |      0 |      0 |      0 |      0 |      0 |      0 |      0 |      0 |      0 |      0 |      0 |      0 |     0 |      0 |     0 |      0 |      0 |      0 |      0 |      0 |      0 |      0 |      0 |      0 |     0 |      0 |      0 |      0 |      0 |      0 |      0 |      0 |      0 |      0 |      0 |     0 |      0 |      0 |      0 |
|        84 |   3.80 |   5.90 |   8.20 |  36.40 |  27.40 |   6.70 |  32.10 |  25.80 |  22.70 |   0.90 |  26.60 |  22.70 |   4.80 | 19.30 |   3.00 | 12.50 |   0.80 |  20.60 |  25.90 |  41.90 |  18.20 |  10.50 |  11.40 |  32.30 |   8.50 |  3.90 |   7.10 |  34.70 |  40.60 |  20.20 |  55.90 |  59.40 |   7.50 |  53.00 |  19.90 |  26.00 |  8.70 |   8.90 |   4.60 |  23.70 |
|        90 |   3.10 |   7.20 |   1.70 |  29.90 |  13.70 |   1.80 |  21.60 |  12.00 |   4.10 |   0.70 |  14.90 |   3.80 |   5.20 | 22.00 |   0.40 |  3.10 |   0.30 |   1.30 |   6.10 |   5.40 |  10.40 |  13.30 |   4.20 |   6.40 |   1.40 |  1.90 |   0.70 |  19.20 |  14.90 |   5.30 |  40.00 |   6.60 |   0.40 |  21.70 |  17.40 |   7.60 |  5.90 |   2.10 |   1.20 |   7.60 |
|        96 |      0 |      0 |      0 |      0 |      0 |      0 |      0 |      0 |      0 |      0 |      0 |      0 |      0 |     0 |      0 |     0 |      0 |      0 |      0 |      0 |      0 |      0 |      0 |      0 |      0 |     0 |      0 |      0 |      0 |      0 |      0 |      0 |      0 |      0 |      0 |      0 |     0 |      0 |      0 |      0 |
|       102 |      0 |      0 |      0 |      0 |      0 |      0 |      0 |      0 |      0 |      0 |      0 |      0 |      0 |     0 |      0 |     0 |      0 |      0 |      0 |      0 |      0 |      0 |      0 |      0 |      0 |     0 |      0 |      0 |   0.10 |      0 |      0 |      0 |      0 |      0 |      0 |      0 |     0 |      0 |      0 |      0 |
|       108 |  11.40 |   4.90 | 100.20 | 116.90 |  62.10 |  20.50 |   3.90 |  15.40 |   7.70 |  22.30 |  24.60 |  67.70 |  21.50 | 24.40 |  75.60 | 31.30 |  16.40 |  29.60 |  18.50 |  85.30 |  43.40 |   5.30 |  33.80 |   8.20 |  27.80 | 68.30 |  66.90 | 115.60 |  15.40 |  83.80 |  22.50 |  92.10 |  32.80 |   7.30 |   8.70 |   1.40 |  6.00 |   6.20 |   5.10 |  22.40 |
|       114 |   9.30 |   2.20 |  41.60 |  41.90 |  12.20 |   3.00 |      0 |   7.30 |   3.30 |   8.70 |   7.10 |  29.40 |  19.10 | 10.50 |  33.70 | 16.30 |   3.60 |  32.70 |   1.20 |  37.60 |  27.40 |   0.60 |  18.90 |   6.40 |  10.30 | 38.50 |  35.20 |  38.90 |   0.60 |   9.30 |   3.40 |  33.00 |  25.10 |   0.50 |  10.20 |   0.60 |  2.20 |   5.70 |   1.10 |  12.50 |
|       120 |      0 |      0 |      0 |      0 |      0 |      0 |      0 |      0 |      0 |      0 |      0 |      0 |      0 |     0 |      0 |     0 |      0 |      0 |      0 |      0 |      0 |      0 |      0 |      0 |      0 |     0 |      0 |      0 |      0 |      0 |      0 |      0 |      0 |      0 |      0 |      0 |     0 |      0 |      0 |      0 |
