# variable: Mean Sea Level Pressure
# units: hPa
# 
| fcst_hour |       1 |       2 |       3 |       4 |       5 |       6 |       7 |       8 |       9 |      10 |      11 |      12 |      13 |      14 |      15 |      16 |      17 |      18 |      19 |      20 |      21 |      22 |      23 |      24 |      25 |      26 |      27 |      28 |      29 |      30 |      31 |      32 |      33 |      34 |      35 |      36 |      37 |      38 |      39 |      40 |
|         0 | 1015.11 | 1014.88 | 1015.61 | 1016.44 | 1015.83 | 1016.47 | 1014.92 | 1015.61 | 1015.47 | 1015.34 | 1015.61 | 1015.57 | 1015.92 | 1015.33 | 1015.63 | 1015.82 | 1015.49 | 1014.70 | 1015.72 | 1015.37 | 1015.86 | 1015.56 | 1015.85 | 1015.34 | 1016.77 | 1016.04 | 1015.58 | 1015.33 | 1015.61 | 1015.69 | 1015.62 | 1015.77 | 1015.37 | 1016.20 | 1015.32 | 1016.18 | 1015.53 | 1015.89 | 1016.36 | 1015.54 |
|         1 | 1014.77 | 1014.18 | 1014.93 | 1015.67 | 1015.19 | 1016.16 | 1014.32 | 1014.71 | 1014.68 | 1014.81 | 1014.68 | 1015.09 | 1015.48 | 1014.65 | 1014.97 | 1014.70 | 1015.10 | 1014.00 | 1015.05 | 1014.85 | 1015.47 | 1015.22 | 1015.04 | 1014.69 | 1016.10 | 1015.13 | 1015.21 | 1014.89 | 1015.01 | 1015.33 | 1014.95 | 1015.10 | 1014.41 | 1015.50 | 1014.63 | 1015.65 | 1015.06 | 1015.29 | 1015.76 | 1014.70 |
|         2 | 1014.01 | 1013.22 | 1014.03 | 1014.87 | 1014.54 | 1015.23 | 1013.64 | 1014.02 | 1013.91 | 1014.07 | 1013.55 | 1014.48 | 1014.72 | 1014.05 | 1014.05 | 1013.87 | 1014.37 | 1012.95 | 1014.01 | 1014.13 | 1014.51 | 1014.80 | 1014.32 | 1014.02 | 1015.31 | 1014.15 | 1014.36 | 1014.43 | 1014.27 | 1014.36 | 1013.86 | 1014.31 | 1013.10 | 1014.92 | 1013.76 | 1014.71 | 1014.50 | 1014.36 | 1015.24 | 1014.13 |
|         3 | 1013.28 | 1012.31 | 1013.36 | 1013.70 | 1013.89 | 1013.91 | 1012.83 | 1013.15 | 1013.17 | 1012.97 | 1012.76 | 1013.48 | 1013.70 | 1013.18 | 1013.38 | 1012.80 | 1013.32 | 1012.05 | 1013.04 | 1013.10 | 1013.70 | 1013.85 | 1013.08 | 1013.08 | 1014.05 | 1013.18 | 1013.26 | 1013.32 | 1013.41 | 1013.16 | 1012.88 | 1013.34 | 1012.43 | 1013.87 | 1012.72 | 1013.66 | 1013.59 | 1013.55 | 1014.38 | 1013.43 |
|         4 | 1012.80 | 1011.58 | 1012.73 | 1013.08 | 1013.10 | 1013.13 | 1012.00 | 1012.57 | 1012.55 | 1011.88 | 1012.24 | 1012.62 | 1012.80 | 1012.57 | 1012.91 | 1012.37 | 1012.56 | 1011.20 | 1012.72 | 1012.21 | 1013.08 | 1013.04 | 1012.35 | 1012.41 | 1013.27 | 1012.38 | 1012.28 | 1012.47 | 1012.68 | 1012.49 | 1012.41 | 1012.81 | 1012.00 | 1013.10 | 1012.06 | 1012.92 | 1012.66 | 1012.93 | 1013.62 | 1012.58 |
|         5 | 1012.54 | 1011.11 | 1012.11 | 1012.73 | 1012.36 | 1012.90 | 1011.39 | 1012.13 | 1012.20 | 1011.16 | 1011.81 | 1012.11 | 1012.07 | 1012.00 | 1012.62 | 1011.92 | 1012.22 | 1010.58 | 1012.39 | 1011.71 | 1012.45 | 1012.36 | 1011.84 | 1011.56 | 1012.75 | 1011.96 | 1011.93 | 1012.09 | 1012.26 | 1012.28 | 1012.15 | 1012.56 | 1011.58 | 1012.46 | 1011.51 | 1012.59 | 1011.85 | 1012.35 | 1013.02 | 1011.88 |
|         6 | 1012.28 | 1010.69 | 1011.64 | 1012.24 | 1011.79 | 1012.76 | 1010.94 | 1011.59 | 1011.75 | 1010.78 | 1011.35 | 1011.96 | 1011.59 | 1011.25 | 1012.14 | 1011.41 | 1011.95 | 1010.16 | 1012.12 | 1011.33 | 1011.75 | 1011.91 | 1011.62 | 1010.96 | 1012.51 | 1011.69 | 1011.52 | 1012.12 | 1011.74 | 1012.05 | 1011.55 | 1012.15 | 1011.07 | 1012.13 | 1011.20 | 1012.15 | 1011.47 | 1012.16 | 1012.47 | 1011.29 |
|         7 | 1011.77 | 1010.21 | 1011.29 | 1011.76 | 1011.22 | 1012.34 | 1010.48 | 1010.89 | 1011.09 | 1010.41 | 1010.79 | 1011.48 | 1011.32 | 1010.64 | 1011.47 | 1010.65 | 1011.43 | 1009.72 | 1011.70 | 1011.17 | 1011.23 | 1011.21 | 1011.07 | 1010.50 | 1012.15 | 1011.18 | 1011.12 | 1011.71 | 1011.14 | 1011.63 | 1010.77 | 1011.29 | 1010.57 | 1011.67 | 1010.61 | 1011.64 | 1011.20 | 1011.75 | 1012.00 | 1010.77 |
|         8 | 1010.95 | 1009.45 | 1011.12 | 1011.04 | 1010.61 | 1011.59 | 1010.03 | 1010.41 | 1010.32 | 1009.81 | 1010.33 | 1010.65 | 1011.04 | 1010.23 | 1010.83 | 1010.00 | 1010.80 | 1009.15 | 1010.99 | 1010.68 | 1010.73 | 1010.61 | 1010.28 | 1010.06 | 1011.39 | 1010.41 | 1010.72 | 1011.07 | 1010.52 | 1010.99 | 1010.09 | 1010.60 | 1009.96 | 1010.95 | 1010.13 | 1010.98 | 1010.75 | 1011.01 | 1011.48 | 1009.98 |
|         9 | 1010.13 | 1008.41 | 1011.01 | 1010.69 | 1010.06 | 1010.91 | 1009.77 | 1009.99 | 1009.88 | 1009.33 | 1009.90 | 1010.09 | 1010.50 | 1009.81 | 1010.37 | 1009.52 | 1010.08 | 1008.62 | 1010.49 | 1010.11 | 1010.25 | 1010.24 | 1009.64 | 1009.74 | 1010.68 | 1009.75 | 1010.59 | 1010.33 | 1010.22 | 1010.44 | 1009.72 | 1010.14 | 1009.61 | 1010.45 | 1009.87 | 1010.54 | 1010.16 | 1010.22 | 1010.83 | 1009.49 |
|        10 | 1009.65 | 1007.89 | 1010.41 | 1010.39 | 1009.68 | 1010.60 | 1009.26 | 1009.43 | 1009.85 | 1008.85 | 1009.26 | 1009.45 | 1009.94 | 1009.27 | 1009.82 | 1008.96 | 1009.64 | 1008.37 | 1010.06 | 1009.55 | 1009.75 | 1009.82 | 1009.11 | 1009.51 | 1009.93 | 1009.12 | 1010.24 | 1009.55 | 1009.75 | 1009.96 | 1009.41 | 1009.78 | 1009.28 | 1009.91 | 1009.47 | 1009.78 | 1009.27 | 1009.89 | 1010.12 | 1009.40 |
|        11 | 1008.99 | 1007.45 | 1009.18 | 1009.80 | 1009.01 | 1009.80 | 1008.27 | 1008.27 | 1009.13 | 1007.99 | 1008.20 | 1008.54 | 1009.19 | 1008.22 | 1009.28 | 1008.43 | 1009.06 | 1007.48 | 1009.41 | 1008.63 | 1008.84 | 1008.98 | 1008.22 | 1008.78 | 1009.28 | 1008.16 | 1009.02 | 1008.39 | 1008.76 | 1008.98 | 1008.74 | 1008.70 | 1008.30 | 1009.10 | 1008.69 | 1008.74 | 1008.22 | 1009.10 | 1009.33 | 1008.46 |
|        12 | 1008.59 | 1006.90 | 1008.48 | 1008.66 | 1008.60 | 1008.92 | 1007.59 | 1007.67 | 1008.32 | 1007.14 | 1007.52 | 1007.72 | 1008.62 | 1007.56 | 1008.61 | 1008.00 | 1008.60 | 1006.63 | 1008.62 | 1008.08 | 1008.09 | 1008.41 | 1007.58 | 1008.29 | 1008.52 | 1007.47 | 1008.42 | 1008.00 | 1008.31 | 1008.18 | 1007.80 | 1008.21 | 1007.70 | 1008.98 | 1007.91 | 1007.85 | 1007.93 | 1008.27 | 1008.56 | 1007.45 |
|        13 | 1008.16 | 1006.28 | 1008.18 | 1008.05 | 1008.33 | 1008.37 | 1007.00 | 1007.45 | 1007.72 | 1006.86 | 1007.10 | 1007.37 | 1008.19 | 1007.16 | 1007.86 | 1007.57 | 1008.13 | 1005.99 | 1007.87 | 1007.67 | 1007.57 | 1008.03 | 1006.99 | 1008.01 | 1007.98 | 1007.22 | 1008.02 | 1007.50 | 1007.95 | 1007.68 | 1007.23 | 1007.80 | 1007.03 | 1008.57 | 1007.43 | 1007.45 | 1007.50 | 1007.76 | 1008.05 | 1006.71 |
|        14 | 1007.53 | 1005.74 | 1008.25 | 1007.90 | 1007.75 | 1007.96 | 1006.70 | 1007.08 | 1007.31 | 1006.58 | 1006.74 | 1007.02 | 1007.84 | 1006.96 | 1007.32 | 1007.07 | 1007.78 | 1005.64 | 1007.47 | 1007.21 | 1007.22 | 1007.88 | 1006.46 | 1007.68 | 1007.55 | 1007.38 | 1007.80 | 1006.90 | 1007.72 | 1007.11 | 1006.77 | 1007.34 | 1006.62 | 1008.13 | 1006.91 | 1007.24 | 1007.18 | 1007.36 | 1007.80 | 1006.43 |
|        15 | 1006.99 | 1005.11 | 1007.93 | 1007.85 | 1007.00 | 1007.65 | 1005.91 | 1006.61 | 1006.69 | 1006.37 | 1006.30 | 1006.76 | 1007.32 | 1006.67 | 1007.05 | 1006.51 | 1007.35 | 1005.54 | 1007.35 | 1006.61 | 1006.48 | 1007.56 | 1006.54 | 1007.42 | 1007.18 | 1007.23 | 1007.58 | 1006.51 | 1007.23 | 1006.74 | 1006.44 | 1006.83 | 1006.37 | 1007.58 | 1006.50 | 1006.97 | 1006.91 | 1006.99 | 1007.39 | 1006.46 |
|        16 | 1006.86 | 1004.33 | 1007.32 | 1007.17 | 1006.52 | 1007.50 | 1005.48 | 1005.99 | 1006.29 | 1006.04 | 1006.01 | 1006.45 | 1006.84 | 1005.83 | 1006.40 | 1005.88 | 1007.10 | 1005.08 | 1007.01 | 1006.23 | 1005.96 | 1006.98 | 1006.05 | 1006.93 | 1006.89 | 1006.68 | 1007.01 | 1006.20 | 1006.87 | 1006.46 | 1006.02 | 1006.24 | 1005.90 | 1007.10 | 1006.28 | 1006.45 | 1006.37 | 1006.41 | 1006.93 | 1005.96 |
|        17 | 1006.79 | 1003.88 | 1006.87 | 1006.79 | 1006.61 | 1007.39 | 1005.29 | 1005.68 | 1006.34 | 1005.59 | 1005.62 | 1006.12 | 1006.79 | 1005.45 | 1005.98 | 1005.64 | 1006.60 | 1004.85 | 1006.53 | 1005.98 | 1005.51 | 1006.62 | 1005.87 | 1006.87 | 1006.42 | 1006.29 | 1006.55 | 1005.80 | 1006.68 | 1006.44 | 1005.60 | 1006.01 | 1005.68 | 1006.89 | 1006.18 | 1006.03 | 1006.06 | 1006.13 | 1006.39 | 1005.50 |
|        18 | 1006.75 | 1004.04 | 1006.78 | 1006.57 | 1006.61 | 1007.34 | 1005.20 | 1005.78 | 1006.24 | 1005.35 | 1005.68 | 1005.84 | 1006.62 | 1005.18 | 1005.91 | 1005.84 | 1006.30 | 1004.77 | 1006.38 | 1005.95 | 1005.27 | 1006.34 | 1006.04 | 1006.92 | 1006.19 | 1005.86 | 1006.69 | 1005.70 | 1006.46 | 1006.13 | 1005.62 | 1005.89 | 1005.94 | 1006.93 | 1006.00 | 1005.88 | 1005.96 | 1005.93 | 1006.33 | 1005.45 |
|        19 | 1006.85 | 1003.95 | 1006.58 | 1006.37 | 1006.72 | 1007.32 | 1005.22 | 1005.96 | 1006.25 | 1005.18 | 1005.47 | 1005.76 | 1006.50 | 1005.28 | 1005.72 | 1005.71 | 1006.17 | 1004.68 | 1006.25 | 1006.01 | 1005.24 | 1006.28 | 1005.97 | 1006.64 | 1005.90 | 1005.78 | 1006.83 | 1005.41 | 1006.27 | 1006.23 | 1005.73 | 1005.80 | 1005.85 | 1006.55 | 1005.87 | 1005.95 | 1005.74 | 1005.52 | 1006.14 | 1005.64 |
|        20 | 1006.54 | 1003.47 | 1006.37 | 1006.20 | 1006.64 | 1007.02 | 1005.18 | 1005.82 | 1006.08 | 1004.91 | 1005.28 | 1005.47 | 1006.33 | 1005.25 | 1005.48 | 1005.47 | 1006.06 | 1004.36 | 1006.11 | 1005.57 | 1004.93 | 1006.28 | 1005.82 | 1006.41 | 1005.89 | 1005.55 | 1006.54 | 1005.02 | 1006.11 | 1006.12 | 1005.59 | 1005.41 | 1005.66 | 1006.44 | 1005.58 | 1005.80 | 1005.31 | 1005.19 | 1005.81 | 1005.77 |
|        21 | 1006.23 | 1002.92 | 1006.26 | 1005.86 | 1006.49 | 1006.56 | 1004.96 | 1005.82 | 1005.86 | 1004.88 | 1004.70 | 1004.97 | 1006.10 | 1005.01 | 1005.36 | 1005.06 | 1005.83 | 1003.94 | 1005.74 | 1005.24 | 1004.72 | 1006.19 | 1005.77 | 1006.24 | 1005.64 | 1005.23 | 1005.81 | 1004.76 | 1006.20 | 1005.95 | 1005.12 | 1005.12 | 1005.40 | 1006.31 | 1005.23 | 1005.63 | 1004.96 | 1004.87 | 1005.54 | 1005.61 |
|        22 | 1006.01 | 1002.51 | 1006.04 | 1005.56 | 1006.40 | 1006.19 | 1004.64 | 1005.71 | 1005.60 | 1004.86 | 1004.34 | 1004.82 | 1005.92 | 1004.66 | 1004.99 | 1004.77 | 1005.64 | 1003.74 | 1005.48 | 1005.24 | 1004.83 | 1006.12 | 1005.68 | 1006.34 | 1005.57 | 1005.05 | 1005.66 | 1004.71 | 1006.18 | 1005.94 | 1004.80 | 1004.98 | 1005.37 | 1006.47 | 1005.06 | 1005.37 | 1004.69 | 1004.82 | 1005.45 | 1005.30 |
|        23 | 1005.83 | 1002.34 | 1005.80 | 1005.35 | 1006.19 | 1006.08 | 1004.60 | 1005.58 | 1005.44 | 1004.91 | 1004.36 | 1004.62 | 1005.87 | 1004.43 | 1004.55 | 1004.65 | 1005.60 | 1003.72 | 1005.28 | 1005.10 | 1004.48 | 1005.84 | 1005.59 | 1006.49 | 1005.39 | 1004.86 | 1005.85 | 1004.74 | 1006.01 | 1005.67 | 1004.49 | 1004.63 | 1005.51 | 1006.53 | 1005.09 | 1005.27 | 1004.68 | 1004.91 | 1005.53 | 1005.18 |
|        24 | 1005.82 | 1002.09 | 1005.68 | 1005.25 | 1005.76 | 1006.08 | 1004.51 | 1005.28 | 1005.62 | 1004.82 | 1004.26 | 1004.36 | 1005.62 | 1004.31 | 1004.32 | 1004.76 | 1005.59 | 1003.61 | 1004.76 | 1004.83 | 1004.31 | 1005.61 | 1005.39 | 1006.49 | 1004.95 | 1004.46 | 1005.70 | 1004.66 | 1005.70 | 1005.26 | 1004.15 | 1004.16 | 1005.46 | 1006.20 | 1005.19 | 1005.22 | 1004.60 | 1004.70 | 1005.53 | 1004.81 |
|        25 | 1005.73 | 1001.93 | 1005.73 | 1005.17 | 1005.62 | 1005.94 | 1004.24 | 1005.07 | 1005.71 | 1004.83 | 1004.01 | 1003.95 | 1005.26 | 1004.04 | 1004.33 | 1004.82 | 1005.53 | 1003.54 | 1004.33 | 1004.66 | 1004.22 | 1005.45 | 1005.31 | 1006.44 | 1004.66 | 1004.09 | 1005.60 | 1004.34 | 1005.44 | 1005.16 | 1003.94 | 1003.98 | 1005.45 | 1005.82 | 1005.03 | 1005.28 | 1004.73 | 1004.64 | 1005.37 | 1004.51 |
|        26 | 1005.44 | 1001.78 | 1005.41 | 1004.98 | 1005.41 | 1005.49 | 1003.71 | 1004.65 | 1005.45 | 1004.38 | 1003.81 | 1003.43 | 1004.82 | 1003.69 | 1004.13 | 1004.60 | 1005.18 | 1003.34 | 1004.00 | 1004.37 | 1004.05 | 1005.33 | 1004.99 | 1006.17 | 1004.38 | 1003.73 | 1005.16 | 1003.88 | 1005.21 | 1004.99 | 1003.71 | 1003.69 | 1005.20 | 1005.28 | 1004.55 | 1004.92 | 1004.44 | 1004.32 | 1005.00 | 1004.29 |
|        27 | 1005.04 | 1001.90 | 1005.04 | 1004.72 | 1005.37 | 1005.06 | 1003.43 | 1004.20 | 1004.92 | 1003.93 | 1003.87 | 1003.02 | 1004.41 | 1003.64 | 1003.86 | 1004.16 | 1004.91 | 1003.01 | 1003.75 | 1004.13 | 1003.88 | 1005.27 | 1004.70 | 1005.81 | 1004.24 | 1003.48 | 1004.85 | 1003.71 | 1004.99 | 1004.78 | 1003.62 | 1003.54 | 1004.97 | 1004.96 | 1004.05 | 1004.78 | 1004.08 | 1003.90 | 1004.58 | 1004.06 |
|        28 | 1004.52 | 1001.87 | 1004.49 | 1004.44 | 1005.09 | 1004.55 | 1003.16 | 1003.98 | 1004.38 | 1003.92 | 1003.59 | 1002.54 | 1003.94 | 1003.49 | 1003.47 | 1003.53 | 1004.57 | 1002.58 | 1003.31 | 1003.75 | 1003.44 | 1004.85 | 1004.45 | 1005.20 | 1003.96 | 1002.94 | 1004.20 | 1003.66 | 1004.57 | 1004.33 | 1003.49 | 1003.24 | 1004.62 | 1004.55 | 1003.69 | 1004.53 | 1003.53 | 1003.50 | 1004.32 | 1003.58 |
|        29 | 1004.10 | 1001.81 | 1003.98 | 1004.04 | 1004.67 | 1003.92 | 1002.86 | 1003.59 | 1003.98 | 1003.71 | 1003.24 | 1002.33 | 1003.50 | 1003.36 | 1003.18 | 1003.09 | 1004.17 | 1002.48 | 1003.02 | 1003.50 | 1002.89 | 1004.15 | 1004.22 | 1004.60 | 1003.65 | 1002.41 | 1003.70 | 1003.42 | 1003.99 | 1003.74 | 1003.38 | 1002.90 | 1004.56 | 1004.08 | 1003.24 | 1004.15 | 1003.04 | 1003.23 | 1004.04 | 1003.28 |
|        30 | 1003.74 | 1001.78 | 1003.70 | 1003.65 | 1004.40 | 1003.61 | 1002.56 | 1003.39 | 1003.76 | 1003.51 | 1003.02 | 1002.02 | 1003.18 | 1003.04 | 1003.02 | 1002.78 | 1003.73 | 1002.34 | 1002.97 | 1003.22 | 1002.43 | 1003.67 | 1003.91 | 1004.38 | 1003.61 | 1002.04 | 1003.33 | 1003.01 | 1003.68 | 1003.36 | 1003.20 | 1002.70 | 1004.40 | 1003.61 | 1002.67 | 1003.98 | 1003.09 | 1002.99 | 1003.87 | 1003.21 |
|        31 | 1003.76 | 1002.01 | 1003.61 | 1003.56 | 1004.24 | 1003.53 | 1002.62 | 1003.30 | 1003.80 | 1003.80 | 1003.08 | 1001.93 | 1003.01 | 1003.08 | 1003.03 | 1002.85 | 1003.64 | 1002.41 | 1002.87 | 1003.20 | 1002.36 | 1003.85 | 1003.94 | 1004.48 | 1003.80 | 1001.96 | 1003.30 | 1002.89 | 1003.75 | 1003.38 | 1003.32 | 1002.70 | 1004.49 | 1003.25 | 1002.31 | 1004.20 | 1003.25 | 1002.86 | 1003.88 | 1003.40 |
|        32 | 1003.57 | 1002.16 | 1003.39 | 1003.41 | 1004.01 | 1003.18 | 1002.46 | 1003.01 | 1003.84 | 1003.98 | 1003.12 | 1001.82 | 1002.80 | 1003.16 | 1003.18 | 1002.68 | 1003.57 | 1002.37 | 1002.73 | 1003.15 | 1002.29 | 1004.02 | 1003.63 | 1004.42 | 1003.81 | 1001.72 | 1003.42 | 1002.84 | 1003.73 | 1003.42 | 1003.19 | 1002.64 | 1004.62 | 1003.09 | 1002.22 | 1004.33 | 1003.05 | 1002.65 | 1003.83 | 1003.42 |
|        33 | 1003.46 | 1002.19 | 1003.11 | 1003.28 | 1003.73 | 1002.75 | 1002.23 | 1002.71 | 1003.68 | 1003.88 | 1003.03 | 1001.63 | 1002.52 | 1003.13 | 1003.25 | 1002.34 | 1003.38 | 1002.27 | 1002.64 | 1003.18 | 1002.03 | 1003.94 | 1003.29 | 1004.08 | 1003.66 | 1001.25 | 1003.21 | 1002.76 | 1003.44 | 1003.50 | 1003.17 | 1002.42 | 1004.58 | 1003.01 | 1002.12 | 1004.37 | 1002.64 | 1002.26 | 1003.56 | 1003.24 |
|        34 | 1002.88 | 1002.02 | 1002.59 | 1002.82 | 1003.06 | 1002.12 | 1001.87 | 1002.19 | 1003.07 | 1003.32 | 1002.64 | 1001.29 | 1002.10 | 1002.71 | 1002.91 | 1001.85 | 1002.82 | 1001.77 | 1002.13 | 1002.81 | 1001.50 | 1003.54 | 1002.74 | 1003.37 | 1003.34 | 1000.52 | 1002.57 | 1002.44 | 1002.70 | 1002.98 | 1002.96 | 1001.90 | 1004.17 | 1002.42 | 1001.52 | 1003.74 | 1001.83 | 1001.76 | 1002.86 | 1002.70 |
|        35 | 1001.83 | 1001.35 | 1001.59 | 1001.87 | 1002.14 | 1001.14 | 1000.79 | 1001.09 | 1001.89 | 1002.30 | 1001.79 | 1000.43 | 1001.19 | 1001.69 | 1002.01 | 1001.22 | 1001.60 | 1001.00 | 1001.10 | 1001.82 | 1000.52 | 1002.55 | 1001.70 | 1002.29 | 1002.37 |  999.49 | 1001.60 | 1001.36 | 1001.61 | 1001.83 | 1001.96 | 1000.91 | 1003.24 | 1001.35 | 1000.55 | 1002.78 | 1000.83 | 1000.90 | 1001.79 | 1001.62 |
|        36 | 1000.71 | 1000.75 | 1000.56 | 1000.98 | 1001.22 | 1000.03 |  999.59 |  999.88 | 1000.82 | 1001.47 | 1000.79 |  999.46 | 1000.07 | 1000.75 | 1001.03 | 1000.35 | 1000.47 | 1000.12 | 1000.09 | 1000.79 |  999.57 | 1001.43 | 1000.50 | 1001.38 | 1001.41 |  998.36 | 1000.51 | 1000.17 | 1000.64 | 1000.73 | 1000.75 | 1000.02 | 1002.26 | 1000.16 |  999.59 | 1001.95 |  999.73 |  999.86 | 1000.85 | 1000.46 |
|        37 |  999.80 | 1000.10 |  999.74 | 1000.15 | 1000.28 |  999.08 |  998.80 |  998.86 |  999.99 | 1000.83 |  999.68 |  998.64 |  999.39 | 1000.06 | 1000.33 |  999.55 |  999.66 |  999.35 |  999.35 |  999.95 |  998.75 | 1000.56 |  999.56 | 1000.64 | 1000.78 |  997.30 |  999.58 |  999.34 |  999.89 |  999.89 |  999.94 |  999.38 | 1001.33 |  999.32 |  998.66 | 1001.33 |  998.77 |  999.05 | 1000.15 |  999.85 |
|        38 |  999.10 |  999.66 |  999.20 |  999.52 |  999.50 |  998.38 |  998.29 |  998.29 |  999.50 | 1000.40 |  998.87 |  998.18 |  998.91 |  999.70 |  999.78 |  998.86 |  999.08 |  998.79 |  998.70 |  999.42 |  998.19 | 1000.16 |  998.94 | 1000.06 | 1000.50 |  996.56 |  998.81 |  998.86 |  999.39 |  999.30 |  999.38 |  998.98 | 1000.63 |  998.84 |  997.89 | 1000.95 |  998.00 |  998.35 |  999.60 |  999.52 |
|        39 |  998.44 |  999.25 |  998.92 |  998.92 |  998.89 |  997.83 |  997.82 |  997.96 |  999.07 |  999.99 |  998.54 |  997.62 |  998.48 |  999.34 |  999.27 |  998.35 |  998.48 |  998.39 |  998.01 |  999.04 |  997.61 |  999.87 |  998.50 |  999.52 | 1000.12 |  996.02 |  998.22 |  998.37 |  998.94 |  998.71 |  998.81 |  998.57 | 1000.04 |  998.26 |  997.49 | 1000.63 |  997.41 |  997.85 |  999.03 |  999.23 |
|        40 |  997.71 |  998.91 |  998.51 |  998.34 |  998.22 |  997.31 |  997.54 |  997.33 |  998.64 |  999.51 |  998.26 |  996.88 |  997.96 |  999.06 |  998.75 |  997.98 |  997.71 |  997.95 |  997.49 |  998.59 |  997.04 |  999.46 |  997.97 |  998.82 |  999.59 |  995.48 |  997.73 |  997.76 |  998.41 |  998.12 |  998.21 |  998.09 |  999.59 |  997.42 |  997.11 | 1000.19 |  996.58 |  997.37 |  998.48 |  998.64 |
|        41 |  997.04 |  998.64 |  998.21 |  997.85 |  997.40 |  996.95 |  997.31 |  996.86 |  998.30 |  999.01 |  997.77 |  996.16 |  997.50 |  998.90 |  998.46 |  997.58 |  996.95 |  997.58 |  997.09 |  998.19 |  996.64 |  998.95 |  997.34 |  998.19 |  999.14 |  995.03 |  997.19 |  997.17 |  997.91 |  997.70 |  997.63 |  997.55 |  999.26 |  996.63 |  996.73 |  999.69 |  995.87 |  997.03 |  998.04 |  998.03 |
|        42 |  996.43 |  998.50 |  998.01 |  997.36 |  996.61 |  996.75 |  997.03 |  996.38 |  997.91 |  998.56 |  997.12 |  995.80 |  997.12 |  998.81 |  998.21 |  997.27 |  996.26 |  997.29 |  996.75 |  997.85 |  996.38 |  998.48 |  996.81 |  997.89 |  998.82 |  994.54 |  996.89 |  996.81 |  997.50 |  997.40 |  997.15 |  997.27 |  998.92 |  995.87 |  996.24 |  999.34 |  995.26 |  996.78 |  997.64 |  997.64 |
|        43 |  995.74 |  998.32 |  997.73 |  996.65 |  995.92 |  996.41 |  996.66 |  995.60 |  997.27 |  998.04 |  996.37 |  995.41 |  996.70 |  998.51 |  997.64 |  996.85 |  995.54 |  996.91 |  996.52 |  997.39 |  996.04 |  998.02 |  996.05 |  997.52 |  998.44 |  993.87 |  996.61 |  996.61 |  997.06 |  997.03 |  996.54 |  996.93 |  998.42 |  995.17 |  995.71 |  998.86 |  994.58 |  996.39 |  997.17 |  997.24 |
|        44 |  995.04 |  997.94 |  997.50 |  995.94 |  995.41 |  995.84 |  996.26 |  994.77 |  996.54 |  997.46 |  995.73 |  994.97 |  996.24 |  998.05 |  996.94 |  996.35 |  994.74 |  996.39 |  996.08 |  996.97 |  995.46 |  997.41 |  995.24 |  997.15 |  997.95 |  993.19 |  996.21 |  996.35 |  996.56 |  996.50 |  995.75 |  996.48 |  997.85 |  994.41 |  995.11 |  998.32 |  994.06 |  995.99 |  996.61 |  996.85 |
|        45 |  994.35 |  997.32 |  997.47 |  995.43 |  994.81 |  995.28 |  995.86 |  994.07 |  995.97 |  996.79 |  995.16 |  994.50 |  996.00 |  997.78 |  996.40 |  995.84 |  994.01 |  995.98 |  995.57 |  996.64 |  994.85 |  996.79 |  994.50 |  996.92 |  997.27 |  992.50 |  995.76 |  995.87 |  996.10 |  995.93 |  994.98 |  996.15 |  997.31 |  993.58 |  994.68 |  997.97 |  993.63 |  995.62 |  996.25 |  996.51 |
|        46 |  993.66 |  996.80 |  997.29 |  994.99 |  993.87 |  994.83 |  995.49 |  993.44 |  995.52 |  996.22 |  994.64 |  994.10 |  995.79 |  997.58 |  995.94 |  995.54 |  993.23 |  995.69 |  995.16 |  996.29 |  994.37 |  996.36 |  993.85 |  996.63 |  996.70 |  991.89 |  995.51 |  995.40 |  995.81 |  995.45 |  994.48 |  995.91 |  996.89 |  992.82 |  994.36 |  997.65 |  993.01 |  995.33 |  995.84 |  996.27 |
|        47 |  993.04 |  996.46 |  996.98 |  994.59 |  992.96 |  994.38 |  995.15 |  992.81 |  995.21 |  995.82 |  994.13 |  993.62 |  995.38 |  997.40 |  995.51 |  995.24 |  992.58 |  995.47 |  994.64 |  996.02 |  993.93 |  996.04 |  993.31 |  996.15 |  996.27 |  991.34 |  995.18 |  994.98 |  995.49 |  995.03 |  993.90 |  995.70 |  996.54 |  992.14 |  993.96 |  997.35 |  992.38 |  995.14 |  995.41 |  995.85 |
|        48 |  992.54 |  996.31 |  996.77 |  994.05 |  992.03 |  993.92 |  994.83 |  992.31 |  994.87 |  995.30 |  993.55 |  993.05 |  994.90 |  997.04 |  995.06 |  995.05 |  991.91 |  995.23 |  994.19 |  995.69 |  993.48 |  995.55 |  992.78 |  995.84 |  995.92 |  990.76 |  994.63 |  994.47 |  994.88 |  994.45 |  993.29 |  995.39 |  996.12 |  991.62 |  993.53 |  996.80 |  991.75 |  994.90 |  994.98 |  995.48 |
|        51 |  990.83 |  995.56 |  996.05 |  992.17 |  989.72 |  992.28 |  993.69 |  990.94 |  993.74 |  993.28 |  991.72 |  991.79 |  993.83 |  995.99 |  992.89 |  994.13 |  989.65 |  993.59 |  992.93 |  994.54 |  992.18 |  993.98 |  991.29 |  994.67 |  994.40 |  989.17 |  993.77 |  993.02 |  993.01 |  992.68 |  991.39 |  994.18 |  993.96 |  989.68 |  992.15 |  995.03 |  990.07 |  993.56 |  993.36 |  993.94 |
|        54 |  990.29 |  994.71 |  996.14 |  990.89 |  987.86 |  991.21 |  993.09 |  989.54 |  993.14 |  991.50 |  990.35 |  991.08 |  993.02 |  995.54 |  991.09 |  993.29 |  988.35 |  993.10 |  992.42 |  994.34 |  991.12 |  992.94 |  989.95 |  994.02 |  993.16 |  988.15 |  993.18 |  992.42 |  991.46 |  991.55 |  990.42 |  993.78 |  992.54 |  988.81 |  991.54 |  993.99 |  989.14 |  993.09 |  992.06 |  992.83 |
|        57 |  991.36 |  995.32 |  997.16 |  991.38 |  987.69 |  991.47 |  993.73 |  990.15 |  993.90 |  991.56 |  990.33 |  991.94 |  993.52 |  996.21 |  990.60 |  994.34 |  989.10 |  993.90 |  993.61 |  995.14 |  991.57 |  993.45 |  990.10 |  994.73 |  993.78 |  989.00 |  994.15 |  993.00 |  991.88 |  991.83 |  990.97 |  995.68 |  993.06 |  989.43 |  992.20 |  994.27 |  989.25 |  994.10 |  992.26 |  993.51 |
|        60 |  991.47 |  994.68 |  997.01 |  990.43 |  986.18 |  990.43 |  992.82 |  989.45 |  993.47 |  990.31 |  989.25 |  991.60 |  993.18 |  995.65 |  988.87 |  993.19 |  988.66 |  993.25 |  993.46 |  994.99 |  991.06 |  992.69 |  989.63 |  993.95 |  992.55 |  988.13 |  993.54 |  992.66 |  990.39 |  991.60 |  990.74 |  994.94 |  991.45 |  989.41 |  991.58 |  993.40 |  988.12 |  993.22 |  991.18 |  992.48 |
|        63 |  992.39 |  994.57 |  997.34 |  990.69 |  985.62 |  990.43 |  993.24 |  989.82 |  994.35 |  990.21 |  989.09 |  991.96 |  993.57 |  995.79 |  988.66 |  993.41 |  988.66 |  993.37 |  994.01 |  995.28 |  991.56 |  993.13 |  990.04 |  994.20 |  992.58 |  987.88 |  993.94 |  992.92 |  990.70 |  991.59 |  991.44 |  994.55 |  990.89 |  989.47 |  991.62 |  993.53 |  987.96 |  993.86 |  991.82 |  992.60 |
|        66 |  993.18 |  995.44 |  998.27 |  991.12 |  984.52 |  991.11 |  993.80 |  990.39 |  995.37 |  990.68 |  989.43 |  993.09 |  994.40 |  996.63 |  989.32 |  993.71 |  988.70 |  993.95 |  994.77 |  996.64 |  992.17 |  994.33 |  990.55 |  995.20 |  993.21 |  988.42 |  994.82 |  993.79 |  991.25 |  992.45 |  992.75 |  995.56 |  990.82 |  990.82 |  991.75 |  994.50 |  988.22 |  994.04 |  992.77 |  993.00 |
|        69 |  994.35 |  996.29 |  998.55 |  991.97 |  983.76 |  992.03 |  994.24 |  991.19 |  996.19 |  991.35 |  988.80 |  994.09 |  995.21 |  997.54 |  988.62 |  994.44 |  989.54 |  994.67 |  995.52 |  997.43 |  993.11 |  995.72 |  991.32 |  995.77 |  994.24 |  989.06 |  995.40 |  995.00 |  992.05 |  993.07 |  993.55 |  995.85 |  991.25 |  992.70 |  991.82 |  995.63 |  987.90 |  994.91 |  993.93 |  994.05 |
|        72 |  994.72 |  996.70 |  998.21 |  992.10 |  984.69 |  992.02 |  994.69 |  991.59 |  996.78 |  991.69 |  988.77 |  994.52 |  995.58 |  997.73 |  987.90 |  994.05 |  989.60 |  994.89 |  995.38 |  997.89 |  993.31 |  996.43 |  991.88 |  996.27 |  995.20 |  988.85 |  995.87 |  995.88 |  991.92 |  993.24 |  994.10 |  996.25 |  990.88 |  993.06 |  991.37 |  995.83 |  988.10 |  995.18 |  994.66 |  993.80 |
|        78 |  995.65 |  998.25 |  997.96 |  992.29 |  986.90 |  992.44 |  996.32 |  992.49 |  998.42 |  993.23 |  990.88 |  995.14 |  996.41 |  999.24 |  988.31 |  995.08 |  990.78 |  996.04 |  995.43 |  998.98 |  994.57 |  997.85 |  993.51 |  998.40 |  997.22 |  989.30 |  996.24 |  998.20 |  991.58 |  994.81 |  995.80 |  996.89 |  991.85 |  994.22 |  990.62 |  997.37 |  989.96 |  996.04 |  997.15 |  995.00 |
|        84 |  996.88 | 1000.11 |  997.36 |  993.70 |  988.84 |  992.90 |  997.74 |  992.86 |  999.22 |  995.20 |  989.88 |  996.03 |  996.09 | 1000.62 |  990.35 |  997.38 |  991.83 |  997.14 |  995.63 | 1000.62 |  996.13 |  998.15 |  995.21 | 1000.23 |  997.88 |  990.57 |  997.12 | 1000.15 |  991.22 |  994.56 |  997.36 |  998.01 |  993.70 |  995.85 |  990.58 |  998.71 |  991.51 |  997.28 |  999.67 |  995.47 |
|        90 |  999.02 | 1002.04 |  995.92 |  995.26 |  990.60 |  993.89 | 1000.19 |  994.18 | 1000.47 |  997.25 |  991.14 |  996.95 |  995.78 | 1001.50 |  992.22 |  999.64 |  992.94 |  999.47 |  996.48 | 1002.33 |  997.91 |  998.52 |  997.08 | 1002.78 |  998.24 |  992.30 |  998.21 | 1002.39 |  992.52 |  993.39 |  998.99 |  999.27 |  996.52 |  996.18 |  992.55 |  998.78 |  993.36 |  999.45 | 1002.51 |  996.35 |
|        96 | 1001.26 | 1003.50 |  995.84 |  996.16 |  992.58 |  994.79 | 1002.54 |  996.18 | 1000.92 |  999.00 |  991.95 |  998.22 |  995.57 | 1002.88 |  994.57 | 1002.37 |  994.38 | 1002.28 |  997.27 | 1004.15 |  999.85 |  998.91 |  999.24 | 1004.73 |  997.33 |  994.26 | 1000.35 | 1005.09 |  994.36 |  993.17 |  999.77 |  999.68 |  999.82 |  996.56 |  996.11 | 1001.42 |  994.16 | 1001.28 | 1005.14 |  996.72 |
|       102 | 1004.17 | 1004.56 |  996.29 |  995.20 |  994.05 |  995.64 | 1004.62 |  998.66 | 1000.41 | 1000.81 |  993.09 | 1000.37 |  997.81 | 1004.68 |  997.90 | 1004.88 |  997.08 | 1005.37 |  998.45 | 1005.85 | 1002.01 |  999.43 | 1001.70 | 1007.36 |  994.03 |  996.26 | 1003.02 | 1007.69 |  995.90 |  994.92 |  999.81 | 1000.55 | 1003.12 |  998.76 | 1001.13 | 1004.36 |  994.99 | 1001.64 | 1006.68 |  997.48 |
|       108 | 1008.04 | 1006.00 |  999.31 |  997.58 |  997.27 |  999.14 | 1006.38 | 1000.93 |  999.06 | 1003.37 |  995.80 | 1002.85 | 1000.93 | 1007.53 | 1001.70 | 1007.59 | 1001.90 | 1008.45 | 1002.31 | 1008.04 | 1004.11 | 1002.11 | 1003.43 | 1009.41 |  995.05 |  997.07 | 1004.72 | 1008.33 |  998.20 |  997.47 | 1000.81 | 1002.74 | 1006.09 | 1002.47 | 1004.53 | 1007.98 |  996.96 | 1004.02 | 1008.30 | 1001.71 |
|       114 | 1010.98 | 1007.92 | 1003.40 | 1000.22 | 1001.53 | 1002.41 | 1007.83 | 1004.10 |  997.56 | 1005.91 | 1000.91 | 1006.53 | 1004.25 | 1011.60 | 1005.01 | 1011.28 | 1005.61 | 1010.93 | 1007.05 | 1010.89 | 1006.07 | 1004.23 | 1005.85 | 1010.25 |  999.34 |  999.56 | 1005.38 | 1006.38 | 1001.29 | 1000.60 | 1004.09 | 1006.57 | 1007.87 | 1006.12 | 1003.58 | 1010.09 |  999.81 | 1007.98 | 1009.84 | 1005.82 |
|       120 | 1012.35 | 1008.67 | 1005.34 | 1002.33 | 1004.41 | 1004.58 | 1009.23 | 1006.87 | 1001.82 | 1009.70 | 1006.20 | 1009.31 | 1007.37 | 1015.39 | 1005.26 | 1013.86 | 1008.91 | 1012.73 | 1010.97 | 1011.69 | 1008.15 | 1006.34 | 1007.36 | 1008.99 | 1005.56 | 1001.91 | 1003.75 | 1001.12 | 1005.22 | 1003.35 | 1008.08 | 1009.34 | 1008.92 | 1009.94 |  997.74 | 1007.98 | 1004.39 | 1012.07 | 1012.36 | 1009.30 |
