# variable: Mean Sea Level Pressure
# units: hPa
# 
| fcst_hour |       1 |       2 |       3 |       4 |       5 |       6 |       7 |       8 |       9 |      10 |      11 |      12 |      13 |      14 |      15 |      16 |      17 |      18 |      19 |      20 |      21 |      22 |      23 |      24 |      25 |      26 |      27 |      28 |      29 |      30 |      31 |      32 |      33 |      34 |      35 |      36 |      37 |      38 |      39 |      40 |
|         0 | 1026.29 | 1026.02 | 1026.62 | 1027.10 | 1025.92 | 1026.26 | 1028.33 | 1027.30 | 1026.30 | 1027.24 | 1026.32 | 1027.09 | 1026.67 | 1027.15 | 1026.66 | 1026.59 | 1026.05 | 1027.59 | 1026.38 | 1025.62 | 1026.33 | 1026.83 | 1025.85 | 1027.50 | 1027.30 | 1025.49 | 1026.74 | 1026.04 | 1027.59 | 1026.75 | 1026.40 | 1026.60 | 1026.66 | 1027.39 | 1026.69 | 1027.49 | 1026.87 | 1027.36 | 1027.10 | 1027.16 |
|         1 | 1026.02 | 1025.55 | 1026.49 | 1026.71 | 1025.74 | 1025.84 | 1028.01 | 1026.84 | 1026.19 | 1026.92 | 1026.11 | 1026.88 | 1026.65 | 1027.21 | 1026.52 | 1026.32 | 1026.21 | 1027.69 | 1026.77 | 1025.66 | 1026.30 | 1026.84 | 1025.69 | 1027.21 | 1026.97 | 1025.37 | 1026.40 | 1025.88 | 1027.08 | 1026.67 | 1026.28 | 1026.28 | 1026.73 | 1027.06 | 1026.30 | 1027.34 | 1027.06 | 1027.30 | 1026.81 | 1026.99 |
|         2 | 1025.89 | 1025.53 | 1026.77 | 1026.86 | 1025.71 | 1025.92 | 1027.89 | 1026.76 | 1026.33 | 1026.87 | 1025.95 | 1026.81 | 1027.00 | 1027.01 | 1026.13 | 1026.38 | 1026.45 | 1027.36 | 1026.93 | 1025.29 | 1026.22 | 1026.94 | 1025.55 | 1027.28 | 1026.84 | 1025.24 | 1026.46 | 1026.21 | 1026.74 | 1026.46 | 1026.08 | 1026.21 | 1026.88 | 1027.16 | 1026.52 | 1027.18 | 1027.26 | 1027.48 | 1026.74 | 1026.91 |
|         3 | 1025.50 | 1024.98 | 1026.12 | 1026.34 | 1025.50 | 1025.64 | 1027.44 | 1026.30 | 1025.76 | 1026.63 | 1025.60 | 1026.62 | 1026.46 | 1026.41 | 1025.89 | 1025.66 | 1025.93 | 1026.70 | 1026.74 | 1024.67 | 1025.74 | 1026.22 | 1025.28 | 1026.75 | 1026.14 | 1024.88 | 1026.07 | 1025.82 | 1026.29 | 1026.09 | 1025.66 | 1025.72 | 1026.20 | 1026.65 | 1026.12 | 1026.81 | 1027.12 | 1026.70 | 1026.03 | 1026.81 |
|         4 | 1025.37 | 1024.79 | 1025.70 | 1026.00 | 1025.31 | 1025.23 | 1027.27 | 1026.08 | 1025.24 | 1026.38 | 1025.49 | 1026.68 | 1026.00 | 1026.11 | 1025.36 | 1025.19 | 1025.32 | 1026.04 | 1026.63 | 1024.33 | 1025.43 | 1025.51 | 1025.04 | 1026.40 | 1025.95 | 1024.67 | 1025.92 | 1025.43 | 1025.95 | 1025.73 | 1025.43 | 1025.46 | 1025.50 | 1026.33 | 1025.78 | 1026.62 | 1026.88 | 1026.22 | 1025.46 | 1026.60 |
|         5 | 1025.67 | 1025.30 | 1025.91 | 1026.30 | 1025.72 | 1025.33 | 1027.85 | 1026.70 | 1025.13 | 1026.56 | 1025.98 | 1026.95 | 1026.35 | 1026.53 | 1025.84 | 1025.52 | 1025.67 | 1025.91 | 1026.94 | 1024.89 | 1025.70 | 1025.60 | 1025.54 | 1026.54 | 1026.22 | 1025.13 | 1026.26 | 1025.39 | 1026.45 | 1026.13 | 1025.99 | 1025.74 | 1025.73 | 1026.52 | 1025.80 | 1026.88 | 1026.93 | 1026.36 | 1025.57 | 1026.75 |
|         6 | 1026.22 | 1025.99 | 1026.52 | 1026.51 | 1026.13 | 1025.72 | 1028.41 | 1027.28 | 1025.28 | 1026.70 | 1026.28 | 1027.03 | 1026.86 | 1026.99 | 1026.47 | 1026.19 | 1026.10 | 1026.36 | 1027.16 | 1025.52 | 1026.14 | 1026.02 | 1026.14 | 1026.88 | 1026.61 | 1025.66 | 1026.56 | 1025.79 | 1027.00 | 1026.67 | 1026.42 | 1026.26 | 1026.33 | 1026.96 | 1025.87 | 1027.35 | 1027.18 | 1026.89 | 1026.04 | 1026.96 |
|         7 | 1026.25 | 1025.96 | 1026.81 | 1026.43 | 1026.10 | 1025.54 | 1028.49 | 1027.04 | 1025.18 | 1026.90 | 1026.29 | 1026.88 | 1026.97 | 1027.03 | 1026.74 | 1026.34 | 1026.30 | 1026.49 | 1027.07 | 1025.60 | 1026.29 | 1025.91 | 1026.46 | 1026.88 | 1026.57 | 1025.45 | 1026.27 | 1025.94 | 1027.11 | 1026.84 | 1026.41 | 1026.35 | 1026.69 | 1026.97 | 1025.89 | 1027.35 | 1026.91 | 1026.95 | 1026.20 | 1027.11 |
|         8 | 1026.15 | 1025.69 | 1026.73 | 1026.28 | 1026.02 | 1025.33 | 1028.43 | 1026.77 | 1025.36 | 1027.02 | 1026.41 | 1026.45 | 1026.94 | 1026.80 | 1026.71 | 1026.43 | 1026.26 | 1026.52 | 1027.09 | 1025.61 | 1026.34 | 1025.78 | 1026.41 | 1026.82 | 1026.65 | 1025.29 | 1025.88 | 1025.99 | 1027.13 | 1026.65 | 1026.45 | 1026.15 | 1026.63 | 1026.86 | 1025.68 | 1027.39 | 1026.94 | 1026.67 | 1026.11 | 1027.29 |
|         9 | 1026.02 | 1025.95 | 1026.84 | 1026.30 | 1026.18 | 1025.36 | 1028.41 | 1026.81 | 1025.92 | 1027.36 | 1026.69 | 1026.52 | 1027.04 | 1026.59 | 1026.76 | 1026.67 | 1026.50 | 1026.47 | 1027.53 | 1025.75 | 1026.59 | 1025.71 | 1026.75 | 1027.05 | 1027.07 | 1025.42 | 1026.16 | 1026.31 | 1027.13 | 1026.53 | 1026.61 | 1026.12 | 1027.02 | 1026.87 | 1025.64 | 1027.41 | 1027.06 | 1026.43 | 1026.10 | 1027.44 |
|        10 | 1026.41 | 1026.36 | 1027.10 | 1026.60 | 1026.44 | 1025.62 | 1028.66 | 1027.14 | 1026.29 | 1027.59 | 1026.89 | 1026.70 | 1027.34 | 1026.61 | 1027.08 | 1027.04 | 1026.89 | 1026.54 | 1027.52 | 1026.03 | 1026.75 | 1025.87 | 1027.00 | 1027.26 | 1027.34 | 1025.83 | 1026.69 | 1026.55 | 1027.43 | 1026.86 | 1026.92 | 1026.35 | 1027.66 | 1027.05 | 1025.85 | 1027.51 | 1027.24 | 1026.41 | 1026.41 | 1027.58 |
|        11 | 1026.39 | 1026.13 | 1026.91 | 1026.38 | 1026.44 | 1025.44 | 1028.51 | 1027.26 | 1026.15 | 1027.26 | 1027.04 | 1026.50 | 1027.29 | 1026.44 | 1027.11 | 1026.72 | 1026.78 | 1026.09 | 1027.37 | 1025.81 | 1026.64 | 1025.76 | 1026.86 | 1027.04 | 1027.01 | 1025.77 | 1026.81 | 1026.43 | 1027.15 | 1026.76 | 1026.88 | 1026.35 | 1027.70 | 1027.20 | 1025.74 | 1027.27 | 1027.05 | 1026.18 | 1026.56 | 1027.46 |
|        12 | 1026.00 | 1025.56 | 1026.73 | 1026.13 | 1026.19 | 1025.10 | 1028.12 | 1026.96 | 1025.69 | 1027.01 | 1026.67 | 1025.92 | 1027.22 | 1025.88 | 1026.61 | 1026.13 | 1026.22 | 1025.40 | 1027.01 | 1025.44 | 1026.30 | 1025.42 | 1026.32 | 1026.69 | 1026.53 | 1025.51 | 1026.56 | 1026.17 | 1026.71 | 1026.61 | 1026.59 | 1026.05 | 1027.24 | 1026.72 | 1025.19 | 1027.04 | 1026.69 | 1025.73 | 1026.46 | 1027.18 |
|        13 | 1025.89 | 1025.34 | 1026.79 | 1025.98 | 1026.10 | 1025.06 | 1028.22 | 1026.70 | 1025.67 | 1026.71 | 1026.73 | 1025.89 | 1027.20 | 1025.61 | 1026.44 | 1025.94 | 1025.98 | 1025.12 | 1026.90 | 1025.31 | 1026.02 | 1025.26 | 1026.34 | 1026.57 | 1026.49 | 1025.59 | 1026.70 | 1026.43 | 1026.53 | 1026.43 | 1026.62 | 1026.04 | 1027.22 | 1026.49 | 1024.80 | 1027.14 | 1026.67 | 1025.66 | 1026.43 | 1027.19 |
|        14 | 1025.62 | 1025.35 | 1026.86 | 1025.95 | 1026.02 | 1025.25 | 1028.58 | 1026.69 | 1025.60 | 1026.46 | 1026.65 | 1025.78 | 1026.95 | 1025.27 | 1026.34 | 1026.06 | 1026.13 | 1024.83 | 1026.94 | 1025.33 | 1025.99 | 1025.18 | 1026.57 | 1026.57 | 1026.65 | 1025.32 | 1027.05 | 1026.41 | 1026.60 | 1026.00 | 1026.57 | 1026.03 | 1027.28 | 1026.31 | 1024.55 | 1027.26 | 1026.52 | 1025.36 | 1026.09 | 1027.00 |
|        15 | 1025.67 | 1025.66 | 1026.92 | 1025.95 | 1026.19 | 1025.45 | 1028.91 | 1026.92 | 1025.55 | 1026.47 | 1026.67 | 1025.79 | 1026.92 | 1025.24 | 1026.36 | 1026.22 | 1026.49 | 1024.62 | 1026.93 | 1025.51 | 1026.10 | 1025.18 | 1026.95 | 1026.62 | 1026.73 | 1025.17 | 1027.28 | 1026.51 | 1026.93 | 1025.94 | 1026.74 | 1026.25 | 1027.58 | 1026.46 | 1024.87 | 1027.36 | 1026.11 | 1025.70 | 1026.14 | 1027.00 |
|        16 | 1025.67 | 1025.65 | 1026.98 | 1025.89 | 1026.17 | 1025.28 | 1028.82 | 1027.03 | 1025.62 | 1026.36 | 1026.62 | 1025.84 | 1026.88 | 1025.29 | 1026.36 | 1026.20 | 1026.53 | 1024.31 | 1026.79 | 1025.47 | 1025.98 | 1025.08 | 1027.01 | 1026.51 | 1026.73 | 1025.19 | 1027.24 | 1026.60 | 1027.04 | 1025.95 | 1026.73 | 1026.38 | 1027.73 | 1026.62 | 1024.86 | 1027.14 | 1025.68 | 1025.57 | 1026.31 | 1027.10 |
|        17 | 1025.81 | 1025.75 | 1027.21 | 1026.01 | 1026.61 | 1025.35 | 1028.81 | 1027.19 | 1025.95 | 1026.38 | 1026.75 | 1026.13 | 1027.23 | 1025.38 | 1026.47 | 1026.46 | 1026.60 | 1024.27 | 1026.92 | 1025.48 | 1025.97 | 1025.33 | 1027.17 | 1026.55 | 1026.85 | 1025.48 | 1027.47 | 1026.94 | 1027.13 | 1026.24 | 1027.14 | 1026.54 | 1027.92 | 1026.87 | 1025.09 | 1027.34 | 1025.66 | 1025.45 | 1026.74 | 1027.33 |
|        18 | 1026.02 | 1026.13 | 1027.40 | 1026.37 | 1027.08 | 1026.08 | 1029.28 | 1027.42 | 1026.52 | 1026.61 | 1027.12 | 1026.55 | 1027.63 | 1025.34 | 1026.81 | 1027.01 | 1026.89 | 1024.37 | 1027.29 | 1025.66 | 1026.37 | 1025.77 | 1027.56 | 1026.95 | 1026.94 | 1025.93 | 1028.09 | 1027.52 | 1027.47 | 1026.50 | 1027.77 | 1026.83 | 1028.53 | 1027.03 | 1025.45 | 1027.82 | 1026.14 | 1025.59 | 1026.97 | 1027.52 |
|        19 | 1026.23 | 1026.43 | 1027.28 | 1026.66 | 1027.62 | 1026.62 | 1029.69 | 1027.75 | 1026.88 | 1026.90 | 1027.38 | 1026.86 | 1027.98 | 1025.42 | 1027.06 | 1027.64 | 1027.43 | 1024.47 | 1027.51 | 1025.97 | 1026.97 | 1025.97 | 1028.08 | 1027.29 | 1026.95 | 1026.24 | 1028.79 | 1027.84 | 1027.70 | 1026.51 | 1028.06 | 1026.98 | 1028.99 | 1027.40 | 1025.72 | 1028.37 | 1026.59 | 1026.16 | 1027.21 | 1027.66 |
|        20 | 1026.26 | 1026.56 | 1027.34 | 1026.70 | 1027.88 | 1026.91 | 1029.81 | 1027.93 | 1027.24 | 1027.03 | 1027.59 | 1027.01 | 1028.13 | 1025.43 | 1027.21 | 1027.88 | 1027.62 | 1024.43 | 1027.67 | 1026.23 | 1027.32 | 1026.03 | 1028.46 | 1027.35 | 1026.92 | 1026.49 | 1029.20 | 1028.02 | 1028.07 | 1026.57 | 1028.15 | 1027.16 | 1029.21 | 1027.67 | 1025.86 | 1028.56 | 1026.75 | 1026.70 | 1027.74 | 1027.99 |
|        21 | 1026.36 | 1026.63 | 1027.39 | 1026.81 | 1028.04 | 1027.32 | 1029.90 | 1028.16 | 1027.44 | 1027.12 | 1027.78 | 1027.03 | 1028.19 | 1025.50 | 1027.30 | 1027.87 | 1027.66 | 1024.14 | 1027.73 | 1026.40 | 1027.47 | 1026.30 | 1028.74 | 1027.36 | 1027.00 | 1026.84 | 1029.30 | 1027.91 | 1028.44 | 1026.74 | 1028.21 | 1027.41 | 1029.25 | 1027.98 | 1025.82 | 1028.42 | 1026.73 | 1027.05 | 1028.03 | 1028.31 |
|        22 | 1026.66 | 1026.72 | 1027.40 | 1026.93 | 1028.16 | 1027.37 | 1030.13 | 1028.45 | 1027.77 | 1027.15 | 1028.05 | 1027.28 | 1028.35 | 1025.74 | 1027.10 | 1027.95 | 1027.79 | 1023.92 | 1027.95 | 1026.54 | 1027.73 | 1026.70 | 1028.93 | 1027.41 | 1027.00 | 1026.77 | 1029.19 | 1027.80 | 1028.64 | 1026.86 | 1028.43 | 1027.73 | 1029.66 | 1028.19 | 1026.04 | 1028.47 | 1026.74 | 1027.02 | 1028.04 | 1028.54 |
|        23 | 1026.44 | 1026.81 | 1027.46 | 1026.99 | 1028.42 | 1027.40 | 1030.24 | 1028.59 | 1028.05 | 1027.14 | 1028.12 | 1027.23 | 1028.47 | 1025.60 | 1027.04 | 1028.02 | 1027.88 | 1023.89 | 1028.03 | 1026.68 | 1028.04 | 1026.80 | 1028.93 | 1027.41 | 1027.12 | 1026.54 | 1029.18 | 1027.71 | 1028.65 | 1026.86 | 1028.51 | 1027.76 | 1029.95 | 1027.97 | 1026.11 | 1028.40 | 1026.65 | 1026.66 | 1027.88 | 1028.65 |
|        24 | 1026.35 | 1026.74 | 1027.35 | 1026.92 | 1028.53 | 1027.42 | 1030.28 | 1028.60 | 1028.41 | 1027.12 | 1028.09 | 1027.42 | 1028.61 | 1025.54 | 1026.95 | 1028.12 | 1027.95 | 1024.05 | 1027.91 | 1026.57 | 1028.20 | 1026.95 | 1029.21 | 1027.40 | 1027.13 | 1026.50 | 1029.21 | 1027.81 | 1028.97 | 1026.86 | 1028.69 | 1027.74 | 1030.13 | 1027.73 | 1026.25 | 1028.41 | 1026.53 | 1026.66 | 1027.99 | 1028.87 |
|        25 | 1026.51 | 1027.06 | 1027.37 | 1027.02 | 1028.73 | 1027.47 | 1030.44 | 1028.70 | 1028.68 | 1027.20 | 1028.21 | 1027.72 | 1028.88 | 1025.73 | 1027.16 | 1028.32 | 1028.24 | 1024.15 | 1028.16 | 1026.45 | 1028.21 | 1027.34 | 1029.54 | 1027.28 | 1027.17 | 1026.68 | 1029.33 | 1028.20 | 1029.44 | 1026.87 | 1028.86 | 1027.99 | 1030.44 | 1027.54 | 1026.39 | 1028.43 | 1026.42 | 1027.04 | 1028.43 | 1029.29 |
|        26 | 1026.30 | 1027.15 | 1027.12 | 1027.00 | 1028.80 | 1027.41 | 1030.48 | 1028.65 | 1028.74 | 1027.25 | 1028.20 | 1027.79 | 1028.84 | 1025.63 | 1026.99 | 1028.35 | 1028.83 | 1023.82 | 1028.17 | 1026.37 | 1027.97 | 1027.37 | 1029.46 | 1026.96 | 1027.06 | 1026.68 | 1029.27 | 1028.49 | 1029.70 | 1026.57 | 1028.80 | 1028.08 | 1030.48 | 1027.29 | 1026.31 | 1028.13 | 1026.28 | 1027.43 | 1028.27 | 1029.34 |
|        27 | 1026.05 | 1027.18 | 1026.97 | 1026.88 | 1028.95 | 1027.26 | 1030.55 | 1028.46 | 1028.69 | 1027.39 | 1028.23 | 1027.78 | 1028.88 | 1025.36 | 1026.63 | 1028.82 | 1028.85 | 1023.64 | 1028.28 | 1026.20 | 1027.85 | 1027.27 | 1029.49 | 1026.67 | 1026.70 | 1026.56 | 1029.26 | 1028.41 | 1029.52 | 1026.02 | 1028.72 | 1028.07 | 1030.49 | 1027.16 | 1026.15 | 1028.08 | 1025.96 | 1027.55 | 1028.05 | 1029.40 |
|        28 | 1025.80 | 1027.21 | 1026.67 | 1026.93 | 1028.88 | 1027.00 | 1030.41 | 1028.23 | 1028.66 | 1027.45 | 1028.11 | 1027.54 | 1028.78 | 1024.96 | 1026.42 | 1028.71 | 1028.89 | 1023.67 | 1028.28 | 1026.18 | 1027.68 | 1027.14 | 1029.60 | 1026.50 | 1026.23 | 1026.62 | 1029.33 | 1028.04 | 1029.71 | 1025.64 | 1028.66 | 1028.35 | 1030.85 | 1027.17 | 1025.83 | 1028.16 | 1025.79 | 1027.45 | 1028.03 | 1029.35 |
|        29 | 1025.73 | 1027.33 | 1026.31 | 1027.01 | 1028.97 | 1026.96 | 1030.27 | 1028.40 | 1028.89 | 1027.33 | 1028.13 | 1027.44 | 1028.62 | 1024.61 | 1026.43 | 1028.74 | 1028.66 | 1023.80 | 1028.34 | 1026.30 | 1027.71 | 1027.43 | 1029.74 | 1026.48 | 1026.28 | 1026.72 | 1029.71 | 1027.62 | 1029.85 | 1025.61 | 1028.72 | 1028.52 | 1031.27 | 1027.16 | 1025.74 | 1028.30 | 1025.70 | 1027.47 | 1028.06 | 1029.30 |
|        30 | 1025.68 | 1027.40 | 1026.08 | 1027.21 | 1029.11 | 1026.84 | 1030.29 | 1028.62 | 1029.07 | 1027.29 | 1028.12 | 1027.43 | 1028.42 | 1024.73 | 1026.49 | 1028.59 | 1028.63 | 1023.88 | 1028.30 | 1026.28 | 1027.91 | 1027.61 | 1029.79 | 1026.37 | 1026.27 | 1026.74 | 1029.68 | 1027.38 | 1029.81 | 1025.37 | 1028.72 | 1028.37 | 1031.23 | 1027.05 | 1025.77 | 1028.15 | 1025.62 | 1027.52 | 1027.98 | 1029.54 |
|        31 | 1025.68 | 1027.64 | 1026.06 | 1027.59 | 1029.32 | 1026.82 | 1030.49 | 1028.74 | 1029.31 | 1027.48 | 1028.18 | 1027.55 | 1028.43 | 1024.66 | 1026.71 | 1028.68 | 1028.54 | 1023.89 | 1028.51 | 1026.34 | 1027.97 | 1027.92 | 1029.91 | 1026.27 | 1026.16 | 1026.79 | 1029.54 | 1027.20 | 1029.94 | 1025.33 | 1029.02 | 1028.33 | 1031.43 | 1026.79 | 1026.01 | 1028.20 | 1025.55 | 1027.74 | 1028.14 | 1029.72 |
|        32 | 1025.87 | 1027.77 | 1026.17 | 1027.89 | 1029.52 | 1026.85 | 1030.51 | 1028.76 | 1029.73 | 1027.80 | 1028.09 | 1027.84 | 1028.63 | 1024.83 | 1026.81 | 1028.74 | 1028.61 | 1024.16 | 1028.77 | 1026.26 | 1027.95 | 1028.09 | 1030.07 | 1026.19 | 1026.26 | 1027.10 | 1029.37 | 1026.94 | 1030.33 | 1025.61 | 1029.35 | 1028.53 | 1031.55 | 1026.67 | 1026.07 | 1028.44 | 1025.61 | 1027.86 | 1028.49 | 1029.96 |
|        33 | 1025.86 | 1027.77 | 1026.09 | 1027.88 | 1029.46 | 1026.69 | 1030.14 | 1028.47 | 1029.85 | 1028.02 | 1028.07 | 1027.94 | 1028.40 | 1024.40 | 1026.67 | 1028.49 | 1028.16 | 1024.47 | 1028.79 | 1026.13 | 1027.93 | 1027.96 | 1030.03 | 1025.97 | 1025.98 | 1027.31 | 1028.92 | 1026.80 | 1030.46 | 1025.75 | 1029.40 | 1028.68 | 1031.34 | 1026.75 | 1026.03 | 1028.35 | 1025.68 | 1027.89 | 1028.50 | 1030.07 |
|        34 | 1025.40 | 1027.68 | 1025.84 | 1027.78 | 1029.24 | 1026.65 | 1029.94 | 1028.29 | 1029.73 | 1028.11 | 1028.13 | 1027.94 | 1028.13 | 1024.26 | 1026.61 | 1028.32 | 1028.04 | 1024.58 | 1028.77 | 1026.20 | 1027.90 | 1027.73 | 1030.08 | 1025.62 | 1025.88 | 1027.28 | 1028.88 | 1026.53 | 1030.56 | 1025.54 | 1029.17 | 1028.46 | 1031.11 | 1026.45 | 1025.92 | 1028.12 | 1025.40 | 1027.89 | 1028.48 | 1029.29 |
|        35 | 1024.84 | 1027.42 | 1025.29 | 1027.38 | 1028.92 | 1026.14 | 1029.53 | 1027.89 | 1029.43 | 1027.63 | 1027.70 | 1027.80 | 1027.63 | 1023.93 | 1026.17 | 1027.81 | 1027.54 | 1024.50 | 1028.28 | 1025.90 | 1027.66 | 1027.55 | 1029.68 | 1024.93 | 1025.56 | 1026.91 | 1028.51 | 1025.79 | 1030.42 | 1024.87 | 1028.51 | 1027.93 | 1030.80 | 1025.78 | 1025.47 | 1027.63 | 1024.75 | 1027.62 | 1028.11 | 1028.81 |
|        36 | 1024.40 | 1027.07 | 1024.81 | 1027.22 | 1028.70 | 1025.58 | 1029.08 | 1027.65 | 1028.99 | 1027.14 | 1027.25 | 1027.27 | 1027.20 | 1023.80 | 1025.74 | 1027.27 | 1027.02 | 1024.34 | 1027.83 | 1025.33 | 1027.18 | 1027.16 | 1029.25 | 1024.44 | 1025.25 | 1026.61 | 1027.94 | 1025.09 | 1030.10 | 1024.10 | 1027.95 | 1027.16 | 1030.61 | 1025.11 | 1024.76 | 1027.33 | 1024.27 | 1027.19 | 1027.72 | 1028.21 |
|        37 | 1024.34 | 1026.92 | 1024.59 | 1027.11 | 1028.63 | 1025.06 | 1028.77 | 1027.22 | 1028.92 | 1027.14 | 1027.05 | 1026.91 | 1026.90 | 1023.81 | 1025.33 | 1026.73 | 1026.60 | 1024.28 | 1027.67 | 1024.81 | 1026.87 | 1026.93 | 1028.88 | 1024.21 | 1025.12 | 1026.39 | 1027.36 | 1024.70 | 1029.78 | 1023.44 | 1027.64 | 1026.52 | 1030.43 | 1024.76 | 1024.56 | 1027.15 | 1024.26 | 1026.80 | 1027.70 | 1027.95 |
|        38 | 1024.25 | 1026.86 | 1024.41 | 1026.93 | 1028.51 | 1024.69 | 1028.24 | 1026.80 | 1028.73 | 1027.07 | 1026.93 | 1026.41 | 1026.65 | 1023.68 | 1025.09 | 1026.33 | 1026.75 | 1024.34 | 1027.63 | 1024.28 | 1026.54 | 1026.81 | 1028.47 | 1024.02 | 1024.87 | 1026.21 | 1026.86 | 1024.36 | 1029.46 | 1023.13 | 1027.36 | 1026.07 | 1030.12 | 1024.54 | 1024.37 | 1026.94 | 1024.24 | 1026.45 | 1027.71 | 1027.68 |
|        39 | 1023.94 | 1026.55 | 1024.02 | 1026.53 | 1028.22 | 1024.14 | 1027.44 | 1026.25 | 1028.38 | 1026.82 | 1026.60 | 1025.87 | 1026.21 | 1023.24 | 1024.79 | 1025.80 | 1026.11 | 1024.21 | 1027.46 | 1023.78 | 1025.96 | 1026.36 | 1028.05 | 1023.53 | 1024.41 | 1026.00 | 1026.09 | 1023.87 | 1028.95 | 1022.83 | 1026.89 | 1025.68 | 1029.70 | 1024.13 | 1023.91 | 1026.25 | 1023.83 | 1025.95 | 1027.26 | 1027.32 |
|        40 | 1023.50 | 1026.11 | 1023.58 | 1026.11 | 1027.92 | 1023.42 | 1026.60 | 1025.64 | 1027.85 | 1026.49 | 1026.20 | 1025.42 | 1025.58 | 1022.94 | 1024.43 | 1025.09 | 1025.33 | 1023.89 | 1026.97 | 1023.26 | 1025.38 | 1025.79 | 1027.55 | 1022.87 | 1023.95 | 1025.82 | 1025.47 | 1023.27 | 1028.48 | 1022.46 | 1026.32 | 1025.21 | 1029.20 | 1023.63 | 1023.38 | 1025.58 | 1023.46 | 1025.31 | 1026.63 | 1026.83 |
|        41 | 1023.26 | 1025.83 | 1023.31 | 1025.78 | 1027.60 | 1022.81 | 1026.22 | 1025.22 | 1027.39 | 1026.30 | 1025.87 | 1024.93 | 1025.08 | 1022.78 | 1024.11 | 1024.46 | 1024.81 | 1023.73 | 1026.70 | 1022.89 | 1024.90 | 1025.43 | 1027.00 | 1022.49 | 1023.72 | 1025.84 | 1025.11 | 1022.77 | 1028.18 | 1022.06 | 1025.85 | 1024.72 | 1028.71 | 1023.20 | 1023.14 | 1025.30 | 1023.15 | 1024.94 | 1026.35 | 1026.43 |
|        42 | 1023.27 | 1025.79 | 1023.27 | 1025.68 | 1027.48 | 1022.54 | 1026.08 | 1025.03 | 1027.09 | 1026.32 | 1025.87 | 1024.75 | 1024.91 | 1023.02 | 1023.96 | 1024.03 | 1024.57 | 1023.91 | 1026.60 | 1022.70 | 1024.57 | 1025.29 | 1026.66 | 1022.49 | 1023.73 | 1025.96 | 1025.03 | 1022.41 | 1027.97 | 1021.79 | 1025.54 | 1024.45 | 1028.48 | 1023.01 | 1023.14 | 1025.25 | 1023.07 | 1024.74 | 1026.42 | 1026.16 |
|        43 | 1023.26 | 1025.64 | 1023.43 | 1025.58 | 1027.26 | 1022.38 | 1025.80 | 1024.74 | 1026.82 | 1026.14 | 1025.81 | 1024.61 | 1024.80 | 1023.24 | 1023.81 | 1023.70 | 1024.49 | 1024.11 | 1026.30 | 1022.42 | 1024.22 | 1025.06 | 1026.26 | 1022.53 | 1023.72 | 1025.85 | 1024.85 | 1022.16 | 1027.55 | 1021.54 | 1025.07 | 1024.32 | 1028.19 | 1022.76 | 1023.03 | 1025.20 | 1022.91 | 1024.84 | 1026.42 | 1025.75 |
|        44 | 1023.04 | 1025.28 | 1023.39 | 1025.29 | 1026.93 | 1021.94 | 1025.20 | 1024.30 | 1026.42 | 1025.95 | 1025.52 | 1024.13 | 1024.58 | 1023.09 | 1023.47 | 1023.32 | 1023.94 | 1024.04 | 1025.92 | 1021.79 | 1023.68 | 1024.62 | 1025.88 | 1022.18 | 1023.27 | 1025.59 | 1024.37 | 1021.90 | 1026.76 | 1021.21 | 1024.43 | 1023.90 | 1027.59 | 1022.36 | 1022.71 | 1024.97 | 1022.50 | 1024.74 | 1026.08 | 1025.27 |
|        45 | 1022.54 | 1024.83 | 1023.01 | 1024.80 | 1026.51 | 1021.43 | 1024.46 | 1023.68 | 1026.03 | 1025.48 | 1025.26 | 1023.71 | 1024.09 | 1022.72 | 1022.78 | 1022.64 | 1023.29 | 1023.63 | 1025.52 | 1021.16 | 1023.09 | 1024.27 | 1025.15 | 1021.72 | 1022.65 | 1025.18 | 1023.80 | 1021.28 | 1025.98 | 1020.68 | 1023.70 | 1023.29 | 1026.89 | 1021.76 | 1022.36 | 1024.57 | 1022.01 | 1024.15 | 1025.55 | 1024.69 |
|        46 | 1022.13 | 1024.46 | 1022.81 | 1024.43 | 1026.19 | 1020.75 | 1023.85 | 1023.16 | 1025.54 | 1025.02 | 1024.92 | 1023.37 | 1023.62 | 1022.56 | 1022.25 | 1022.16 | 1022.86 | 1023.04 | 1025.06 | 1020.62 | 1022.48 | 1023.86 | 1024.69 | 1021.21 | 1022.09 | 1024.87 | 1023.34 | 1020.74 | 1025.38 | 1020.31 | 1023.08 | 1022.65 | 1026.31 | 1021.02 | 1022.01 | 1024.16 | 1021.70 | 1023.30 | 1025.19 | 1024.18 |
|        47 | 1022.08 | 1024.16 | 1022.70 | 1024.00 | 1026.12 | 1020.59 | 1023.47 | 1022.95 | 1025.23 | 1024.66 | 1024.69 | 1023.10 | 1023.43 | 1022.62 | 1021.88 | 1021.57 | 1022.49 | 1022.72 | 1024.61 | 1020.25 | 1021.91 | 1023.52 | 1024.39 | 1020.70 | 1021.85 | 1024.79 | 1022.91 | 1019.98 | 1024.82 | 1020.02 | 1022.58 | 1022.11 | 1025.84 | 1020.59 | 1021.68 | 1023.87 | 1021.42 | 1022.90 | 1025.10 | 1023.74 |
|        48 | 1021.89 | 1023.84 | 1022.43 | 1023.72 | 1025.73 | 1019.96 | 1023.01 | 1022.64 | 1024.81 | 1024.50 | 1024.41 | 1022.73 | 1023.21 | 1022.71 | 1021.49 | 1021.00 | 1022.09 | 1022.54 | 1024.20 | 1019.79 | 1021.42 | 1023.08 | 1023.48 | 1020.27 | 1021.56 | 1024.67 | 1022.49 | 1019.24 | 1023.96 | 1019.86 | 1022.08 | 1021.73 | 1025.37 | 1020.11 | 1021.32 | 1023.29 | 1021.08 | 1022.44 | 1024.86 | 1023.21 |
|        51 | 1020.10 | 1021.61 | 1021.31 | 1021.74 | 1023.53 | 1017.92 | 1019.97 | 1020.23 | 1022.15 | 1022.64 | 1023.13 | 1020.60 | 1021.41 | 1021.51 | 1019.24 | 1018.07 | 1019.54 | 1021.03 | 1022.60 | 1017.47 | 1019.10 | 1021.36 | 1020.66 | 1018.21 | 1019.22 | 1023.23 | 1020.68 | 1016.74 | 1021.05 | 1017.39 | 1019.64 | 1020.00 | 1023.36 | 1017.24 | 1019.66 | 1021.36 | 1019.07 | 1020.35 | 1022.48 | 1020.78 |
|        54 | 1018.28 | 1019.41 | 1020.07 | 1019.50 | 1021.62 | 1015.17 | 1017.41 | 1017.89 | 1019.56 | 1020.89 | 1021.22 | 1018.96 | 1020.11 | 1020.58 | 1016.91 | 1015.48 | 1017.29 | 1018.94 | 1020.27 | 1015.29 | 1016.43 | 1019.63 | 1017.22 | 1014.92 | 1016.39 | 1021.00 | 1018.44 | 1013.69 | 1017.03 | 1015.21 | 1016.73 | 1017.26 | 1020.37 | 1013.81 | 1018.39 | 1019.36 | 1016.37 | 1018.23 | 1020.20 | 1017.93 |
|        57 | 1017.30 | 1017.20 | 1019.52 | 1018.76 | 1020.21 | 1013.96 | 1015.77 | 1016.35 | 1018.16 | 1019.26 | 1020.66 | 1017.67 | 1019.52 | 1020.19 | 1015.24 | 1013.81 | 1016.40 | 1017.76 | 1018.72 | 1014.59 | 1015.11 | 1018.47 | 1015.37 | 1012.98 | 1014.71 | 1020.04 | 1017.34 | 1012.14 | 1013.98 | 1012.93 | 1015.22 | 1016.01 | 1018.80 | 1011.77 | 1017.19 | 1018.28 | 1014.84 | 1017.97 | 1018.42 | 1016.31 |
|        60 | 1014.62 | 1014.05 | 1017.22 | 1016.49 | 1016.98 | 1011.05 | 1012.07 | 1013.45 | 1014.69 | 1016.40 | 1018.62 | 1016.05 | 1017.91 | 1017.93 | 1011.82 | 1010.98 | 1013.79 | 1015.40 | 1015.95 | 1013.40 | 1012.06 | 1015.72 | 1011.74 | 1010.22 | 1012.54 | 1017.27 | 1014.17 | 1009.66 | 1010.02 | 1009.77 | 1012.56 | 1012.85 | 1015.24 | 1009.42 | 1014.83 | 1015.20 | 1012.09 | 1016.01 | 1014.70 | 1013.00 |
|        63 | 1012.84 | 1011.69 | 1015.91 | 1014.56 | 1013.83 | 1008.97 | 1009.69 | 1011.60 | 1011.76 | 1013.87 | 1017.24 | 1014.97 | 1016.62 | 1015.51 | 1009.06 | 1009.31 | 1011.96 | 1012.52 | 1013.56 | 1012.82 | 1010.32 | 1013.81 | 1009.80 | 1008.42 | 1010.82 | 1014.59 | 1011.87 | 1008.31 | 1006.06 | 1008.86 | 1010.26 | 1010.33 | 1013.37 | 1006.82 | 1012.30 | 1012.20 | 1009.55 | 1015.56 | 1012.31 | 1010.73 |
|        66 | 1010.78 | 1009.29 | 1014.51 | 1012.97 | 1011.48 | 1006.62 | 1006.91 | 1010.07 | 1009.35 | 1012.22 | 1015.84 | 1013.54 | 1014.71 | 1013.15 | 1006.75 | 1008.36 | 1010.08 | 1010.53 | 1011.08 | 1011.82 | 1008.38 | 1011.11 | 1008.01 | 1006.48 | 1010.54 | 1012.54 | 1009.88 | 1007.84 | 1002.98 | 1006.25 | 1008.50 | 1008.02 | 1011.16 | 1003.75 | 1009.63 | 1009.35 | 1006.69 | 1014.66 | 1010.82 | 1009.06 |
|        69 | 1008.61 | 1007.49 | 1012.71 | 1011.90 | 1009.76 | 1004.70 | 1004.35 | 1008.60 | 1007.71 | 1010.36 | 1014.76 | 1012.90 | 1013.23 | 1010.40 | 1004.70 | 1007.47 | 1008.49 | 1007.70 | 1008.66 | 1011.48 | 1006.90 | 1009.17 | 1005.21 | 1003.83 | 1008.83 | 1010.91 | 1007.61 | 1007.58 | 1001.49 | 1004.46 | 1006.43 | 1006.31 | 1008.80 | 1001.09 | 1007.56 | 1007.66 | 1003.78 | 1014.74 | 1008.98 | 1007.16 |
|        72 | 1006.07 | 1004.97 | 1011.11 | 1010.15 | 1007.61 | 1002.49 | 1001.64 | 1006.26 | 1005.22 | 1008.02 | 1013.58 | 1011.48 | 1011.31 | 1008.09 | 1002.39 | 1006.10 | 1006.19 | 1006.20 | 1006.88 | 1010.29 | 1004.32 | 1007.08 | 1003.16 | 1001.15 | 1006.81 | 1008.57 | 1005.53 | 1007.32 | 1000.74 | 1002.67 | 1003.07 | 1003.77 | 1006.33 |  999.22 | 1006.22 | 1004.61 | 1000.27 | 1014.09 | 1007.17 | 1004.27 |
|        78 | 1000.26 | 1002.69 | 1006.89 | 1005.17 | 1004.12 |  999.56 |  997.10 | 1003.18 | 1001.33 | 1001.71 | 1011.35 | 1008.91 | 1007.40 | 1002.47 |  997.58 | 1002.27 | 1002.65 | 1001.04 | 1001.84 | 1006.83 |  996.80 | 1003.50 | 1000.08 |  995.90 | 1002.28 | 1002.97 | 1000.10 | 1003.78 |  998.83 |  999.22 |  994.36 | 1001.02 | 1002.59 |  996.31 | 1002.39 | 1000.43 |  996.30 | 1011.67 | 1002.88 | 1000.93 |
|        84 | 1002.20 | 1003.14 | 1004.48 | 1002.36 | 1003.85 | 1001.21 |  996.50 | 1003.56 | 1000.79 |  999.82 | 1011.56 | 1007.58 | 1004.97 | 1002.09 |  997.89 | 1001.95 |  999.88 |  998.80 |  997.91 | 1004.16 |  994.11 | 1002.39 | 1001.97 |  996.13 |  998.93 | 1004.42 | 1000.08 | 1001.32 |  996.49 |  999.05 |  994.11 | 1003.85 | 1002.65 | 1001.66 | 1003.19 |  998.11 |  996.06 | 1011.13 | 1001.46 |  998.23 |
|        90 | 1009.83 | 1002.59 | 1004.16 | 1003.27 | 1003.87 | 1000.78 |  997.37 | 1002.41 | 1002.79 | 1003.34 | 1012.94 | 1007.85 | 1005.26 | 1005.87 |  999.58 | 1003.58 | 1001.57 | 1001.97 | 1000.87 | 1002.11 | 1002.09 | 1001.75 | 1007.19 |  997.84 |  998.48 | 1004.81 | 1003.21 | 1006.29 | 1000.10 | 1001.22 |  999.02 | 1009.68 | 1009.52 | 1009.47 | 1007.81 |  999.91 |  996.00 | 1012.45 | 1003.20 |  999.03 |
|        96 | 1014.92 | 1005.02 | 1005.54 | 1004.91 | 1009.74 | 1001.07 | 1001.45 | 1002.46 | 1007.25 | 1008.84 | 1015.72 | 1012.16 | 1005.08 | 1009.38 |  997.99 | 1003.73 | 1005.42 | 1005.25 | 1007.19 | 1001.47 | 1003.44 | 1003.28 | 1012.31 | 1004.15 | 1003.29 | 1003.71 | 1010.75 | 1011.86 | 1001.38 | 1005.06 | 1004.42 | 1014.49 | 1015.37 | 1011.59 | 1014.47 | 1001.83 | 1000.76 | 1013.58 | 1009.12 | 1003.64 |
|       102 | 1014.73 | 1006.40 | 1008.05 | 1005.86 | 1013.88 |  997.20 | 1001.46 | 1002.13 | 1011.04 | 1011.24 | 1017.31 | 1016.23 | 1003.50 | 1011.91 |  992.30 | 1003.51 | 1009.82 | 1006.14 | 1011.86 | 1000.30 | 1007.27 | 1005.84 | 1016.57 | 1006.15 | 1005.52 | 1001.47 | 1012.20 | 1014.23 |  996.96 | 1006.35 | 1006.53 | 1016.39 | 1016.13 | 1011.77 | 1015.42 | 1002.38 | 1004.11 | 1012.49 | 1013.55 | 1000.67 |
|       108 | 1012.79 | 1005.78 | 1009.88 | 1006.97 | 1016.36 |  997.43 |  998.47 | 1003.29 | 1013.63 | 1011.94 | 1017.12 | 1017.74 | 1002.55 | 1013.69 |  990.16 | 1001.96 | 1013.52 | 1004.65 | 1013.56 |  998.87 | 1012.51 | 1007.17 | 1018.99 | 1007.29 | 1004.47 | 1001.41 | 1010.41 | 1016.21 |  993.31 | 1005.62 | 1006.51 | 1017.31 | 1014.00 | 1011.43 | 1012.10 |  999.55 | 1007.31 | 1010.54 | 1015.35 |  994.71 |
|       114 | 1007.72 | 1005.66 | 1011.03 | 1008.60 | 1016.88 |  999.19 |  999.97 | 1004.18 | 1015.56 | 1011.47 | 1016.87 | 1017.14 | 1000.85 | 1013.01 |  987.35 |  998.61 | 1015.23 | 1001.87 | 1013.61 | 1000.23 | 1015.52 | 1007.32 | 1019.78 | 1007.11 | 1002.37 | 1002.39 | 1007.81 | 1018.02 |  993.96 | 1005.06 | 1005.83 | 1017.50 | 1010.38 | 1011.17 | 1006.28 |  997.56 | 1008.56 | 1007.54 | 1014.41 |  997.11 |
|       120 |  999.97 | 1005.96 | 1011.18 | 1008.22 | 1016.30 |  999.17 |  998.52 | 1004.34 | 1017.02 | 1011.01 | 1015.84 | 1015.39 |  999.37 | 1010.05 |  984.39 |  994.91 | 1015.92 |  998.54 | 1012.00 | 1004.12 | 1016.22 | 1007.06 | 1019.46 | 1004.71 | 1001.59 | 1004.77 | 1005.70 | 1018.73 |  991.94 | 1005.43 | 1005.85 | 1016.66 | 1006.88 | 1010.23 | 1001.32 |  999.67 | 1007.61 | 1004.09 | 1012.75 |  997.19 |
