# variable: Temperature at 2m
# units: degree celsius
# 
| fcst_hour |     1 |     2 |     3 |     4 |    5 |     6 |    7 |     8 |     9 |   10 |   11 |    12 |    13 |   14 |    15 |   16 |   17 |    18 |    19 |    20 |    21 |   22 |    23 |    24 |    25 |    26 |   27 |    28 |    29 |    30 |   31 |   32 |    33 |   34 |   35 |   36 |    37 |    38 |   39 |    40 |
|         0 |  2.31 |  2.49 |  3.62 |  4.39 | 3.62 |  3.28 | 3.57 |  3.78 |  3.11 | 2.89 | 3.56 |  3.16 |  2.29 | 3.77 |  3.15 | 3.72 | 2.92 |  3.99 |  4.66 |  3.76 |  2.89 | 3.30 |  2.83 |  4.44 |  2.91 |  3.80 | 3.96 |  3.65 |  3.50 |  2.66 | 3.29 | 4.29 |  2.49 | 3.93 | 4.06 | 3.12 |  3.17 |  2.97 | 3.63 |  3.86 |
|         1 |  2.19 |  1.97 |  2.44 |  3.81 | 2.99 |  2.71 | 3.14 |  3.32 |  2.33 | 2.17 | 2.85 |  2.45 |  1.67 | 3.35 |  2.19 | 2.88 | 2.34 |  3.22 |  4.13 |  2.77 |  2.40 | 2.80 |  2.03 |  3.71 |  2.28 |  3.17 | 3.51 |  2.95 |  2.47 |  2.23 | 2.33 | 3.63 |  1.98 | 2.99 | 3.49 | 2.40 |  2.39 |  2.59 | 2.56 |  3.30 |
|         2 |  1.50 |  1.28 |  1.91 |  3.12 | 1.97 |  2.00 | 2.29 |  2.74 |  1.98 | 1.89 | 1.93 |  1.79 |  1.46 | 2.47 |  1.98 | 2.45 | 1.80 |  2.12 |  3.29 |  1.15 |  1.91 | 2.11 |  1.80 |  2.07 |  1.68 |  1.88 | 2.68 |  2.48 |  2.29 |  1.80 | 1.81 | 2.94 |  1.76 | 2.17 | 2.66 | 1.98 |  1.69 |  2.13 | 2.09 |  2.57 |
|         3 |  1.33 |  0.96 |  1.48 |  2.31 | 2.01 |  1.56 | 1.57 |  1.97 |  1.40 | 1.54 | 1.46 |  1.61 |  0.80 | 1.98 |  1.19 | 2.36 | 1.58 |  1.94 |  2.27 |  1.29 |  1.61 | 1.54 |  1.69 |  2.21 |  1.50 |  1.65 | 1.73 |  2.02 |  1.79 |  1.46 | 1.65 | 2.44 |  1.20 | 1.90 | 2.02 | 1.53 |  1.01 |  1.70 | 1.83 |  2.16 |
|         4 |  1.01 |  0.37 |  0.80 |  2.20 | 1.25 |  1.61 | 1.44 |  1.72 |  1.20 | 1.10 | 1.33 |  1.12 |  1.17 | 1.38 |  0.69 | 1.49 | 1.33 |  1.52 |  1.96 |  1.36 |  1.41 | 1.10 |  1.00 |  1.68 |  1.00 |  1.71 | 2.00 |  1.27 |  1.14 |  1.49 | 1.37 | 1.84 |  1.06 | 1.40 | 1.78 | 1.66 |  0.84 |  1.00 | 1.41 |  1.67 |
|         5 |  0.64 |  0.04 |  0.78 |  2.02 | 0.92 |  1.31 | 1.23 |  1.37 |  0.79 | 0.51 | 0.85 |  0.51 |  0.54 | 0.80 |  0.06 | 1.30 | 1.26 |  1.16 |  1.75 |  1.09 |  1.34 | 1.31 |  0.86 |  1.37 |  0.81 |  1.55 | 1.54 |  0.96 |  0.43 |  1.09 | 1.38 | 1.27 |  1.28 | 0.91 | 1.11 | 1.04 |  0.11 |  0.37 | 1.21 |  1.67 |
|         6 |  0.74 | -0.10 |  0.27 |  2.17 | 0.56 |  0.83 | 1.02 |  1.41 |  0.68 | 0.23 | 0.72 |  0.20 | -0.24 | 0.72 | -0.22 | 0.66 | 1.17 |  1.13 |  1.68 |  0.24 |  1.33 | 1.52 |  0.24 |  1.41 |  0.30 |  1.65 | 0.97 |  0.91 | -0.03 |  0.54 | 1.61 | 0.95 |  1.17 | 1.00 | 0.83 | 0.36 | -0.23 |  0.01 | 0.88 |  1.77 |
|         7 |  0.96 |  0.16 |  0.39 |  2.32 | 0.70 |  0.72 | 1.10 |  1.51 |  0.90 | 0.35 | 0.92 |  0.29 | -0.61 | 0.79 | -0.19 | 0.40 | 0.98 |  1.28 |  1.79 | -0.16 |  1.40 | 1.58 | -0.02 |  1.42 |  0.07 |  1.74 | 0.44 |  1.26 | -0.22 |  0.41 | 1.73 | 1.07 |  0.96 | 1.22 | 0.57 | 0.13 | -0.17 | -0.17 | 1.07 |  1.85 |
|         8 |  1.41 |  0.71 |  1.34 |  2.60 | 1.49 |  1.63 | 1.54 |  1.87 |  1.53 | 1.00 | 1.49 |  0.78 | -0.35 | 1.32 |  0.58 | 0.81 | 1.56 |  1.83 |  2.11 | -0.12 |  1.92 | 1.92 |  0.42 |  1.46 |  0.34 |  2.02 | 0.62 |  1.35 |  0.29 |  0.87 | 1.79 | 1.44 |  1.01 | 1.71 | 0.71 | 0.64 |  0.65 |  0.05 | 1.56 |  2.19 |
|         9 |  2.54 |  1.73 |  1.84 |  3.54 | 2.94 |  2.85 | 2.25 |  2.70 |  2.32 | 2.23 | 2.48 |  1.87 |  0.79 | 2.47 |  1.46 | 1.93 | 2.92 |  2.51 |  2.83 |  1.00 |  3.21 | 2.74 |  1.94 |  2.24 |  1.15 |  3.21 | 1.76 |  1.63 |  1.83 |  2.28 | 2.34 | 2.88 |  1.60 | 2.48 | 1.86 | 2.07 |  1.33 |  1.17 | 2.06 |  3.23 |
|        10 |  3.44 |  2.89 |  2.66 |  5.03 | 4.48 |  3.96 | 3.22 |  4.22 |  3.49 | 3.35 | 3.82 |  2.80 |  2.52 | 3.68 |  2.24 | 3.10 | 5.07 |  3.50 |  4.02 |  2.17 |  4.79 | 4.08 |  3.98 |  2.89 |  3.22 |  4.93 | 2.67 |  2.43 |  3.97 |  3.78 | 3.32 | 4.60 |  2.79 | 3.14 | 3.12 | 3.72 |  1.87 |  3.15 | 3.24 |  4.82 |
|        11 |  4.48 |  4.60 |  4.10 |  6.72 | 5.95 |  5.18 | 4.69 |  5.68 |  4.48 | 5.15 | 5.62 |  4.56 |  4.19 | 4.73 |  3.66 | 3.83 | 6.87 |  4.52 |  5.60 |  3.45 |  6.29 | 5.74 |  4.97 |  3.80 |  5.86 |  6.32 | 3.98 |  3.77 |  5.44 |  5.58 | 4.68 | 6.15 |  3.87 | 4.08 | 4.83 | 4.85 |  3.01 |  4.56 | 4.98 |  6.19 |
|        12 |  5.47 |  6.31 |  5.57 |  8.00 | 7.28 |  6.44 | 6.02 |  6.91 |  5.44 | 6.71 | 7.15 |  6.26 |  5.92 | 5.77 |  5.28 | 4.48 | 8.13 |  5.59 |  7.11 |  5.03 |  7.31 | 7.06 |  6.00 |  5.01 |  7.43 |  7.56 | 5.29 |  4.97 |  6.68 |  7.11 | 5.84 | 7.27 |  4.70 | 5.13 | 6.17 | 5.98 |  4.52 |  5.50 | 6.68 |  7.27 |
|        13 |  6.41 |  7.28 |  6.63 |  8.76 | 8.17 |  7.30 | 6.82 |  7.68 |  6.29 | 7.55 | 8.10 |  7.43 |  6.94 | 6.58 |  6.65 | 5.21 | 8.70 |  6.35 |  8.07 |  6.08 |  7.89 | 7.88 |  6.74 |  5.46 |  8.31 |  8.27 | 6.11 |  5.59 |  7.52 |  8.03 | 6.57 | 7.83 |  5.36 | 6.05 | 6.90 | 6.94 |  5.80 |  6.22 | 7.70 |  8.00 |
|        14 |  6.90 |  7.75 |  7.25 |  9.00 | 8.58 |  7.60 | 7.10 |  7.88 |  6.78 | 7.80 | 8.45 |  7.95 |  7.32 | 6.96 |  7.38 | 5.60 | 8.97 |  6.73 |  8.49 |  6.57 |  8.14 | 8.12 |  6.92 |  5.71 |  8.70 |  8.66 | 6.56 |  6.05 |  7.83 |  8.38 | 6.70 | 8.24 |  5.87 | 6.63 | 7.12 | 7.39 |  6.33 |  6.54 | 8.07 |  8.23 |
|        15 |  6.47 |  7.46 |  7.21 |  8.58 | 8.41 |  7.25 | 6.57 |  7.27 |  6.50 | 7.16 | 8.22 |  7.80 |  6.75 | 6.73 |  7.22 | 5.57 | 8.45 |  6.55 |  8.10 |  6.39 |  7.91 | 7.66 |  6.30 |  5.52 |  8.53 |  8.66 | 6.31 |  5.80 |  7.36 |  7.94 | 6.05 | 8.26 |  5.66 | 6.43 | 6.60 | 6.97 |  6.15 |  6.18 | 7.68 |  7.91 |
|        16 |  5.60 |  6.82 |  6.71 |  8.07 | 7.99 |  7.02 | 5.65 |  6.32 |  6.17 | 6.28 | 7.86 |  7.35 |  5.58 | 6.27 |  6.69 | 5.07 | 7.47 |  6.30 |  7.53 |  6.05 |  7.53 | 6.83 |  5.16 |  5.11 |  7.93 |  8.41 | 5.84 |  5.08 |  6.65 |  7.01 | 5.12 | 8.05 |  5.20 | 5.97 | 5.61 | 6.21 |  5.70 |  5.49 | 7.07 |  7.42 |
|        17 |  5.19 |  6.49 |  6.06 |  7.77 | 7.65 |  6.96 | 5.03 |  6.02 |  6.06 | 5.91 | 7.60 |  7.11 |  4.80 | 6.09 |  6.36 | 4.21 | 6.99 |  6.17 |  7.32 |  6.05 |  7.21 | 6.12 |  4.45 |  5.06 |  7.40 |  8.17 | 5.79 |  4.69 |  6.53 |  6.43 | 4.54 | 7.84 |  5.14 | 5.87 | 4.92 | 5.93 |  5.64 |  5.32 | 6.78 |  7.10 |
|        18 |  5.37 |  6.38 |  5.90 |  7.54 | 7.46 |  6.96 | 4.63 |  6.09 |  6.01 | 5.81 | 7.27 |  6.86 |  4.65 | 5.90 |  6.19 | 3.91 | 6.90 |  6.04 |  7.11 |  6.00 |  7.07 | 5.63 |  4.02 |  5.12 |  7.14 |  7.95 | 5.84 |  4.78 |  6.54 |  6.20 | 4.26 | 7.67 |  5.24 | 5.89 | 4.45 | 5.86 |  5.76 |  5.24 | 6.78 |  6.76 |
|        19 |  5.57 |  6.32 |  5.79 |  7.24 | 7.28 |  6.90 | 4.29 |  6.10 |  5.94 | 5.65 | 6.97 |  6.70 |  4.91 | 5.91 |  5.98 | 4.50 | 6.78 |  5.92 |  6.89 |  5.97 |  6.97 | 5.29 |  3.73 |  5.16 |  6.99 |  7.84 | 5.74 |  5.04 |  6.51 |  6.26 | 3.96 | 7.40 |  5.41 | 5.71 | 3.95 | 5.78 |  5.87 |  5.29 | 6.72 |  6.55 |
|        20 |  5.58 |  6.31 |  5.82 |  7.09 | 7.21 |  6.86 | 4.04 |  6.17 |  6.01 | 5.44 | 6.80 |  6.62 |  5.08 | 6.13 |  5.71 | 4.61 | 6.77 |  5.93 |  6.86 |  6.03 |  6.94 | 5.13 |  3.78 |  5.36 |  6.65 |  7.84 | 5.80 |  5.36 |  6.49 |  6.36 | 3.62 | 7.27 |  5.50 | 5.57 | 3.55 | 5.81 |  5.67 |  5.42 | 6.58 |  6.47 |
|        21 |  5.61 |  6.16 |  5.96 |  7.03 | 7.17 |  6.95 | 3.82 |  6.21 |  5.88 | 5.61 | 6.73 |  6.65 |  5.01 | 6.36 |  5.71 | 4.79 | 6.79 |  5.91 |  6.89 |  6.19 |  7.03 | 5.14 |  4.00 |  5.60 |  6.37 |  7.84 | 5.90 |  5.64 |  6.41 |  6.48 | 3.06 | 7.12 |  5.60 | 5.57 | 3.08 | 5.98 |  5.59 |  5.58 | 6.49 |  6.54 |
|        22 |  5.64 |  6.04 |  6.13 |  7.02 | 7.22 |  7.13 | 3.75 |  6.50 |  5.84 | 5.80 | 6.82 |  6.82 |  4.90 | 6.60 |  5.91 | 5.00 | 6.85 |  5.85 |  6.94 |  6.44 |  7.15 | 5.25 |  4.12 |  5.83 |  6.36 |  7.92 | 6.08 |  5.90 |  6.05 |  6.50 | 2.82 | 7.05 |  5.75 | 5.52 | 3.02 | 6.07 |  5.71 |  5.71 | 6.29 |  6.67 |
|        23 |  5.82 |  5.96 |  6.32 |  7.15 | 7.26 |  7.21 | 3.49 |  6.72 |  5.88 | 5.92 | 6.91 |  6.99 |  4.90 | 6.70 |  6.01 | 5.09 | 6.88 |  5.78 |  6.97 |  6.60 |  7.23 | 5.27 |  4.17 |  6.03 |  6.45 |  7.94 | 6.14 |  5.98 |  5.59 |  6.56 | 2.74 | 7.08 |  5.84 | 5.52 | 2.99 | 5.96 |  5.79 |  5.70 | 5.79 |  6.75 |
|        24 |  5.94 |  5.78 |  6.45 |  7.26 | 7.27 |  7.26 | 3.49 |  6.84 |  5.95 | 5.86 | 6.98 |  7.14 |  4.87 | 6.74 |  6.04 | 5.23 | 6.91 |  5.81 |  6.96 |  6.57 |  7.19 | 5.25 |  3.92 |  6.12 |  6.40 |  7.92 | 6.22 |  5.79 |  5.12 |  6.60 | 2.82 | 7.15 |  5.71 | 5.56 | 2.58 | 5.70 |  5.82 |  5.57 | 5.33 |  6.84 |
|        25 |  5.98 |  5.73 |  6.56 |  7.29 | 7.20 |  7.29 | 3.55 |  6.87 |  5.95 | 5.97 | 7.04 |  7.20 |  4.92 | 6.74 |  6.07 | 5.31 | 6.90 |  5.84 |  6.99 |  6.57 |  7.10 | 5.25 |  3.90 |  6.13 |  6.22 |  7.92 | 6.29 |  5.45 |  4.87 |  6.59 | 2.74 | 7.20 |  5.59 | 5.67 | 2.83 | 5.46 |  5.85 |  5.28 | 5.00 |  6.97 |
|        26 |  6.05 |  5.59 |  6.52 |  7.17 | 7.02 |  7.36 | 3.65 |  6.84 |  5.81 | 6.03 | 7.04 |  7.17 |  4.84 | 6.67 |  6.15 | 5.31 | 6.53 |  5.88 |  6.93 |  6.46 |  6.98 | 5.20 |  3.83 |  6.08 |  6.01 |  7.86 | 6.31 |  5.12 |  4.91 |  6.58 | 2.57 | 7.07 |  5.61 | 5.59 | 3.07 | 5.22 |  5.90 |  5.03 | 4.70 |  7.07 |
|        27 |  6.02 |  5.53 |  6.43 |  7.05 | 6.76 |  7.35 | 3.80 |  6.74 |  5.83 | 6.09 | 7.01 |  7.02 |  4.84 | 6.66 |  6.22 | 5.34 | 6.11 |  5.81 |  6.90 |  6.42 |  6.79 | 4.98 |  3.75 |  5.90 |  5.87 |  7.81 | 6.40 |  5.22 |  5.01 |  6.52 | 2.30 | 6.64 |  5.66 | 5.60 | 3.22 | 5.12 |  5.92 |  4.90 | 4.70 |  7.10 |
|        28 |  5.90 |  5.49 |  6.26 |  6.86 | 6.40 |  7.38 | 3.73 |  6.62 |  5.94 | 6.06 | 6.95 |  6.88 |  4.92 | 6.62 |  6.15 | 5.34 | 5.99 |  5.60 |  6.88 |  6.42 |  6.77 | 4.61 |  3.50 |  5.78 |  5.70 |  7.75 | 6.45 |  5.10 |  5.15 |  6.46 | 1.83 | 5.97 |  5.68 | 5.58 | 3.23 | 4.94 |  5.84 |  4.95 | 4.99 |  7.19 |
|        29 |  5.88 |  5.54 |  6.00 |  6.74 | 6.35 |  7.40 | 3.44 |  6.59 |  5.99 | 6.09 | 6.74 |  6.84 |  5.02 | 6.60 |  6.17 | 5.37 | 5.56 |  5.50 |  6.86 |  6.53 |  6.64 | 4.27 |  3.15 |  5.60 |  5.51 |  7.68 | 6.51 |  5.03 |  5.22 |  6.30 | 1.51 | 5.56 |  5.72 | 5.49 | 3.13 | 4.83 |  5.74 |  4.94 | 5.36 |  7.11 |
|        30 |  5.86 |  5.62 |  5.52 |  6.82 | 6.34 |  7.39 | 3.16 |  6.47 |  5.91 | 6.07 | 6.63 |  6.85 |  5.08 | 6.55 |  6.19 | 5.40 | 5.41 |  5.48 |  6.78 |  6.57 |  6.43 | 4.16 |  2.84 |  5.46 |  5.41 |  7.49 | 6.55 |  4.93 |  5.23 |  6.10 | 1.38 | 5.44 |  5.72 | 5.33 | 2.88 | 4.83 |  5.64 |  4.95 | 5.58 |  7.05 |
|        31 |  5.80 |  5.79 |  5.51 |  6.96 | 6.39 |  7.41 | 3.10 |  6.45 |  5.80 | 6.09 | 6.57 |  6.88 |  5.04 | 6.58 |  6.14 | 5.41 | 6.19 |  5.45 |  6.67 |  6.56 |  6.25 | 4.25 |  2.73 |  5.42 |  5.48 |  7.40 | 6.55 |  5.17 |  5.26 |  5.96 | 0.81 | 5.40 |  5.69 | 5.22 | 2.75 | 4.94 |  5.56 |  5.19 | 5.82 |  7.06 |
|        32 |  6.05 |  6.27 |  6.02 |  7.24 | 6.70 |  7.63 | 3.61 |  6.66 |  5.98 | 6.37 | 6.60 |  6.99 |  5.48 | 6.79 |  6.27 | 5.59 | 6.67 |  5.56 |  6.93 |  6.85 |  6.41 | 4.60 |  3.26 |  5.74 |  5.87 |  7.70 | 6.75 |  5.40 |  5.71 |  6.23 | 1.02 | 5.85 |  5.85 | 5.42 | 3.08 | 5.25 |  5.90 |  5.68 | 6.47 |  7.31 |
|        33 |  6.76 |  7.05 |  6.74 |  7.84 | 7.29 |  8.20 | 4.59 |  7.30 |  6.85 | 6.97 | 7.04 |  7.22 |  6.14 | 7.43 |  6.76 | 6.17 | 7.53 |  6.16 |  7.44 |  7.41 |  7.10 | 5.29 |  4.38 |  6.49 |  6.57 |  8.31 | 7.29 |  6.04 |  6.44 |  6.98 | 1.77 | 6.63 |  6.19 | 6.13 | 3.94 | 6.14 |  6.59 |  6.37 | 7.32 |  7.85 |
|        34 |  7.42 |  7.97 |  7.69 |  8.60 | 7.86 |  8.82 | 5.90 |  8.24 |  8.17 | 7.82 | 7.91 |  7.55 |  7.16 | 8.14 |  7.51 | 6.78 | 8.66 |  7.29 |  8.21 |  7.89 |  8.34 | 6.50 |  5.82 |  7.58 |  7.63 |  8.93 | 7.97 |  6.94 |  7.57 |  8.10 | 3.01 | 7.68 |  7.07 | 7.26 | 4.47 | 7.08 |  7.35 |  7.08 | 8.34 |  8.73 |
|        35 |  8.20 |  8.84 |  8.79 |  9.20 | 8.50 |  9.57 | 7.07 |  9.33 |  9.23 | 8.73 | 8.86 |  8.16 |  8.35 | 8.87 |  8.42 | 7.59 | 9.33 |  8.25 |  9.18 |  8.20 |  9.33 | 7.65 |  7.07 |  8.55 |  8.61 |  9.47 | 8.91 |  7.59 |  8.85 |  9.30 | 4.52 | 8.79 |  8.13 | 8.35 | 5.82 | 8.07 |  8.02 |  7.81 | 9.39 |  9.73 |
|        36 |  9.02 |  9.46 |  9.92 |  9.65 | 9.27 | 10.27 | 7.85 | 10.01 |  9.96 | 9.31 | 9.62 |  8.87 |  9.41 | 9.39 |  9.12 | 8.50 | 9.67 |  8.97 |  9.86 |  8.53 | 10.05 | 8.29 |  8.04 |  9.26 |  9.56 |  9.98 | 9.62 |  8.15 |  9.75 | 10.14 | 5.70 | 9.64 |  8.90 | 9.06 | 7.12 | 8.96 |  8.60 |  8.21 | 9.56 | 10.54 |
|        37 |  9.49 |  9.74 | 10.34 |  9.86 | 9.73 | 10.62 | 8.21 | 10.19 | 10.14 | 9.57 | 9.90 |  9.40 |  9.92 | 9.71 |  9.50 | 9.07 | 9.66 |  9.45 | 10.19 |  8.85 | 10.28 | 8.42 |  8.71 |  9.55 | 10.13 | 10.46 | 9.97 |  8.76 | 10.17 | 10.66 | 6.27 | 9.94 |  9.33 | 9.30 | 7.66 | 9.18 |  9.06 |  8.54 | 9.55 | 10.90 |
|        38 |  9.41 |  9.50 | 10.07 |  9.74 | 9.61 | 10.39 | 8.03 |  9.84 |  9.68 | 9.36 | 9.60 |  9.52 |  9.77 | 9.70 |  9.48 | 9.22 | 9.60 |  9.26 | 10.05 |  8.89 |  9.92 | 8.05 |  8.86 |  9.30 | 10.01 | 10.54 | 9.90 |  8.77 | 10.07 | 10.56 | 6.25 | 9.61 |  9.30 | 8.99 | 7.53 | 9.11 |  9.03 |  8.51 | 9.23 | 10.72 |
|        39 |  8.83 |  8.50 |  9.15 |  8.99 | 9.01 |  9.39 | 7.13 |  8.89 |  8.47 | 8.40 | 8.70 |  8.84 |  8.80 | 9.18 |  8.74 | 8.69 | 9.15 |  8.36 |  9.20 |  8.40 |  8.82 | 7.10 |  8.26 |  8.31 |  9.21 | 10.02 | 9.26 |  8.44 |  9.15 |  9.69 | 5.47 | 8.67 |  8.50 | 7.96 | 6.66 | 8.75 |  8.22 |  7.85 | 8.36 |  9.75 |
|        40 |  7.81 |  7.19 |  7.98 |  7.88 | 8.07 |  8.16 | 6.02 |  7.46 |  7.06 | 7.02 | 7.45 |  7.63 |  7.42 | 8.20 |  7.63 | 7.60 | 8.32 |  7.12 |  7.94 |  7.44 |  7.49 | 5.85 |  7.21 |  6.97 |  7.99 |  9.17 | 8.19 |  7.70 |  7.71 |  8.40 | 4.53 | 7.48 |  7.21 | 6.66 | 5.46 | 8.06 |  6.95 |  6.91 | 7.09 |  8.43 |
|        41 |  6.74 |  6.29 |  6.88 |  7.14 | 7.31 |  7.28 | 5.46 |  6.61 |  6.14 | 6.14 | 6.45 |  6.68 |  6.38 | 7.37 |  6.67 | 6.52 | 7.45 |  6.45 |  6.96 |  6.68 |  6.69 | 5.06 |  6.32 |  6.10 |  7.03 |  8.15 | 7.31 |  6.55 |  6.53 |  7.34 | 4.23 | 6.59 |  6.25 | 5.69 | 4.57 | 7.35 |  6.03 |  6.37 | 6.16 |  7.56 |
|        42 |  5.98 |  5.58 |  5.84 |  6.57 | 6.84 |  6.35 | 5.16 |  6.05 |  5.56 | 5.65 | 5.78 |  6.18 |  5.72 | 6.91 |  5.95 | 5.68 | 6.77 |  5.91 |  6.22 |  6.06 |  6.09 | 4.67 |  5.84 |  5.43 |  6.28 |  7.31 | 6.78 |  5.69 |  5.73 |  6.64 | 4.19 | 6.12 |  5.54 | 5.00 | 3.89 | 6.64 |  5.50 |  5.71 | 5.52 |  6.90 |
|        43 |  5.37 |  5.00 |  5.17 |  6.00 | 6.44 |  5.40 | 4.93 |  5.33 |  5.08 | 5.13 | 5.16 |  5.81 |  5.19 | 6.58 |  5.43 | 5.06 | 6.10 |  5.49 |  5.47 |  5.50 |  5.56 | 4.40 |  5.42 |  4.89 |  5.69 |  6.40 | 6.24 |  5.00 |  5.07 |  6.29 | 4.15 | 5.51 |  4.99 | 4.35 | 3.41 | 6.13 |  4.93 |  5.21 | 4.93 |  6.31 |
|        44 |  4.78 |  4.49 |  4.42 |  5.65 | 6.23 |  4.77 | 4.68 |  4.70 |  4.70 | 4.64 | 4.79 |  5.28 |  4.83 | 6.23 |  4.86 | 4.77 | 5.69 |  5.19 |  5.02 |  5.03 |  5.09 | 4.09 |  4.91 |  4.42 |  5.12 |  5.38 | 5.76 |  4.46 |  4.42 |  5.74 | 4.06 | 4.75 |  4.44 | 3.82 | 3.08 | 5.58 |  4.37 |  4.72 | 4.44 |  5.81 |
|        45 |  4.22 |  3.98 |  3.75 |  5.09 | 6.01 |  4.27 | 4.54 |  4.12 |  4.37 | 4.10 | 4.52 |  4.80 |  4.38 | 5.86 |  4.37 | 4.29 | 5.31 |  4.69 |  4.74 |  4.61 |  4.61 | 3.98 |  4.51 |  4.07 |  4.72 |  4.56 | 5.36 |  4.07 |  3.82 |  5.05 | 3.91 | 4.14 |  3.96 | 3.34 | 2.91 | 5.19 |  3.95 |  4.24 | 4.30 |  5.41 |
|        46 |  3.59 |  3.53 |  3.34 |  4.59 | 5.66 |  3.85 | 4.39 |  3.92 |  4.05 | 3.74 | 4.17 |  4.61 |  3.82 | 5.24 |  3.79 | 3.86 | 5.01 |  4.26 |  4.43 |  4.24 |  4.28 | 3.96 |  4.29 |  3.89 |  4.23 |  3.93 | 5.12 |  3.77 |  3.36 |  4.49 | 3.84 | 3.68 |  3.65 | 2.95 | 2.70 | 4.80 |  3.66 |  3.75 | 4.51 |  4.97 |
|        47 |  3.15 |  3.15 |  2.92 |  4.20 | 5.34 |  3.77 | 4.29 |  4.08 |  3.87 | 3.60 | 3.82 |  4.54 |  3.25 | 4.50 |  3.31 | 3.65 | 4.89 |  4.02 |  4.44 |  3.88 |  4.03 | 4.00 |  4.24 |  3.79 |  3.87 |  3.57 | 4.94 |  3.73 |  2.99 |  3.96 | 3.89 | 3.53 |  3.39 | 2.98 | 2.37 | 4.39 |  3.42 |  3.35 | 4.67 |  4.73 |
|        48 |  2.84 |  2.88 |  2.70 |  3.79 | 5.10 |  3.72 | 4.36 |  4.42 |  3.85 | 3.45 | 3.63 |  4.51 |  2.90 | 3.85 |  2.90 | 3.32 | 4.84 |  3.83 |  4.54 |  3.44 |  3.88 | 4.00 |  4.21 |  3.75 |  3.64 |  3.41 | 4.68 |  3.88 |  2.77 |  3.73 | 3.95 | 3.43 |  3.15 | 3.11 | 2.17 | 4.10 |  3.04 |  3.05 | 4.55 |  4.61 |
|        51 |  2.93 |  2.87 |  4.03 |  3.19 | 4.44 |  3.74 | 4.66 |  5.41 |  3.83 | 3.55 | 3.55 |  4.53 |  2.55 | 3.22 |  2.50 | 2.88 | 4.03 |  3.72 |  5.08 |  3.29 |  3.18 | 4.13 |  4.21 |  4.31 |  3.18 |  3.34 | 4.38 |  4.27 |  2.05 |  3.86 | 4.14 | 3.26 |  3.06 | 3.26 | 2.41 | 4.10 |  1.95 |  3.43 | 4.70 |  4.57 |
|        54 |  3.08 |  3.32 |  4.32 |  3.53 | 4.27 |  4.50 | 5.27 |  5.34 |  4.00 | 4.07 | 3.56 |  4.14 |  3.26 | 3.62 |  2.94 | 2.89 | 3.79 |  4.02 |  5.39 |  3.17 |  3.11 | 4.84 |  4.35 |  5.15 |  3.31 |  3.41 | 4.39 |  4.53 |  2.59 |  4.31 | 4.70 | 4.06 |  3.48 | 3.71 | 2.60 | 4.19 |  1.70 |  3.65 | 5.28 |  4.34 |
|        57 |  5.04 |  4.83 |  5.63 |  5.09 | 5.20 |  6.48 | 6.53 |  8.25 |  5.19 | 4.97 | 4.85 |  5.52 |  5.12 | 5.18 |  4.56 | 4.54 | 5.37 |  5.14 |  6.16 |  4.45 |  4.92 | 6.38 |  5.51 |  7.06 |  5.40 |  4.87 | 5.70 |  5.05 |  5.03 |  5.55 | 6.03 | 5.28 |  4.71 | 4.67 | 4.06 | 5.25 |  3.05 |  5.00 | 6.38 |  6.00 |
|        60 |  9.11 |  7.36 |  7.14 |  7.84 | 6.97 |  8.88 | 8.21 | 10.88 |  8.38 | 6.17 | 7.01 |  7.90 |  7.00 | 6.97 |  7.47 | 7.12 | 7.91 |  6.80 |  8.53 |  7.07 |  8.25 | 7.52 |  7.06 | 10.18 |  8.92 |  7.26 | 7.35 |  6.47 |  7.15 |  8.10 | 9.24 | 7.59 |  6.57 | 6.21 | 7.49 | 6.85 |  6.97 |  8.32 | 8.14 |  8.46 |
|        63 |  8.90 |  7.51 |  6.76 |  7.49 | 7.13 |  8.55 | 8.30 | 10.67 |  8.77 | 6.50 | 7.44 |  7.62 |  6.99 | 7.20 |  7.64 | 7.30 | 7.97 |  7.15 |  8.51 |  7.69 |  8.04 | 6.96 |  6.83 | 10.04 |  8.65 |  7.53 | 7.03 |  6.70 |  8.21 |  8.39 | 8.62 | 7.78 |  6.51 | 6.49 | 7.71 | 6.90 |  7.13 |  8.50 | 7.84 |  7.94 |
|        66 |  8.01 |  5.81 |  5.93 |  6.84 | 6.40 |  7.68 | 7.51 |  8.64 |  7.68 | 5.79 | 6.46 |  6.19 |  5.71 | 6.82 |  6.69 | 5.27 | 6.38 |  5.71 |  6.86 |  5.99 |  6.48 | 6.11 |  6.16 |  8.57 |  7.09 |  6.36 | 6.39 |  6.09 |  6.98 |  7.02 | 6.82 | 7.31 |  6.18 | 6.26 | 5.78 | 6.07 |  5.47 |  7.38 | 5.63 |  6.14 |
|        69 |  6.88 |  4.76 |  5.52 |  6.92 | 6.25 |  7.12 | 7.43 |  7.64 |  7.50 | 5.31 | 6.10 |  5.75 |  4.72 | 6.80 |  6.04 | 5.06 | 5.05 |  4.74 |  6.35 |  5.28 |  5.12 | 5.67 |  5.71 |  7.65 |  6.24 |  5.38 | 5.97 |  5.67 |  6.67 |  5.30 | 6.73 | 7.40 |  5.93 | 5.73 | 4.82 | 4.61 |  3.79 |  7.04 | 5.76 |  5.06 |
|        72 |  6.58 |  4.02 |  4.99 |  6.82 | 5.53 |  6.04 | 6.23 |  7.45 |  6.29 | 5.06 | 5.66 |  5.51 |  3.96 | 6.70 |  5.70 | 5.32 | 4.51 |  4.23 |  6.26 |  4.76 |  3.97 | 4.64 |  5.17 |  7.30 |  5.62 |  4.03 | 5.80 |  5.63 |  5.89 |  4.17 | 6.38 | 7.41 |  5.46 | 5.12 | 3.59 | 4.57 |  3.09 |  6.92 | 6.18 |  3.86 |
|        78 |  6.24 |  2.70 |  5.38 |  5.02 | 3.95 |  4.91 | 4.40 |  6.22 |  4.83 | 5.50 | 4.56 |  4.33 |  4.96 | 6.40 |  5.46 | 5.79 | 5.71 |  4.72 |  5.07 |  3.08 |  3.36 | 4.59 |  5.79 |  6.44 |  5.28 |  3.05 | 5.53 |  3.33 |  5.30 |  3.20 | 6.34 | 6.28 |  5.44 | 4.58 | 2.82 | 5.30 |  2.99 |  5.93 | 6.05 |  1.71 |
|        84 |  8.10 |  5.73 |  7.56 |  6.12 | 8.39 |  8.63 | 7.82 |  9.56 |  7.69 | 6.59 | 7.74 |  7.25 |  6.42 | 8.70 |  7.66 | 7.13 | 6.65 |  7.99 |  7.63 |  7.71 |  8.43 | 7.45 |  7.87 |  7.41 |  8.60 |  7.44 | 6.83 |  8.37 |  9.28 |  6.97 | 9.84 | 9.29 |  6.95 | 9.20 | 6.39 | 8.74 |  5.21 |  9.51 | 8.63 |  7.97 |
|        90 |  7.28 |  5.88 |  7.23 |  3.07 | 7.45 |  7.36 | 6.80 |  6.99 |  6.57 | 6.19 | 6.15 |  6.75 |  5.66 | 6.75 |  6.48 | 6.50 | 5.95 |  6.69 |  6.28 |  6.02 |  7.34 | 6.45 |  6.15 |  6.59 |  6.65 |  4.48 | 5.95 |  6.62 |  7.28 |  5.74 | 6.11 | 7.05 |  6.39 | 6.38 | 3.11 | 7.40 |  3.95 |  8.12 | 7.48 |  6.09 |
|        96 |  6.39 |  4.85 |  4.63 |  1.02 | 6.22 |  3.71 | 4.36 |  6.44 |  3.18 | 5.04 | 5.96 |  4.95 |  5.15 | 6.20 |  3.23 | 4.90 | 5.20 |  5.44 |  5.08 |  2.35 |  3.13 | 5.96 |  5.29 |  6.02 |  5.08 |  2.53 | 2.78 |  4.93 |  6.38 |  4.65 | 5.43 | 6.33 |  5.51 | 5.58 | 3.07 | 4.34 |  4.21 |  6.81 | 6.01 |  5.45 |
|       102 |  5.44 |  4.35 |  0.89 | -0.73 | 5.08 |  2.15 | 3.86 |  5.18 |  1.58 | 5.05 | 5.78 |  3.65 |  4.89 | 5.41 |  1.72 | 3.01 | 4.44 |  2.33 |  4.78 |  0.80 |  1.62 | 5.17 |  4.44 |  5.50 |  3.82 |  0.13 | 1.56 |  2.74 |  5.74 |  4.71 | 5.01 | 4.44 |  4.46 | 5.19 | 4.15 | 3.94 |  3.71 |  5.68 | 5.03 |  5.29 |
|       108 |  5.13 |  6.04 |  3.46 |  2.50 | 8.69 |  5.63 | 7.11 |  7.36 |  5.62 | 7.93 | 8.93 |  4.80 |  5.87 | 6.95 |  2.87 | 4.74 | 5.19 |  3.65 |  7.59 |  4.37 |  4.62 | 5.35 |  6.40 |  7.93 |  6.25 |  3.29 | 4.70 |  4.55 |  6.48 |  7.58 | 7.85 | 5.16 |  4.34 | 7.04 | 7.04 | 5.24 |  5.65 |  7.10 | 7.08 |  7.98 |
|       114 |  1.57 |  6.07 |  0.46 | -0.29 | 6.84 |  2.88 | 6.56 |  6.07 |  3.87 | 5.00 | 6.45 |  1.25 |  2.55 | 4.43 |  0.11 | 2.89 | 2.88 | -0.03 |  6.82 |  0.83 |  1.10 | 4.14 |  3.66 |  6.31 |  4.55 |  0.44 | 1.94 | -0.16 |  5.09 |  6.69 | 5.82 | 1.86 |  0.85 | 6.27 | 5.86 | 3.75 |  5.50 |  5.50 | 5.89 |  6.53 |
|       120 | -1.38 |  4.59 | -0.96 | -1.50 | 6.88 |  0.12 | 6.17 |  4.86 |  3.59 | 3.17 | 4.90 | -0.68 | -0.01 | 2.78 | -1.63 | 0.72 | 0.48 | -1.42 |  4.83 | -1.09 | -0.25 | 2.01 |  1.32 |  6.21 |  3.38 | -0.76 | 0.25 | -2.56 |  2.58 |  3.23 | 4.76 | 0.25 | -1.39 | 4.86 | 3.50 | 3.40 |  6.19 |  4.94 | 4.29 |  4.79 |
