# variable: Wind Gust at 10m, Maximum of Time Interval before fcst_hour
# units: km/h
# 
| fcst_hour |     1 |     2 |     3 |     4 |     5 |     6 |     7 |     8 |     9 |    10 |    11 |    12 |    13 |    14 |    15 |    16 |    17 |    18 |    19 |    20 |    21 |    22 |    23 |    24 |    25 |    26 |    27 |    28 |    29 |    30 |    31 |    32 |    33 |    34 |    35 |    36 |    37 |    38 |    39 |    40 |
|         1 |  2.13 |  5.40 |  1.58 |  4.79 |  1.40 |  5.87 |  5.14 |  6.17 |  5.80 |  4.96 |  8.29 |  7.17 |  6.38 |  5.10 |  6.88 |  3.02 |  5.18 |  5.30 |  5.68 |  6.00 |  1.63 |  4.44 |  2.79 |  6.83 |  5.14 |  4.73 |  6.35 |  5.54 |  5.33 |  5.13 |  6.85 |  2.00 |  5.32 |  5.81 |  6.27 |  3.57 |  5.29 |  6.69 |  4.49 |  7.02 |
|         2 |  4.75 |  6.55 |  1.59 |  4.45 |  2.64 |  7.14 |  4.74 |  6.19 |  7.89 |  4.71 |  8.31 |  8.43 |  7.27 |  5.69 |  6.95 |  2.30 |  5.68 |  4.83 |  6.08 |  7.44 |  2.55 |  4.39 |  2.37 |  6.95 |  6.73 |  4.07 |  6.66 |  4.28 |  5.92 |  5.61 |  7.10 |  2.84 |  5.55 |  6.68 |  7.00 |  2.99 |  5.96 |  7.03 |  4.22 |  7.12 |
|         3 |  5.25 |  8.30 |  5.62 |  5.16 |  5.02 |  8.25 |  5.75 |  5.90 |  8.80 |  5.01 |  8.87 |  9.80 |  8.30 |  6.88 |  7.95 |  2.64 |  7.61 |  6.01 |  6.80 |  8.24 |  4.56 |  7.31 |  1.77 |  7.59 |  8.31 |  3.50 |  7.72 |  5.65 |  6.81 |  6.44 |  7.51 |  3.61 |  5.96 |  6.94 |  8.04 |  3.80 |  6.97 |  7.99 |  5.26 |  7.00 |
|         4 |  5.10 |  9.30 |  7.99 |  5.65 |  7.17 |  9.22 |  6.58 |  6.35 |  9.04 |  6.53 |  9.62 | 10.69 |  9.65 |  8.04 |  9.43 |  4.92 |  9.31 |  7.15 |  7.89 |  9.13 |  5.33 |  7.78 |  4.86 |  8.53 |  9.75 |  4.77 |  8.76 |  5.90 |  8.06 |  7.31 |  8.34 |  4.78 |  6.78 |  7.54 |  9.05 |  6.56 |  8.44 |  8.69 |  7.26 |  7.26 |
|         5 |  4.65 | 10.30 |  9.33 |  5.94 |  8.82 |  9.59 |  7.14 |  6.97 |  9.43 |  8.78 | 10.24 | 11.04 | 10.42 |  8.70 | 10.21 |  4.97 |  9.97 |  7.72 |  8.42 |  9.53 |  6.38 |  9.22 |  6.47 |  9.57 |  9.88 |  6.52 |  9.26 |  6.18 |  9.77 |  7.45 |  8.65 |  6.18 |  7.56 |  8.00 |  9.95 |  8.77 |  9.66 |  9.45 |  9.11 |  7.52 |
|         6 |  7.55 | 11.70 | 10.26 |  6.38 |  9.16 |  9.74 |  7.46 |  7.53 |  9.90 |  9.47 | 12.03 | 11.81 | 11.09 |  8.92 | 10.72 |  5.75 | 10.78 |  7.78 |  9.21 | 11.21 |  6.59 |  9.98 |  7.59 | 10.15 |  9.40 |  7.60 |  9.74 |  6.63 | 10.92 |  9.53 |  9.13 |  7.79 |  8.32 |  8.46 | 10.53 | 10.77 | 10.50 |  9.64 |  9.79 |  8.74 |
|         7 |  9.67 | 12.77 | 11.43 |  6.99 |  9.93 | 10.70 |  7.94 |  8.35 | 10.29 |  9.61 | 13.44 | 12.78 | 12.03 |  9.51 | 11.30 |  7.59 | 11.84 |  8.40 |  9.33 | 13.14 |  7.39 | 10.58 |  8.67 | 10.75 |  9.64 |  8.10 | 10.40 |  7.55 | 12.18 | 10.68 |  9.99 |  8.42 |  8.86 |  8.84 | 11.06 | 12.21 | 11.35 | 10.02 | 11.11 |  9.53 |
|         8 |  9.64 | 13.43 | 12.42 |  7.53 | 10.89 | 11.89 |  8.75 |  8.83 | 10.88 |  9.52 | 14.92 | 13.31 | 12.79 | 10.23 | 12.14 |  8.76 | 12.42 |  8.96 | 10.33 | 14.11 |  8.14 | 11.43 |  9.98 | 11.59 | 10.40 |  8.13 | 11.01 |  8.79 | 14.30 | 12.47 | 10.85 |  8.97 |  9.43 |  9.49 | 11.62 | 13.29 | 12.68 | 11.02 | 12.75 |  9.90 |
|         9 | 10.65 | 14.27 | 13.52 |  7.71 | 12.60 | 13.34 |  9.92 |  9.31 | 12.02 |  9.09 | 16.29 | 14.37 | 13.72 | 10.79 | 13.41 |  9.37 | 13.25 |  9.65 | 11.32 | 15.19 |  9.17 | 12.34 | 10.89 | 12.32 | 10.92 | 10.92 | 11.61 |  9.24 | 16.17 | 13.84 | 11.89 |  9.28 | 10.16 | 10.21 | 12.94 | 14.86 | 13.66 | 11.92 | 14.76 | 10.22 |
|        10 | 12.29 | 14.89 | 14.59 |  9.09 | 13.38 | 14.23 | 13.49 | 10.98 | 15.05 | 10.45 | 16.14 | 14.90 | 15.34 | 11.98 | 15.55 | 10.39 | 14.63 | 11.20 | 14.03 | 15.47 | 10.21 | 14.29 | 12.01 | 16.05 | 11.27 | 11.46 | 13.82 | 10.42 | 16.82 | 14.39 | 15.41 | 11.90 | 13.01 | 12.21 | 17.89 | 15.64 | 14.52 | 12.93 | 15.82 | 11.61 |
|        11 | 12.64 | 15.56 | 15.18 | 12.18 | 14.83 | 15.39 | 12.28 | 14.07 | 16.12 | 10.87 | 17.71 | 17.12 | 16.51 | 14.45 | 16.65 | 10.34 | 16.86 | 13.28 | 15.80 | 16.58 | 12.85 | 16.77 | 14.69 | 15.77 | 13.20 | 12.14 | 15.39 | 12.50 | 18.75 | 15.37 | 17.22 | 13.00 | 13.93 | 14.22 | 19.23 | 16.98 | 15.11 | 14.00 | 16.77 | 14.52 |
|        12 | 13.45 | 16.72 | 17.28 | 14.65 | 16.52 | 16.95 | 16.06 | 17.00 | 18.32 | 12.36 | 19.58 | 19.64 | 18.76 | 16.29 | 18.37 | 10.79 | 18.91 | 16.08 | 17.94 | 18.89 | 14.63 | 18.82 | 18.08 | 16.71 | 14.99 | 15.08 | 17.67 | 15.34 | 21.95 | 16.81 | 17.51 | 13.97 | 16.28 | 16.06 | 20.61 | 19.18 | 17.16 | 15.16 | 18.03 | 16.41 |
|        13 | 14.35 | 17.40 | 18.97 | 15.73 | 17.98 | 17.24 | 18.49 | 18.62 | 18.47 | 13.40 | 19.39 | 21.49 | 21.56 | 16.54 | 20.39 | 10.96 | 19.86 | 17.81 | 18.92 | 20.48 | 16.16 | 18.83 | 19.42 | 17.59 | 15.71 | 15.91 | 19.02 | 17.82 | 22.42 | 18.94 | 17.09 | 15.85 | 17.52 | 17.65 | 20.92 | 19.79 | 18.05 | 16.42 | 18.40 | 18.32 |
|        14 | 16.90 | 17.58 | 19.77 | 15.87 | 17.95 | 17.50 | 18.53 | 18.68 | 18.53 | 14.29 | 19.51 | 21.79 | 21.84 | 16.56 | 21.46 | 11.03 | 20.18 | 18.29 | 18.89 | 21.05 | 17.12 | 18.69 | 19.46 | 18.33 | 15.79 | 15.96 | 19.30 | 17.84 | 23.12 | 19.36 | 16.68 | 15.77 | 17.42 | 17.68 | 20.82 | 20.04 | 18.43 | 17.51 | 18.54 | 18.40 |
|        15 | 19.05 | 17.65 | 19.85 | 15.00 | 17.98 | 17.58 | 18.30 | 17.81 | 18.20 | 15.78 | 19.51 | 21.36 | 21.86 | 16.21 | 21.41 | 11.16 | 20.11 | 18.29 | 18.43 | 20.99 | 17.69 | 17.67 | 18.75 | 18.24 | 16.07 | 14.50 | 19.18 | 16.81 | 23.60 | 19.85 | 15.88 | 14.91 | 16.65 | 16.81 | 20.34 | 20.97 | 19.46 | 18.59 | 19.60 | 17.61 |
|        16 | 19.97 | 17.71 | 20.47 | 16.83 | 19.08 | 18.50 | 17.90 | 17.64 | 18.54 | 16.57 | 19.93 | 21.13 | 22.22 | 16.41 | 21.68 | 12.53 | 19.65 | 18.02 | 17.23 | 20.02 | 17.68 | 16.69 | 18.72 | 18.47 | 16.80 | 14.66 | 18.92 | 17.10 | 23.83 | 20.71 | 15.98 | 14.13 | 17.38 | 15.75 | 19.99 | 22.03 | 20.50 | 19.35 | 20.71 | 16.18 |
|        17 | 20.82 | 18.34 | 21.15 | 18.00 | 20.11 | 18.84 | 19.49 | 18.15 | 19.29 | 16.90 | 20.36 | 21.77 | 22.97 | 16.72 | 22.15 | 14.27 | 20.24 | 18.68 | 18.10 | 20.34 | 18.48 | 18.33 | 19.35 | 19.47 | 17.51 | 15.26 | 19.71 | 19.26 | 25.93 | 21.24 | 17.45 | 14.86 | 18.90 | 16.05 | 20.36 | 22.85 | 21.02 | 19.72 | 22.04 | 18.45 |
|        18 | 21.33 | 19.16 | 21.92 | 18.99 | 20.44 | 18.86 | 21.12 | 19.00 | 20.17 | 16.95 | 20.60 | 22.08 | 23.61 | 18.40 | 22.60 | 15.02 | 20.43 | 19.42 | 18.66 | 21.76 | 19.26 | 20.34 | 20.15 | 19.85 | 18.17 | 15.88 | 20.43 | 20.98 | 26.50 | 21.59 | 18.16 | 15.46 | 19.17 | 16.27 | 20.73 | 23.14 | 21.14 | 20.28 | 22.30 | 19.63 |
|        19 | 21.96 | 19.78 | 22.09 | 19.48 | 20.68 | 19.48 | 21.82 | 20.30 | 20.95 | 17.38 | 20.82 | 22.16 | 24.56 | 19.67 | 23.07 | 15.01 | 20.89 | 20.42 | 19.59 | 22.44 | 19.83 | 22.05 | 20.33 | 20.45 | 18.61 | 16.35 | 21.42 | 22.19 | 26.39 | 21.81 | 19.03 | 15.69 | 19.56 | 16.82 | 22.21 | 23.18 | 21.85 | 20.56 | 22.95 | 19.96 |
|        20 | 22.77 | 19.76 | 22.23 | 19.83 | 21.29 | 20.59 | 21.94 | 21.33 | 22.17 | 17.97 | 21.50 | 22.28 | 25.38 | 19.96 | 24.02 | 15.80 | 22.26 | 21.80 | 20.28 | 23.22 | 20.05 | 23.26 | 20.29 | 21.51 | 19.40 | 16.91 | 22.74 | 22.47 | 25.76 | 22.17 | 20.04 | 16.31 | 20.13 | 17.58 | 25.19 | 23.56 | 22.78 | 20.87 | 24.66 | 20.55 |
|        21 | 23.38 | 20.04 | 22.76 | 20.40 | 22.58 | 22.43 | 22.23 | 22.44 | 23.29 | 18.89 | 22.16 | 23.00 | 26.15 | 20.68 | 25.09 | 17.15 | 23.85 | 23.20 | 20.51 | 24.87 | 20.69 | 23.38 | 20.98 | 22.87 | 20.28 | 18.22 | 23.44 | 22.51 | 27.00 | 22.50 | 21.63 | 17.54 | 21.32 | 19.06 | 27.11 | 24.56 | 23.86 | 21.62 | 25.69 | 21.82 |
|        22 | 24.27 | 20.64 | 23.72 | 21.69 | 23.78 | 24.32 | 23.53 | 24.09 | 25.32 | 20.14 | 22.88 | 23.56 | 27.98 | 21.23 | 26.03 | 18.60 | 24.66 | 24.14 | 21.49 | 25.46 | 21.09 | 23.89 | 22.50 | 23.80 | 21.11 | 20.43 | 24.39 | 22.66 | 27.42 | 23.26 | 23.85 | 20.45 | 22.72 | 20.28 | 27.71 | 26.94 | 24.92 | 22.21 | 26.08 | 24.06 |
|        23 | 25.30 | 21.18 | 24.10 | 23.47 | 25.64 | 24.67 | 23.97 | 26.03 | 26.62 | 20.78 | 23.61 | 23.37 | 28.21 | 21.88 | 26.72 | 19.69 | 24.75 | 24.95 | 23.30 | 25.44 | 21.21 | 25.06 | 24.40 | 24.58 | 22.06 | 22.28 | 25.05 | 23.67 | 27.49 | 23.52 | 24.50 | 23.29 | 23.56 | 21.81 | 27.63 | 28.31 | 25.17 | 22.69 | 26.10 | 26.44 |
|        24 | 25.30 | 21.21 | 24.62 | 24.31 | 26.94 | 24.93 | 24.70 | 26.66 | 27.06 | 21.27 | 23.74 | 22.73 | 28.08 | 22.30 | 27.63 | 19.73 | 24.94 | 25.32 | 24.58 | 24.61 | 21.23 | 25.19 | 25.13 | 25.00 | 23.58 | 23.39 | 25.14 | 24.30 | 27.59 | 24.08 | 24.43 | 23.65 | 24.23 | 23.83 | 27.12 | 28.34 | 25.19 | 23.48 | 25.98 | 27.32 |
|        25 | 25.85 | 20.94 | 25.54 | 24.45 | 26.93 | 25.49 | 25.97 | 27.14 | 27.31 | 22.33 | 23.53 | 23.50 | 27.74 | 22.41 | 28.62 | 19.84 | 25.62 | 25.51 | 25.33 | 23.91 | 21.94 | 25.30 | 25.52 | 25.77 | 25.94 | 24.77 | 25.24 | 24.73 | 27.93 | 24.18 | 23.91 | 24.96 | 24.92 | 24.16 | 26.92 | 27.87 | 25.84 | 24.04 | 25.45 | 27.34 |
|        26 | 26.19 | 21.37 | 26.38 | 24.43 | 26.25 | 25.55 | 26.53 | 27.54 | 27.22 | 22.84 | 22.90 | 25.67 | 27.56 | 22.76 | 28.68 | 20.46 | 25.76 | 25.95 | 25.29 | 23.47 | 23.20 | 26.62 | 25.83 | 26.59 | 27.75 | 26.43 | 25.28 | 25.96 | 27.94 | 23.96 | 23.65 | 25.21 | 25.74 | 24.17 | 27.04 | 26.63 | 26.34 | 25.24 | 25.27 | 27.15 |
|        27 | 26.18 | 21.23 | 26.94 | 24.33 | 27.06 | 25.29 | 26.42 | 27.99 | 26.94 | 23.66 | 23.82 | 27.26 | 26.62 | 23.40 | 28.25 | 21.36 | 25.73 | 26.70 | 24.98 | 23.28 | 23.45 | 27.87 | 25.72 | 27.01 | 28.23 | 27.84 | 25.34 | 27.26 | 27.43 | 25.25 | 23.85 | 25.19 | 26.41 | 24.05 | 27.04 | 25.46 | 26.47 | 25.96 | 25.00 | 27.20 |
|        28 | 25.78 | 21.89 | 27.91 | 25.28 | 27.74 | 26.35 | 24.57 | 28.63 | 26.76 | 24.58 | 25.44 | 28.36 | 28.52 | 23.80 | 26.85 | 22.41 | 25.82 | 27.08 | 25.58 | 23.40 | 23.12 | 27.86 | 25.00 | 27.04 | 28.39 | 27.95 | 25.64 | 27.76 | 27.09 | 26.60 | 23.95 | 25.88 | 26.48 | 23.61 | 26.56 | 26.82 | 26.43 | 26.48 | 24.76 | 28.10 |
|        29 | 25.19 | 22.68 | 28.54 | 25.92 | 27.77 | 27.63 | 26.16 | 29.00 | 26.80 | 25.88 | 25.96 | 28.22 | 30.35 | 24.78 | 26.67 | 23.13 | 25.68 | 28.00 | 26.37 | 24.10 | 22.40 | 26.77 | 24.63 | 26.72 | 28.44 | 27.71 | 27.03 | 27.95 | 26.41 | 26.62 | 24.59 | 26.52 | 26.37 | 23.42 | 25.84 | 27.76 | 25.72 | 27.15 | 24.61 | 28.21 |
|        30 | 24.62 | 24.10 | 28.54 | 25.96 | 26.77 | 27.66 | 27.71 | 28.99 | 27.47 | 27.08 | 25.79 | 27.72 | 31.17 | 25.04 | 27.01 | 23.30 | 25.71 | 28.26 | 26.70 | 24.83 | 22.44 | 26.29 | 25.96 | 27.12 | 28.21 | 26.94 | 27.69 | 28.74 | 26.65 | 26.20 | 24.67 | 26.53 | 25.41 | 23.40 | 25.92 | 28.29 | 25.81 | 28.09 | 24.41 | 27.94 |
|        31 | 25.35 | 24.88 | 27.78 | 25.61 | 27.27 | 27.79 | 27.70 | 28.73 | 27.90 | 27.64 | 24.45 | 26.99 | 31.21 | 25.14 | 27.74 | 24.01 | 26.08 | 28.27 | 26.49 | 24.84 | 22.82 | 26.59 | 26.18 | 28.27 | 28.26 | 27.61 | 27.74 | 29.85 | 26.59 | 24.97 | 25.16 | 26.25 | 26.58 | 23.57 | 25.97 | 28.60 | 26.72 | 29.13 | 23.93 | 27.93 |
|        32 | 25.88 | 27.02 | 26.42 | 25.17 | 28.79 | 28.21 | 27.45 | 28.50 | 28.55 | 27.72 | 24.05 | 26.31 | 30.41 | 25.08 | 29.45 | 24.66 | 26.60 | 28.52 | 25.97 | 25.53 | 23.12 | 26.60 | 25.87 | 30.02 | 28.43 | 28.31 | 27.68 | 30.43 | 26.00 | 25.57 | 26.22 | 27.08 | 28.79 | 25.11 | 27.04 | 28.66 | 27.02 | 29.16 | 24.62 | 29.36 |
|        33 | 26.06 | 28.60 | 28.27 | 26.13 | 29.96 | 28.82 | 28.38 | 28.89 | 29.10 | 29.09 | 24.77 | 25.72 | 28.83 | 26.06 | 30.06 | 26.09 | 27.40 | 29.09 | 27.02 | 26.72 | 23.95 | 26.41 | 24.62 | 31.12 | 29.17 | 29.81 | 28.93 | 30.49 | 25.46 | 25.80 | 27.71 | 28.45 | 29.69 | 27.13 | 28.61 | 27.82 | 27.87 | 30.78 | 25.33 | 30.58 |
|        34 | 26.36 | 29.03 | 28.59 | 26.45 | 30.40 | 30.37 | 29.31 | 28.94 | 30.58 | 29.49 | 25.09 | 26.37 | 28.85 | 26.15 | 31.89 | 26.73 | 27.57 | 29.16 | 27.89 | 26.86 | 24.67 | 26.94 | 25.61 | 31.52 | 30.89 | 30.42 | 30.63 | 30.21 | 25.20 | 25.92 | 28.22 | 28.70 | 30.84 | 27.16 | 28.76 | 27.03 | 28.57 | 31.23 | 26.04 | 31.34 |
|        35 | 27.37 | 28.88 | 28.52 | 26.18 | 30.02 | 31.69 | 30.55 | 29.19 | 30.91 | 29.50 | 24.94 | 26.34 | 30.44 | 27.05 | 31.94 | 26.65 | 28.59 | 30.19 | 29.96 | 26.40 | 24.63 | 26.90 | 27.17 | 31.32 | 33.42 | 30.38 | 30.45 | 29.10 | 25.10 | 25.56 | 29.60 | 29.43 | 31.67 | 27.25 | 30.00 | 28.18 | 29.79 | 30.98 | 26.05 | 32.85 |
|        36 | 27.88 | 27.31 | 29.50 | 27.61 | 31.28 | 32.44 | 30.36 | 29.33 | 30.17 | 28.65 | 26.16 | 25.30 | 31.02 | 27.03 | 30.16 | 26.70 | 28.80 | 30.43 | 30.22 | 26.48 | 24.84 | 25.81 | 27.42 | 30.12 | 33.12 | 32.06 | 30.39 | 30.00 | 24.65 | 24.56 | 29.24 | 29.47 | 31.02 | 27.22 | 30.05 | 28.44 | 29.64 | 31.23 | 25.89 | 32.64 |
|        37 | 28.03 | 26.50 | 29.05 | 27.59 | 32.00 | 32.26 | 28.89 | 29.16 | 29.56 | 29.96 | 25.33 | 24.16 | 29.90 | 26.24 | 29.21 | 27.26 | 26.31 | 29.88 | 28.86 | 26.82 | 24.85 | 24.56 | 27.06 | 30.36 | 31.33 | 32.01 | 30.29 | 29.87 | 24.00 | 24.44 | 29.66 | 27.69 | 29.80 | 26.10 | 29.65 | 28.49 | 29.83 | 32.01 | 24.88 | 32.11 |
|        38 | 27.33 | 26.93 | 28.12 | 26.38 | 31.93 | 31.14 | 28.71 | 28.87 | 28.25 | 30.02 | 24.02 | 23.60 | 28.99 | 26.23 | 29.23 | 27.29 | 25.90 | 29.11 | 27.96 | 26.81 | 26.23 | 25.15 | 26.21 | 30.34 | 31.67 | 30.73 | 29.32 | 29.40 | 23.16 | 24.27 | 29.67 | 26.02 | 29.30 | 25.85 | 29.27 | 27.81 | 30.26 | 31.47 | 24.28 | 32.34 |
|        39 | 26.26 | 27.89 | 27.91 | 26.21 | 32.38 | 30.26 | 28.46 | 28.59 | 26.22 | 29.58 | 23.22 | 23.44 | 28.87 | 25.23 | 29.19 | 26.72 | 25.21 | 27.73 | 26.73 | 26.24 | 26.39 | 25.30 | 24.97 | 29.44 | 31.50 | 30.58 | 28.27 | 28.13 | 22.55 | 25.08 | 28.89 | 24.41 | 27.64 | 26.14 | 28.48 | 25.39 | 29.88 | 30.16 | 24.23 | 32.30 |
|        40 | 26.73 | 29.12 | 27.84 | 27.47 | 33.06 | 31.86 | 29.52 | 27.85 | 27.43 | 29.12 | 24.72 | 23.91 | 29.99 | 24.41 | 28.99 | 27.43 | 25.25 | 28.17 | 27.70 | 25.42 | 26.04 | 25.27 | 26.46 | 28.99 | 30.95 | 30.83 | 28.49 | 28.55 | 20.85 | 25.82 | 28.75 | 25.74 | 27.23 | 27.86 | 27.55 | 26.99 | 29.49 | 30.34 | 26.30 | 31.96 |
|        41 | 27.58 | 30.76 | 28.22 | 27.73 | 33.75 | 33.04 | 30.55 | 27.91 | 28.11 | 30.41 | 26.05 | 25.08 | 30.11 | 24.89 | 28.69 | 28.00 | 26.35 | 28.20 | 28.76 | 25.97 | 26.05 | 25.46 | 26.85 | 29.43 | 32.05 | 31.47 | 28.51 | 28.59 | 20.70 | 25.51 | 29.94 | 26.45 | 27.66 | 28.13 | 27.86 | 29.41 | 30.01 | 31.45 | 26.39 | 32.95 |
|        42 | 27.57 | 31.48 | 28.92 | 27.57 | 33.97 | 33.16 | 30.46 | 27.80 | 28.34 | 30.95 | 26.46 | 25.35 | 30.14 | 24.95 | 28.40 | 28.24 | 27.30 | 27.95 | 28.82 | 25.93 | 27.81 | 26.12 | 26.71 | 29.34 | 31.98 | 31.39 | 28.50 | 27.87 | 20.30 | 24.40 | 31.49 | 26.31 | 27.73 | 28.08 | 28.33 | 29.30 | 30.16 | 31.50 | 25.70 | 32.82 |
|        43 | 26.43 | 31.56 | 28.92 | 26.53 | 33.73 | 33.14 | 29.62 | 26.59 | 27.83 | 30.78 | 26.42 | 25.34 | 30.11 | 24.85 | 29.19 | 28.49 | 27.48 | 26.59 | 28.49 | 25.78 | 27.82 | 26.12 | 26.29 | 29.79 | 31.36 | 30.99 | 28.82 | 27.30 | 19.38 | 23.98 | 31.55 | 25.25 | 28.04 | 26.96 | 28.45 | 27.75 | 29.86 | 31.65 | 24.90 | 31.90 |
|        44 | 26.55 | 31.46 | 27.96 | 26.27 | 33.58 | 33.12 | 28.65 | 25.56 | 27.30 | 29.60 | 25.40 | 24.96 | 30.36 | 24.30 | 29.76 | 28.06 | 27.10 | 26.43 | 27.91 | 26.64 | 26.57 | 25.90 | 25.31 | 29.67 | 32.00 | 30.83 | 29.31 | 27.11 | 19.38 | 24.23 | 30.48 | 24.57 | 28.02 | 26.61 | 27.56 | 27.25 | 28.75 | 32.18 | 24.89 | 31.99 |
|        45 | 26.19 | 31.32 | 27.99 | 26.05 | 33.21 | 32.30 | 27.75 | 24.89 | 28.04 | 28.85 | 25.27 | 24.90 | 30.46 | 23.48 | 29.74 | 27.35 | 26.55 | 27.42 | 27.80 | 26.59 | 24.73 | 25.89 | 24.54 | 29.05 | 32.52 | 31.45 | 30.40 | 27.08 | 20.26 | 22.09 | 31.04 | 24.74 | 27.17 | 27.93 | 27.74 | 26.48 | 29.05 | 32.32 | 23.65 | 31.79 |
|        46 | 25.61 | 30.10 | 28.21 | 25.52 | 33.34 | 32.32 | 27.01 | 24.86 | 28.30 | 28.82 | 25.70 | 24.59 | 31.05 | 21.46 | 28.88 | 27.40 | 25.17 | 27.40 | 27.74 | 27.05 | 23.97 | 25.19 | 24.81 | 28.96 | 31.99 | 31.44 | 30.46 | 26.27 | 20.83 | 20.86 | 31.93 | 24.05 | 26.00 | 29.09 | 28.59 | 25.53 | 30.15 | 32.30 | 22.43 | 31.24 |
|        47 | 25.02 | 30.10 | 28.36 | 25.16 | 32.10 | 33.27 | 26.80 | 24.19 | 27.85 | 28.58 | 25.64 | 24.21 | 31.20 | 19.80 | 27.72 | 28.08 | 25.33 | 27.26 | 26.45 | 27.07 | 24.25 | 24.03 | 25.20 | 29.64 | 31.04 | 30.70 | 29.33 | 25.36 | 20.82 | 19.22 | 31.49 | 23.07 | 25.68 | 29.01 | 28.59 | 27.09 | 30.30 | 31.76 | 21.47 | 30.54 |
|        48 | 24.59 | 30.67 | 28.89 | 23.52 | 30.93 | 33.37 | 27.61 | 23.20 | 27.15 | 28.24 | 24.83 | 26.16 | 30.98 | 20.63 | 26.81 | 28.14 | 25.60 | 26.51 | 25.30 | 26.42 | 23.37 | 23.86 | 25.19 | 29.81 | 32.10 | 31.27 | 28.61 | 24.12 | 20.15 | 18.52 | 31.03 | 22.73 | 24.87 | 28.01 | 27.90 | 27.55 | 29.02 | 31.95 | 20.91 | 29.42 |
|        51 | 24.03 | 30.38 | 28.93 | 21.52 | 27.35 | 28.97 | 28.27 | 21.51 | 26.51 | 24.66 | 26.29 | 26.87 | 31.49 | 20.77 | 24.68 | 27.86 | 23.59 | 25.95 | 23.91 | 22.41 | 20.29 | 24.88 | 26.92 | 27.28 | 30.97 | 30.38 | 27.45 | 20.72 | 20.37 | 17.20 | 31.61 | 21.36 | 22.85 | 28.67 | 27.58 | 28.02 | 28.32 | 31.38 | 20.01 | 27.30 |
|        54 | 22.97 | 30.79 | 30.44 | 20.41 | 21.93 | 28.94 | 26.59 | 18.92 | 26.22 | 24.55 | 26.21 | 25.32 | 33.26 | 18.89 | 25.43 | 26.43 | 22.07 | 25.32 | 23.82 | 23.59 | 18.65 | 24.72 | 27.66 | 24.08 | 30.18 | 29.51 | 26.69 | 20.84 | 21.71 | 12.10 | 32.02 | 20.58 | 21.76 | 29.86 | 27.14 | 28.26 | 28.49 | 31.32 | 19.90 | 25.68 |
|        57 | 25.55 | 29.56 | 31.60 | 24.29 | 26.59 | 26.89 | 25.37 | 20.34 | 24.27 | 23.64 | 25.29 | 23.79 | 33.15 | 16.75 | 24.27 | 27.18 | 21.80 | 27.14 | 24.21 | 21.62 | 19.22 | 25.23 | 27.66 | 25.37 | 28.17 | 30.31 | 23.40 | 22.33 | 21.67 | 11.97 | 30.85 | 23.27 | 22.43 | 29.83 | 26.51 | 26.35 | 29.98 | 35.41 | 21.17 | 23.40 |
|        60 | 23.37 | 29.05 | 31.43 | 24.05 | 29.20 | 26.69 | 23.95 | 19.01 | 24.02 | 23.86 | 25.93 | 22.27 | 33.87 | 20.35 | 22.62 | 26.35 | 26.37 | 27.61 | 23.37 | 21.93 | 20.60 | 24.98 | 25.91 | 23.93 | 28.44 | 36.10 | 22.21 | 25.18 | 22.42 |  8.12 | 29.48 | 21.67 | 17.71 | 25.20 | 27.40 | 27.08 | 28.79 | 32.61 | 22.83 | 25.06 |
|        63 | 21.73 | 26.47 | 31.35 | 28.07 | 36.57 | 20.82 | 19.95 | 19.04 | 23.26 | 24.20 | 22.43 | 19.55 | 32.22 | 21.28 | 23.29 | 23.94 | 25.95 | 26.03 | 23.39 | 22.30 | 17.59 | 26.01 | 22.96 | 21.91 | 26.22 | 39.21 | 18.13 | 24.00 | 28.66 |  5.40 | 27.13 | 24.81 | 15.93 | 23.43 | 26.53 | 23.67 | 32.07 | 33.93 | 23.68 | 22.35 |
|        66 | 18.97 | 24.39 | 28.42 | 32.60 | 32.02 | 20.65 | 19.29 | 17.59 | 25.06 | 25.15 | 27.98 | 17.73 | 32.76 | 26.95 | 21.79 | 23.58 | 25.58 | 28.97 | 23.72 | 21.72 | 20.65 | 29.59 | 21.33 | 22.13 | 22.43 | 36.39 | 15.03 | 25.80 | 31.49 |  9.28 | 29.33 | 26.08 | 22.68 | 29.28 | 27.82 | 23.95 | 29.59 | 34.38 | 25.11 | 22.24 |
|        69 | 18.18 | 20.15 | 19.97 | 35.09 | 33.76 | 15.54 | 17.24 | 17.01 | 24.53 | 24.19 | 22.10 | 15.28 | 23.20 | 31.18 | 19.91 | 23.04 | 27.21 | 26.43 | 23.21 | 22.89 | 26.29 | 25.09 | 22.18 | 18.70 | 29.57 | 33.88 | 10.17 | 25.91 | 27.01 | 11.89 | 26.50 | 21.27 | 27.48 | 27.07 | 20.08 | 25.06 | 28.56 | 30.38 | 37.09 | 24.13 |
|        72 | 18.11 | 10.75 | 15.69 | 45.62 | 39.99 | 11.32 | 16.34 | 20.60 | 25.44 | 23.93 | 19.03 | 16.47 | 21.51 | 24.67 | 15.64 | 22.79 | 22.28 | 23.98 | 25.16 | 22.30 | 23.93 | 22.34 | 21.25 | 19.30 | 38.85 | 33.78 |  8.43 | 31.55 | 33.15 | 13.80 | 18.21 | 14.23 | 15.82 | 26.21 | 22.99 | 23.49 | 35.16 | 21.01 | 30.24 | 21.57 |
|        78 | 17.58 |  8.73 | 21.39 | 34.87 | 45.74 |  7.88 | 19.15 | 21.56 | 27.52 | 20.31 | 24.27 | 20.10 | 20.04 | 18.36 | 13.17 | 20.48 | 24.21 | 28.95 | 24.77 | 20.14 | 13.62 | 14.41 | 11.74 | 24.10 | 31.59 | 36.28 | 11.76 | 22.37 | 21.48 | 21.67 | 19.86 | 15.11 | 15.61 | 25.26 | 20.71 | 29.65 | 31.04 | 11.90 | 40.13 | 13.87 |
|        84 | 11.75 | 15.59 | 29.04 | 27.01 | 41.07 | 11.19 | 26.79 | 30.70 | 13.65 | 27.13 | 29.46 | 25.87 | 23.93 | 12.91 | 17.56 | 20.67 | 19.12 | 43.73 | 46.53 | 12.30 | 20.80 | 12.65 |  7.12 | 26.68 | 17.36 | 32.57 | 17.12 | 23.69 | 26.52 | 26.85 | 14.35 | 28.17 | 22.05 | 39.62 | 15.27 | 40.07 | 23.03 | 12.64 | 14.29 | 13.30 |
|        90 | 13.28 | 11.25 | 27.58 |  8.00 | 27.24 | 14.07 | 13.62 | 37.56 | 32.78 | 12.21 | 30.06 | 34.06 | 21.59 | 20.92 | 23.42 | 19.52 | 25.13 | 25.54 | 36.59 | 35.08 | 11.65 |  8.89 | 13.62 | 14.79 | 11.12 | 18.38 | 23.99 | 27.52 | 17.47 | 27.30 |  9.24 | 13.06 | 17.39 | 36.31 | 23.56 | 21.84 | 10.98 | 11.16 | 14.48 | 13.89 |
|        96 | 15.05 |  7.31 | 15.76 | 17.28 | 19.25 | 17.03 | 14.71 | 11.29 | 37.27 | 21.51 | 30.09 | 41.11 | 21.12 | 20.31 | 27.04 | 26.29 | 36.69 | 13.12 | 32.16 | 25.22 |  9.50 | 13.00 | 14.72 | 25.05 | 17.05 | 36.25 | 24.37 | 22.27 | 17.88 | 40.67 | 12.67 | 11.21 | 51.19 | 19.06 | 20.58 | 22.56 | 15.91 | 19.63 | 21.54 | 39.11 |
|       102 | 38.63 | 16.38 | 16.88 | 20.74 | 47.94 | 22.02 | 18.28 | 30.00 | 32.77 | 41.91 | 51.13 | 59.61 | 27.34 | 52.08 | 28.09 | 65.76 | 39.18 |  5.84 | 10.70 | 11.20 | 18.70 | 12.27 | 25.35 | 46.47 | 45.68 | 50.68 | 30.70 | 14.24 | 23.14 | 54.19 | 15.03 | 14.70 | 51.54 | 16.89 | 21.84 | 56.08 | 33.73 | 23.94 | 46.14 | 47.39 |
|       108 | 76.82 | 18.89 | 25.75 | 47.85 | 52.04 | 48.02 | 25.58 | 52.19 | 57.74 | 57.22 | 55.34 | 58.69 | 41.99 | 60.45 | 34.80 | 58.31 | 60.60 | 29.89 | 11.25 |  7.13 | 51.60 | 12.68 | 32.78 | 58.30 | 50.23 | 43.11 | 52.37 | 22.21 | 46.68 | 51.90 | 35.21 | 31.47 | 41.80 | 16.08 | 22.08 | 55.59 | 29.95 | 19.46 | 44.77 | 57.98 |
|       114 | 51.27 | 36.07 | 29.13 | 47.16 | 52.48 | 27.80 | 28.76 | 54.46 | 37.64 | 40.48 | 40.40 | 49.21 | 45.76 | 28.42 | 31.22 | 51.21 | 41.63 | 34.55 | 10.33 |  9.53 | 49.73 | 19.08 | 37.47 | 17.22 | 40.87 | 20.26 | 47.15 | 24.76 | 51.46 | 27.33 | 21.85 | 37.37 | 24.68 | 17.55 | 41.13 | 35.12 | 26.59 | 39.35 | 47.34 | 38.80 |
|       120 | 40.29 | 32.70 | 32.64 | 38.01 | 25.03 | 24.37 | 34.35 | 47.90 | 20.61 | 48.50 | 20.04 | 30.13 | 35.72 | 19.84 | 37.65 | 35.98 | 38.38 | 18.95 | 11.39 |  8.20 | 30.11 | 43.20 | 23.39 | 34.80 | 33.21 | 31.15 | 43.10 | 15.71 | 50.94 | 23.44 | 23.63 | 50.21 | 17.23 | 17.01 | 33.90 | 25.28 | 37.25 | 34.20 | 46.11 | 37.20 |
