# variable: Temperature at 850hPa
# units: degree celsius
# 
| fcst_hour |     1 |     2 |     3 |     4 |     5 |     6 |     7 |     8 |     9 |    10 |    11 |    12 |    13 |    14 |    15 |    16 |    17 |    18 |    19 |    20 |    21 |    22 |    23 |    24 |    25 |    26 |    27 |    28 |    29 |    30 |    31 |    32 |    33 |    34 |    35 |    36 |    37 |    38 |    39 |    40 |
|         0 |  5.48 |  5.12 |  5.62 |  6.06 |  6.17 |  5.20 |  5.91 |  4.92 |  5.10 |  5.62 |  6.00 |  6.12 |  4.71 |  5.16 |  5.05 |  5.58 |  5.66 |  6.03 |  4.83 |  5.77 |  5.54 |  5.76 |  5.74 |  5.20 |  5.47 |  5.76 |  4.98 |  5.83 |  6.55 |  6.02 |  5.83 |  5.81 |  5.95 |  5.32 |  6.53 |  5.52 |  6.09 |  5.84 |  5.50 |  5.32 |
|         1 |  5.58 |  4.53 |  5.62 |  5.71 |  6.01 |  5.25 |  5.75 |  4.72 |  4.96 |  5.27 |  5.65 |  5.71 |  4.69 |  4.92 |  4.81 |  5.51 |  5.34 |  5.67 |  4.54 |  5.58 |  5.20 |  5.71 |  5.36 |  5.06 |  5.08 |  5.33 |  4.66 |  5.26 |  6.57 |  5.95 |  5.64 |  5.41 |  5.37 |  5.05 |  6.38 |  5.21 |  5.93 |  5.46 |  5.61 |  5.03 |
|         2 |  5.27 |  4.34 |  5.53 |  5.03 |  5.59 |  5.14 |  5.46 |  4.70 |  5.03 |  4.95 |  4.93 |  5.03 |  4.36 |  4.57 |  4.46 |  5.40 |  5.02 |  5.24 |  4.12 |  5.45 |  4.61 |  5.49 |  5.11 |  4.83 |  4.59 |  4.91 |  4.06 |  4.58 |  6.31 |  5.79 |  5.28 |  4.85 |  5.08 |  4.66 |  6.14 |  4.77 |  5.74 |  4.74 |  5.45 |  4.67 |
|         3 |  5.19 |  3.85 |  5.15 |  4.40 |  5.30 |  5.09 |  5.27 |  4.51 |  4.84 |  4.63 |  4.30 |  4.42 |  4.13 |  4.33 |  3.94 |  5.44 |  4.71 |  4.71 |  3.91 |  5.20 |  4.00 |  5.30 |  4.82 |  4.84 |  4.36 |  4.38 |  3.83 |  4.19 |  5.93 |  5.39 |  4.96 |  4.36 |  4.90 |  4.40 |  5.92 |  4.51 |  5.30 |  4.29 |  5.30 |  4.03 |
|         4 |  5.00 |  2.70 |  3.99 |  3.79 |  4.88 |  4.57 |  4.87 |  3.54 |  3.79 |  3.78 |  3.97 |  3.30 |  3.50 |  3.77 |  2.88 |  5.11 |  3.96 |  3.84 |  3.78 |  4.62 |  3.56 |  4.90 |  3.88 |  4.38 |  3.98 |  3.73 |  3.51 |  3.80 |  5.45 |  4.30 |  4.26 |  3.89 |  4.37 |  3.73 |  5.73 |  4.36 |  4.36 |  3.88 |  4.97 |  3.21 |
|         5 |  4.66 |  1.83 |  2.75 |  3.27 |  3.93 |  3.30 |  4.37 |  2.57 |  2.56 |  2.55 |  3.65 |  2.57 |  2.30 |  2.85 |  1.63 |  4.14 |  2.65 |  2.88 |  3.52 |  3.56 |  2.99 |  3.73 |  2.86 |  3.37 |  3.25 |  3.07 |  2.88 |  3.74 |  5.05 |  2.89 |  3.42 |  2.81 |  3.85 |  3.12 |  5.08 |  3.87 |  3.53 |  3.33 |  4.14 |  2.48 |
|         6 |  3.85 |  1.31 |  1.74 |  2.90 |  2.43 |  1.61 |  3.28 |  1.97 |  1.64 |  1.64 |  2.95 |  2.01 |  1.21 |  1.76 |  0.79 |  2.64 |  1.86 |  2.03 |  3.31 |  2.43 |  1.75 |  2.35 |  2.09 |  2.18 |  2.86 |  2.22 |  2.25 |  3.14 |  4.02 |  1.75 |  2.81 |  1.64 |  3.41 |  2.09 |  4.26 |  2.64 |  2.81 |  2.71 |  3.24 |  1.90 |
|         7 |  2.66 |  0.69 |  1.91 |  3.01 |  1.50 |  1.09 |  2.60 |  1.89 |  1.57 |  1.23 |  2.08 |  1.63 |  0.90 |  0.90 | -0.26 |  0.84 |  1.22 |  1.20 |  2.67 |  2.18 |  0.53 |  2.49 |  1.86 |  1.50 |  2.23 |  2.02 |  1.89 |  2.07 |  2.76 |  1.39 |  3.32 |  0.73 |  3.09 |  1.37 |  4.07 |  1.50 |  2.27 |  2.67 |  2.72 |  1.88 |
|         8 |  2.39 | -0.02 |  2.85 |  2.20 |  1.11 |  1.41 |  2.84 |  1.35 |  2.10 |  1.33 |  1.88 |  1.50 |  0.97 |  0.77 | -1.00 | -0.37 |  0.38 |  0.71 |  1.44 |  2.33 | -0.43 |  2.49 |  1.87 |  1.60 |  0.71 |  2.02 |  1.31 |  1.97 |  2.49 |  1.11 |  3.55 |  0.85 |  2.86 |  1.41 |  3.71 |  1.06 |  1.50 |  2.61 |  2.80 |  1.55 |
|         9 |  2.43 | -0.16 |  2.92 |  2.29 |  1.52 |  2.92 |  3.73 |  1.64 |  2.27 |  1.60 |  2.51 |  1.59 |  0.75 |  1.62 | -1.25 | -0.20 | -0.13 |  1.00 |  0.93 |  1.58 | -1.09 |  3.10 |  1.61 |  2.41 |    -0 |  2.71 |  0.95 |  2.21 |  2.28 |  1.53 |  3.54 |  1.72 |  3.53 |  2.07 |  4.06 |  1.62 |  1.70 |  2.19 |  2.12 |  1.35 |
|        10 |  2.00 |  0.27 |  1.69 |  2.84 |  1.94 |  4.25 |  3.66 |  1.50 |  1.91 |  2.22 |  2.74 |  1.40 |  0.24 |  1.98 | -1.32 |  0.44 |  0.58 |  1.03 |  1.58 |  0.83 | -0.99 |  3.73 |  1.68 |  2.57 | -0.53 |  2.55 |  0.68 |  3.47 |  2.43 |  2.14 |  3.46 |  1.87 |  3.78 |  2.34 |  3.74 |  2.93 |  1.75 |  1.92 |  1.16 |  1.31 |
|        11 |  1.16 | -0.07 |  1.71 |  2.40 |  2.22 |  3.36 |  2.39 |  2.09 |  2.39 |  1.96 |  2.30 |  1.96 |  0.09 |  2.03 | -1.90 |  0.64 |  1.48 |  0.20 |  2.83 |  1.02 | -0.66 |  2.96 |  1.54 |  1.99 | -0.65 |  1.08 |  0.81 |  3.57 |  2.18 |  2.08 |  2.81 |  0.78 |  2.65 |  1.81 |  2.98 |  2.76 |  0.32 |  2.07 | -0.43 |  1.71 |
|        12 |  1.05 | -1.60 |  0.24 |  0.92 |  1.83 |  1.20 |  2.13 |  0.95 |  0.07 |  0.41 |  1.63 |  2.32 | -0.62 |  1.89 | -2.06 |  1.02 |  0.44 | -0.78 |  2.07 |  0.45 | -0.70 |  1.92 |  0.55 |  3.00 | -0.03 | -1.03 | -0.21 |  1.07 |  2.01 |  1.46 |  1.76 |  0.75 |  1.37 |  1.03 |  2.06 |  1.05 |  0.43 |  2.00 | -2.12 |  1.25 |
|        13 |  2.61 | -2.41 | -0.70 |  0.58 |  0.36 |  1.99 |  0.77 | -0.55 | -1.06 | -0.68 |  0.02 |  0.22 | -0.28 |  1.16 | -2.05 |  2.39 | -0.87 | -1.71 | -0.39 | -0.97 | -0.84 |  0.92 | -0.51 |  1.05 |  0.34 | -0.97 | -1.07 |  0.36 |  3.04 | -0.72 |  1.27 | -0.35 |  0.88 |  0.92 |  0.62 |  0.72 |  0.31 | -0.53 | -1.52 | -0.88 |
|        14 |  2.15 | -1.53 | -0.10 | -0.34 | -0.85 |  0.41 | -0.20 | -0.37 | -0.12 | -1.35 | -0.66 | -0.11 |  0.03 |  0.07 | -1.14 | -0.34 | -0.70 | -0.79 | -0.71 | -0.36 |  0.35 | -0.26 | -0.04 | -0.07 |  0.66 | -0.32 | -0.99 | -0.90 |  0.61 | -0.48 |  0.44 | -0.66 | -0.29 |  0.31 |  0.39 |  0.17 | -0.25 | -0.85 | -2.02 | -0.35 |
|        15 | -0.07 | -0.17 |  0.45 | -0.32 | -0.43 | -0.56 | -0.45 |  0.13 |  0.49 | -0.65 |  0.11 |  1.07 |  0.08 | -0.22 |  0.02 | -0.26 | -0.02 | -0.26 | -0.24 | -0.03 |  0.68 | -0.08 |  0.74 |  0.01 |  0.83 |  0.67 |  0.02 | -0.24 | -0.86 |  0.62 |  0.46 |  0.24 | -0.54 | -0.51 |  0.78 | -0.69 | -0.80 |  0.31 | -2.27 |  0.10 |
|        16 | -0.26 | -0.10 |  0.85 |  0.39 |  0.62 |  0.05 | -0.02 |  0.75 |  1.11 |  0.18 |  0.74 |  1.31 |  0.56 | -0.17 |  0.70 |  0.53 |  0.23 |  0.21 |  0.40 |  0.61 |  1.04 |  0.99 |  0.84 |  1.01 |  1.53 |  1.14 | -0.04 |  0.62 | -0.34 |  0.96 |  1.08 |  0.56 |  0.39 |  0.12 |  0.92 | -0.03 |    -0 |  1.01 | -0.81 |  0.36 |
|        17 |  0.49 |  0.07 |  0.95 |  1.07 |  0.56 |  1.08 |  1.04 |  1.18 |  1.35 |  0.80 |  0.92 |  1.21 |  0.26 |    -0 |  1.11 |  0.55 |  0.68 |  0.60 |  0.60 |  0.98 |  1.98 |  1.10 |  0.89 |  0.92 |  1.76 |  1.15 |  0.13 |  0.83 |  0.16 |  1.48 |  1.33 |  0.49 |  0.90 |  0.87 |  1.14 |  0.70 |  0.71 |  1.22 |  0.56 |  0.54 |
|        18 |  0.64 |  0.31 |  0.56 |  1.16 |  0.70 |  1.44 |  1.20 |  1.02 |  0.45 |  0.76 |  0.95 |  0.48 | -0.63 |  0.18 |  1.04 |  0.36 |  0.32 |  0.74 |  0.99 |  0.52 |  1.38 |  1.05 |  0.73 |  1.19 |  1.64 |  0.69 |  0.71 |  0.20 |  0.30 |  1.52 |  1.45 | -0.18 |  0.96 |  0.89 |  0.95 |  0.89 |  0.77 |  0.57 |  0.36 |  0.69 |
|        19 |  0.89 |  0.32 |  0.34 |  0.91 |  0.78 |  1.38 |  1.00 |  0.61 | -0.31 |  0.36 |  0.57 | -1.17 | -1.26 |  0.43 |  0.62 | -0.67 | -0.02 |  0.51 |  0.58 |  0.16 |  0.71 |  0.55 | -0.05 |  0.64 |  1.90 | -0.59 |  0.17 | -1.33 |  0.41 |  1.44 |  0.58 | -0.49 |  0.88 |  0.59 |  0.07 |  0.33 |  0.90 |  0.28 |  0.60 |  0.32 |
|        20 |  0.58 | -0.24 | -0.79 |  0.32 |  0.37 |  0.48 |  0.12 | -0.06 | -1.26 | -0.58 |  0.22 | -2.24 | -2.08 |  0.33 | -0.25 | -2.13 | -1.06 | -0.16 | -0.05 | -0.42 |  0.26 | -0.58 | -1.27 | -0.13 |  1.83 | -1.55 |  0.15 | -2.49 | -0.70 |  1.43 | -0.87 | -1.07 | -0.04 | -0.06 | -1.06 | -0.11 |  1.20 | -1.16 |  0.27 | -0.30 |
|        21 |  0.08 | -1.07 | -2.06 | -0.85 | -0.23 | -0.85 | -1.00 | -0.82 | -1.32 | -2.24 | -1.15 | -2.89 | -2.08 |  0.08 | -1.47 | -2.87 | -1.59 | -1.63 | -0.71 | -1.91 | -0.76 | -0.67 | -1.89 | -0.63 |  0.22 | -1.62 | -0.91 | -3.12 | -2.26 |  0.22 | -1.83 | -1.60 | -0.92 | -1.21 | -2.58 | -1.49 |  0.31 | -1.80 |  0.41 | -1.42 |
|        22 | -0.98 | -1.62 | -2.55 | -1.42 | -1.81 | -1.06 | -1.99 | -1.81 | -0.83 | -3.30 | -1.57 | -2.42 | -2.64 | -1.35 | -1.56 | -3.04 | -1.58 | -1.92 | -1.67 | -2.99 | -1.60 | -0.79 | -2.21 | -1.40 | -0.12 | -1.37 | -1.90 | -3.35 | -3.22 | -0.95 | -1.68 | -1.97 | -1.16 | -1.67 | -3.03 | -2.11 | -0.76 | -1.99 | -0.55 | -1.90 |
|        23 | -1.11 | -2.70 | -3.23 | -1.99 | -2.79 | -1.48 | -2.41 | -2.13 | -0.75 | -3.04 | -1.46 | -1.29 | -3.79 | -2.39 | -1.46 | -2.45 | -1.82 | -2.35 | -2.35 | -3.48 | -1.79 | -1.13 | -2.58 | -1.51 | -0.22 | -1.64 | -1.96 | -3.04 | -3.37 | -1.91 | -1.43 | -2.08 | -1.63 | -1.36 | -3.03 | -2.15 | -1.72 | -2.29 | -0.92 | -1.92 |
|        24 | -1.41 | -2.81 | -2.46 | -2.25 | -2.59 | -0.84 | -1.84 | -1.85 | -1.37 | -2.73 | -1.94 | -1.54 | -4.12 | -2.57 | -1.61 | -2.24 | -2.35 | -3.58 | -2.41 | -3.52 | -1.99 | -1.20 | -2.86 | -1.95 | -0.46 | -1.89 | -1.68 | -2.41 | -3.55 | -2.08 | -1.55 | -2.00 | -1.74 | -1.80 | -2.86 | -2.05 | -1.97 | -2.34 | -1.22 | -2.11 |
|        25 | -1.56 | -3.02 | -2.08 | -2.58 | -2.26 | -1.64 | -1.74 | -1.73 | -1.59 | -2.98 | -2.14 | -1.34 | -3.96 | -2.96 | -2.10 | -1.87 | -2.29 | -3.87 | -2.37 | -3.64 | -2.39 | -1.51 | -2.69 | -2.14 | -1.15 | -1.71 | -1.96 | -1.92 | -3.32 | -2.03 | -1.55 | -1.33 | -1.45 | -1.92 | -2.41 | -2.05 | -1.14 | -1.92 | -1.65 | -2.72 |
|        26 | -1.64 | -2.65 | -2.20 | -2.30 | -1.99 | -1.81 | -1.65 | -1.39 | -1.52 | -3.02 | -2.04 | -1.22 | -3.56 | -3.20 | -2.53 | -1.87 | -1.89 | -3.55 | -1.95 | -3.08 | -2.17 | -1.50 | -2.27 | -2.17 | -1.34 | -1.35 | -1.56 | -2.11 | -3.03 | -2.36 | -1.34 | -0.88 | -1.42 | -1.69 | -1.93 | -2.26 | -1.07 | -1.67 | -1.84 | -3.23 |
|        27 | -1.57 | -2.32 | -2.24 | -2.13 | -1.66 | -1.27 | -1.34 | -1.21 | -1.42 | -2.79 | -1.28 | -0.54 | -3.16 | -3.03 | -2.29 | -2.01 | -1.94 | -2.86 | -1.76 | -2.74 | -2.01 | -1.24 | -1.74 | -1.92 | -1.48 | -1.09 | -1.05 | -1.87 | -2.68 | -2.78 | -1.34 | -0.75 | -1.26 | -1.46 | -1.81 | -2.09 | -1.10 | -1.35 | -1.67 | -3.11 |
|        28 | -1.23 | -1.92 | -2.40 | -1.79 | -1.20 | -1.21 | -1.14 | -1.05 | -1.42 | -2.76 | -1.21 | -0.47 | -2.88 | -3.07 | -2.15 | -1.67 | -1.98 | -2.67 | -1.48 | -2.69 | -1.94 | -1.13 | -1.30 | -1.71 | -0.78 | -0.96 | -0.56 | -1.78 | -2.44 | -2.94 | -1.27 | -0.43 | -1.19 | -1.68 | -1.66 | -1.83 | -1.00 | -1.18 | -1.57 | -2.85 |
|        29 | -0.87 | -1.19 | -2.45 | -1.46 | -0.76 | -1.01 | -1.01 | -0.71 | -1.39 | -2.59 | -0.76 | -0.37 | -2.46 | -2.98 | -2.21 | -1.88 | -2.02 | -2.19 | -0.81 | -2.46 | -1.87 | -0.39 | -1.46 | -1.63 | -0.55 | -0.85 | -0.30 | -1.28 | -2.50 | -2.36 | -1.21 | -0.33 | -0.95 | -1.16 | -1.44 | -1.30 | -0.80 | -0.68 | -1.54 | -2.84 |
|        30 | -0.77 | -1.21 | -2.26 | -1.36 | -0.69 | -0.39 | -0.82 | -0.49 | -1.24 | -2.23 | -0.86 |  0.22 | -2.06 | -2.49 | -2.25 | -1.94 | -2.02 | -1.63 | -0.35 | -2.23 | -1.99 | -0.48 | -0.95 | -1.37 | -0.28 | -0.85 | -0.24 | -0.94 | -2.31 | -1.96 | -0.89 | -0.01 | -0.89 | -0.54 | -1.13 | -0.50 | -0.48 | -0.30 | -1.49 | -2.86 |
|        31 | -0.46 | -1.21 | -2.30 | -1.32 | -0.36 | -0.22 | -0.83 | -0.38 | -0.96 | -1.62 | -0.82 |  0.53 | -1.79 | -1.65 | -2.10 | -1.66 | -1.88 | -1.26 | -0.36 | -2.15 | -1.92 | -0.72 | -1.22 | -1.24 |  0.15 | -0.72 | -0.07 | -0.76 | -1.66 | -1.76 | -0.66 |  0.19 | -0.18 |  0.11 | -0.81 | -0.16 | -0.70 | -0.05 | -1.52 | -2.14 |
|        32 | -0.21 | -1.37 | -1.91 | -0.82 | -0.20 | -0.14 | -0.65 | -0.18 | -0.71 | -1.65 | -0.90 |  0.44 | -1.63 | -1.20 | -1.95 | -1.67 | -1.59 | -0.94 | -0.22 | -1.89 | -1.90 | -0.35 | -1.28 | -0.96 |  0.37 | -0.54 | -0.07 | -0.50 | -1.61 | -1.61 | -0.59 |  0.30 |  0.02 |  0.25 | -0.52 |  0.23 | -0.39 |  0.32 | -1.43 | -1.40 |
|        33 | -0.28 | -1.22 | -1.53 | -0.45 | -0.18 | -0.03 | -0.61 |  0.08 | -0.34 | -1.46 | -0.72 |  0.02 | -1.32 | -0.99 | -1.85 | -1.38 | -1.39 | -0.57 | -0.09 | -1.67 | -1.87 | -0.09 | -1.39 | -0.92 |  0.89 | -0.32 |  0.27 | -0.45 | -1.51 | -1.21 | -0.10 |  0.41 |    -0 |  0.06 | -0.29 |  0.42 |  0.13 |  0.42 | -1.37 | -0.91 |
|        34 | -0.20 | -0.99 | -1.33 | -0.49 | -0.14 |  0.10 | -0.60 | -0.10 | -0.29 | -1.36 | -0.60 |  0.07 | -0.89 | -0.88 | -1.61 | -1.26 | -0.83 | -0.43 |  0.42 | -1.51 | -1.79 |  0.23 | -1.30 | -0.67 |  1.39 | -0.21 |  0.77 | -0.56 | -1.13 | -0.45 |  0.30 |  0.54 |  0.21 |  0.07 |  0.29 |  0.43 |  0.02 |  0.17 | -0.91 | -0.47 |
|        35 | -0.16 | -0.78 | -1.21 | -0.52 | -0.03 |  0.24 | -0.39 |  0.13 | -0.18 | -1.52 | -0.29 |  0.10 | -1.07 | -0.68 | -1.37 | -0.93 | -0.61 | -0.60 |  0.48 | -1.18 | -1.62 |  0.84 | -1.39 | -0.68 |  1.12 | -0.34 |  1.22 | -0.39 | -0.61 | -0.05 |  0.92 |  0.74 |  0.55 |  0.29 |  0.45 |  0.59 |  0.01 |  0.31 | -0.42 |  0.19 |
|        36 | -0.07 | -0.64 | -0.56 | -0.58 | -0.22 |  0.77 | -0.46 |  0.30 | -0.25 | -1.78 |     0 |  0.36 | -1.07 | -0.40 | -1.46 | -0.72 | -0.54 | -0.47 |  0.30 | -0.76 | -1.36 |  1.41 | -1.14 |  0.02 |  0.82 | -0.26 |  1.44 | -0.18 | -0.40 |  0.12 |  0.94 |  0.91 |  1.26 |  0.17 |  0.42 |  0.50 |  0.40 |  0.40 | -0.30 | -0.04 |
|        37 | -0.02 | -0.53 |  0.12 | -0.76 |  0.10 |  0.94 | -0.26 |  0.66 |     0 | -1.49 |  0.53 |  1.27 | -0.89 |  0.12 | -1.42 | -0.31 | -0.40 |  0.21 |  0.32 | -0.49 | -1.05 |  2.25 | -1.08 |  0.64 |  0.59 | -0.25 |  2.09 | -0.13 | -0.61 |  0.57 |  0.98 |  0.85 |  1.81 |  0.49 |  1.04 |  0.25 |  0.87 |  0.49 | -0.25 |  0.12 |
|        38 |  0.26 | -0.05 |  0.35 | -0.62 |  1.06 |  0.86 |  0.93 |  1.12 |  0.31 | -0.62 |  0.55 |  2.11 | -0.78 |  0.48 | -0.31 | -0.08 |    -0 |  0.67 |  0.89 | -0.46 | -0.84 |  3.05 | -0.71 |  1.17 |  0.63 |  0.18 |  2.56 |  0.54 | -0.32 |  0.84 |  1.25 |  0.71 |  1.96 |  1.16 |  1.13 |  0.65 |  1.64 |  0.65 |  0.08 |  0.60 |
|        39 |  0.65 |  0.49 |  1.12 | -0.29 |  2.40 |  1.21 |  1.92 |  1.41 |  0.51 |  0.29 |  0.67 |  3.04 | -0.38 |  1.24 |  1.46 |  0.80 |  1.01 |  1.07 |  1.20 | -0.29 | -0.27 |  3.93 | -0.29 |  2.01 |  1.03 |  0.66 |  2.85 |  0.95 | -0.15 |  0.96 |  2.11 |  0.69 |  3.40 |  2.10 |  1.89 |  1.12 |  3.37 |  0.89 |  0.12 |  2.48 |
|        40 |  1.47 |  1.67 |  2.02 |  0.71 |  2.95 |  1.52 |  2.82 |  1.70 |  1.20 |  1.37 |  1.34 |  3.99 |  0.17 |  2.24 |  2.55 |  1.41 |  2.65 |  1.61 |  1.08 |  1.24 |  0.36 |  4.14 |  0.23 |  2.66 |  2.21 |  0.82 |  3.05 |  1.74 |  1.00 |  1.38 |  2.72 |  2.60 |  3.64 |  3.18 |  2.92 |  1.40 |  4.12 |  1.82 |  1.38 |  3.96 |
|        41 |  2.17 |  2.02 |  3.53 |  1.33 |  3.47 |  1.78 |  3.83 |  2.37 |  1.93 |  2.01 |  2.19 |  4.56 |  0.64 |  2.72 |  4.21 |  1.79 |  4.32 |  2.33 |  2.50 |  1.63 |  1.22 |  4.30 |  1.03 |  3.47 |  3.58 |  1.67 |  3.84 |  2.58 |  2.31 |  1.79 |  3.82 |  4.92 |  3.57 |  4.22 |  3.88 |  1.36 |  4.09 |  2.32 |  2.14 |  4.92 |
|        42 |  3.03 |  2.84 |  4.03 |  1.88 |  4.36 |  2.13 |  4.51 |  3.53 |  2.41 |  3.39 |  2.98 |  4.64 |  1.43 |  3.30 |  4.08 |  3.65 |  4.83 |  3.27 |  3.31 |  3.08 |  2.16 |  5.34 |  1.94 |  3.61 |  4.35 |  2.34 |  4.38 |  3.09 |  2.90 |  2.51 |  4.88 |  5.59 |  3.47 |  4.61 |  4.02 |  2.15 |  3.75 |  3.05 |  3.32 |  5.11 |
|        43 |  2.89 |  4.36 |  4.27 |  2.44 |  5.14 |  2.85 |  4.50 |  4.44 |  3.14 |  4.04 |  4.38 |  4.80 |  2.33 |  4.94 |  4.16 |  4.33 |  5.19 |  4.05 |  4.71 |  4.45 |  3.53 |  5.26 |  2.68 |  3.87 |  5.16 |  2.90 |  4.26 |  3.57 |  3.24 |  2.99 |  5.34 |  5.98 |  3.76 |  5.21 |  4.52 |  3.10 |  3.57 |  4.29 |  4.20 |  5.28 |
|        44 |  3.63 |  4.34 |  4.31 |  4.30 |  4.99 |  3.29 |  3.97 |  5.17 |  3.81 |  4.05 |  4.78 |  5.08 |  3.06 |  5.34 |  3.84 |  4.64 |  5.18 |  5.24 |  5.17 |  4.97 |  4.13 |  4.14 |  3.49 |  3.84 |  5.34 |  3.56 |  4.95 |  4.09 |  4.12 |  3.75 |  5.72 |  6.18 |  4.46 |  5.17 |  5.41 |  4.44 |  4.08 |  5.16 |  5.16 |  5.89 |
|        45 |  4.00 |  4.02 |  4.80 |  4.56 |  4.90 |  4.31 |  3.91 |  5.63 |  4.47 |  4.03 |  4.90 |  5.22 |  3.85 |  4.60 |  4.53 |  5.00 |  4.73 |  5.54 |  5.25 |  5.52 |  3.71 |  4.06 |  3.06 |  4.65 |  5.14 |  4.17 |  5.26 |  4.77 |  5.00 |  4.44 |  5.27 |  6.64 |  4.79 |  5.68 |  5.91 |  5.41 |  5.13 |  5.40 |  5.05 |  5.72 |
|        46 |  3.62 |  4.14 |  5.20 |  4.67 |  5.36 |  5.13 |  4.81 |  4.89 |  4.63 |  3.66 |  4.97 |  4.98 |  4.46 |  4.52 |  4.58 |  4.87 |  5.02 |  5.91 |  5.24 |  5.91 |  3.79 |  4.84 |  2.65 |  4.96 |  5.49 |  4.81 |  5.58 |  5.04 |  4.84 |  4.99 |  5.69 |  6.67 |  4.41 |  5.64 |  5.54 |  5.34 |  4.69 |  5.65 |  5.28 |  5.59 |
|        47 |  2.89 |  4.30 |  4.21 |  5.45 |  6.36 |  5.10 |  4.85 |  4.71 |  4.57 |  3.69 |  5.12 |  4.83 |  4.62 |  4.63 |  4.69 |  4.92 |  5.69 |  5.95 |  5.22 |  5.38 |  4.12 |  4.75 |  4.10 |  4.35 |  5.61 |  4.77 |  5.50 |  5.36 |  4.95 |  4.41 |  5.63 |  6.77 |  4.55 |  5.44 |  5.24 |  5.31 |  4.25 |  5.51 |  5.69 |  5.66 |
|        48 |  2.96 |  5.23 |  3.66 |  6.07 |  6.32 |  5.35 |  4.61 |  4.90 |  4.35 |  3.64 |  5.40 |  6.18 |  4.45 |  5.65 |  4.98 |  4.98 |  5.85 |  5.62 |  5.68 |  5.28 |  4.59 |  5.30 |  5.05 |  4.49 |  5.52 |  4.21 |  5.63 |  5.46 |  5.54 |  4.52 |  5.44 |  6.94 |  4.69 |  5.49 |  5.10 |  4.66 |  4.88 |  5.16 |  6.44 |  5.34 |
|        51 |  4.78 |  6.59 |  4.25 |  5.70 |  6.50 |  5.60 |  3.94 |  5.65 |  5.76 |  4.97 |  7.19 |  4.89 |  4.13 |  7.09 |  5.75 |  5.77 |  6.59 |  5.75 |  6.02 |  5.80 |  5.95 |  6.26 |  5.98 |  4.96 |  4.51 |  5.46 |  5.46 |  3.46 |  6.17 |  5.89 |  6.34 |  7.68 |  4.76 |  7.23 |  5.26 |  5.74 |  6.72 |  6.06 |  5.83 |  5.09 |
|        54 |  5.15 |  7.07 |  5.19 |  5.45 |  6.63 |  6.18 |  5.48 |  5.74 |  5.28 |  6.11 |  6.51 |  3.52 |  4.08 |  7.98 |  7.87 |  7.03 |  7.41 |  5.47 |  6.83 |  7.08 |  6.42 |  6.96 |  6.48 |  6.24 |  7.06 |  7.54 |  6.19 |  7.30 |  6.16 |  6.77 |  7.63 |  4.90 |  6.59 |  7.48 |  4.77 |  6.93 |  6.42 |  5.26 |  6.69 |  6.52 |
|        57 |  7.44 |  7.69 |  7.05 |  7.92 |  7.70 |  7.53 |  6.39 |  6.20 |  6.60 |  6.90 |  4.63 |  2.98 |  3.96 |  7.56 |  7.04 |  7.27 |  6.57 |  6.40 |  7.07 |  7.49 |  7.14 |  6.01 |  7.12 |  6.59 |  7.89 |  6.83 |  6.78 |  8.38 |  8.09 |  6.89 |  7.72 |  6.16 |  6.39 |  7.59 |  3.84 |  7.08 |  6.63 |  5.80 |  7.37 |  7.81 |
|        60 |  7.95 |  7.75 |  6.70 |  7.82 |  7.39 |  7.79 |  8.06 |  6.58 |  6.45 |  7.19 |  2.53 |  3.23 |  6.64 |  7.20 |  8.40 |  7.86 |  6.43 |  8.71 |  8.11 |  6.96 |  7.73 |  5.92 |  7.83 |  7.52 |  8.67 |  6.47 |  6.36 |  8.23 |  8.84 |  6.96 |  6.69 |  7.27 |  7.37 |  8.54 |  6.63 |  7.45 |  6.97 |  4.71 |  7.69 |  8.21 |
|        63 |  7.53 |  7.40 |  5.81 |  5.70 |  3.36 |  7.64 |  7.59 |  5.97 |  7.15 |  6.26 |  4.83 |  4.36 |  7.21 |  6.74 |  9.64 |  8.27 |  7.70 |  7.73 |  6.43 |  7.16 |  7.34 |  6.75 |  8.05 |  6.20 |  7.91 |  5.64 |  5.84 |  8.43 |  9.10 |  6.86 |  8.19 |  7.55 |  7.08 |  7.97 |  6.34 |  7.04 |  8.65 |  5.65 |  7.85 |  8.00 |
|        66 |  7.43 |  5.91 |  4.25 |  3.16 |  4.68 |  8.58 |  6.65 |  5.80 |  7.70 |  3.26 |  7.06 |  5.06 |  6.88 |  7.15 |  7.45 |  6.32 |  4.25 |  3.91 |  5.19 |  8.48 |  6.99 |  6.07 |  4.76 |  5.62 |  7.06 |  5.21 |  6.32 |  7.95 |  8.79 |  5.45 |  8.73 |  7.61 |  7.27 |  2.37 |  7.28 |  7.89 |  7.69 |  5.36 |  4.61 |  6.34 |
|        69 |  6.54 |  6.45 |  3.96 |  2.96 |  7.77 |  6.40 |  1.85 |  5.21 |  7.06 |  3.08 |  7.48 |  5.53 |  6.40 |  7.12 |  6.98 |  3.55 |  1.38 |  5.00 |  2.48 |  4.43 |  3.93 |  6.53 |  2.42 |  6.02 |  3.15 |  2.95 |  5.58 |  8.52 |  7.33 |  1.56 |  8.43 |  8.53 |  7.13 |  0.45 |  7.56 |  8.56 |  6.49 |  3.33 |  1.83 |  4.90 |
|        72 |  3.33 |  5.89 |  1.74 |  4.22 |  8.50 |  3.21 |  2.29 |  5.34 |  6.19 |  2.91 |  7.07 |  6.42 |  3.70 |  7.16 |  6.52 |  4.05 |  1.62 |  6.22 |  4.99 |  3.81 |  1.72 |  7.98 |  4.15 |  5.30 |  3.88 |  1.47 |  6.42 |  7.19 |  5.72 |  1.09 |  4.52 |  8.08 |  4.81 |  1.43 |  5.83 |  6.01 |  3.26 |  2.26 |  2.63 |  4.58 |
|        78 |  2.55 |  4.29 |  5.71 |  0.64 |  5.45 |  7.40 |  3.11 |  4.96 |  2.29 |  4.29 |  5.01 |  6.40 |  2.42 |  1.77 |  4.50 |  3.41 |  2.92 |  6.20 |  6.47 |  5.66 |  4.48 |  1.60 |  4.05 |  3.35 |  4.82 |  4.60 |  1.25 |  5.43 |  5.62 |  4.27 |  1.75 |  7.97 |  2.39 |  1.54 |  4.88 |  3.56 |  4.56 |  4.16 |  4.16 |  0.69 |
|        84 |  2.56 |  4.50 |  4.66 |  5.97 |  4.73 |  5.30 |  6.13 |  5.84 |  4.60 |  4.22 |  3.83 |  4.81 |  3.32 |  4.89 |  4.73 |  3.78 |  5.58 |  4.44 |  5.46 |  4.26 |  2.37 |  5.17 |  3.62 |  3.21 |  4.51 |  5.32 |  4.32 |  1.94 |  2.93 |  3.86 |  3.16 |  7.18 |  4.80 |  3.73 |  1.72 |  1.71 |  3.30 |  3.18 |  2.09 |  1.41 |
|        90 |  2.64 |  4.54 |  0.17 |  4.40 |  4.31 |  3.62 |  4.10 |  5.98 |  2.46 |  4.09 |  3.54 |  4.03 |  1.29 |  2.35 |  3.38 |  1.65 |  3.24 |  1.50 |  2.64 |  4.11 |  0.34 |  4.95 |  0.91 |  2.88 |  1.84 |  2.47 |  3.67 |  3.88 | -0.30 |  3.22 |  2.75 |  4.15 |  4.53 |  1.61 |  0.23 |  0.49 |  6.87 |  4.30 |  0.78 |  3.82 |
|        96 |  0.55 |  1.45 |  1.89 |  4.34 |  2.30 |  3.94 |  1.35 |  5.23 |  1.71 |  3.38 | -0.39 |  4.39 |  1.98 | -1.08 |  5.85 |  0.25 |  3.25 | -0.47 |  3.36 |  3.38 |  0.99 |  3.09 |  1.53 |  2.81 |  3.24 |  0.74 | -0.93 |  2.50 | -1.33 | -0.08 |  0.49 |  2.85 |  3.75 |  1.62 |  1.83 |  1.77 |  6.55 |  1.62 | -0.33 |  5.75 |
|       102 | -0.29 | -0.82 | -2.23 |  5.03 | -0.55 |  5.19 | -1.12 |  7.82 | -1.36 |  3.71 |  2.19 |  1.74 |  0.26 | -4.04 |  4.97 | -0.49 |  0.82 | -0.04 |  2.17 |  2.58 |  1.86 |  2.73 | -1.58 | -0.35 |  6.28 | -0.45 | -0.02 |  1.43 | -0.98 | -0.40 | -0.23 |  1.85 |  1.47 |  2.32 | -0.51 | -1.07 |  4.28 |  1.94 |  0.31 |  1.51 |
|       108 |  1.99 | -3.18 | -3.38 |  2.95 | -1.92 |  1.61 | -3.18 |  7.09 | -2.13 | -0.56 | -0.68 |  0.36 | -0.11 | -3.77 |  0.16 | -0.71 |  2.54 |  0.37 | -0.78 | -0.08 |  1.15 |  0.99 | -3.76 | -0.50 |  1.08 | -2.04 |  1.17 | -0.57 | -2.61 | -1.13 |  0.33 | -1.32 |  0.15 | -0.90 | -1.90 | -2.18 |  2.81 |  0.58 | -3.21 | -1.71 |
|       114 | -1.38 | -3.93 | -3.49 |  1.28 | -2.86 |  1.22 | -3.92 |  3.32 | -3.00 | -2.33 | -3.21 | -0.43 | -2.54 | -3.56 | -0.65 |  0.65 | -0.25 | -1.05 | -3.14 | -2.22 |  0.17 |  0.80 | -3.70 | -0.55 |  1.59 | -2.94 | -0.12 | -3.10 | -4.02 | -1.72 |  5.76 | -1.48 | -0.95 | -3.45 | -2.02 | -3.11 | -0.69 |  0.98 | -3.18 | -3.04 |
|       120 | -1.81 | -5.10 | -3.48 | -1.90 | -4.62 | -1.65 | -3.53 | -1.25 | -4.16 | -2.73 | -4.17 | -1.81 | -3.37 | -4.03 | -2.22 | -0.35 |  0.49 | -2.15 | -2.58 | -4.13 | -1.77 |  0.22 | -4.29 |  0.03 |  0.62 | -4.14 | -0.24 | -4.51 | -4.05 | -4.30 |  6.10 | -3.39 | -1.18 | -5.72 | -3.00 | -4.50 | -0.50 |     0 | -3.40 | -3.16 |
