# variable: Mean Sea Level Pressure
# units: hPa
# 
| fcst_hour |       1 |       2 |       3 |       4 |       5 |       6 |       7 |       8 |       9 |      10 |      11 |      12 |      13 |      14 |      15 |      16 |      17 |      18 |      19 |      20 |      21 |      22 |      23 |      24 |      25 |      26 |      27 |      28 |      29 |      30 |      31 |      32 |      33 |      34 |      35 |      36 |      37 |      38 |      39 |      40 |
|         0 | 1012.52 | 1012.13 | 1012.35 | 1012.94 | 1012.68 | 1013.42 | 1012.59 | 1013.33 | 1012.99 | 1011.91 | 1012.08 | 1013.04 | 1012.48 | 1012.87 | 1013.03 | 1012.72 | 1012.52 | 1012.71 | 1012.30 | 1012.62 | 1012.37 | 1012.99 | 1012.89 | 1012.42 | 1013.48 | 1013.44 | 1012.13 | 1012.01 | 1012.38 | 1012.18 | 1013.15 | 1013.02 | 1013.34 | 1013.24 | 1011.70 | 1013.09 | 1013.15 | 1012.83 | 1013.11 | 1012.33 |
|         1 | 1012.02 | 1011.46 | 1011.97 | 1012.21 | 1012.34 | 1013.15 | 1012.08 | 1012.68 | 1012.63 | 1011.59 | 1011.29 | 1012.65 | 1012.14 | 1012.14 | 1012.10 | 1012.04 | 1011.92 | 1012.15 | 1011.54 | 1012.08 | 1011.70 | 1012.72 | 1012.32 | 1011.93 | 1012.85 | 1012.80 | 1011.80 | 1011.77 | 1011.83 | 1011.82 | 1012.52 | 1012.37 | 1012.66 | 1012.48 | 1011.05 | 1012.69 | 1012.89 | 1012.24 | 1012.35 | 1011.93 |
|         2 | 1011.68 | 1010.86 | 1011.42 | 1011.87 | 1011.95 | 1012.59 | 1011.70 | 1012.37 | 1012.31 | 1011.48 | 1010.78 | 1012.41 | 1011.85 | 1011.99 | 1011.60 | 1011.80 | 1011.31 | 1011.66 | 1010.66 | 1011.76 | 1011.10 | 1012.51 | 1012.02 | 1011.53 | 1012.43 | 1012.12 | 1011.29 | 1011.71 | 1011.48 | 1011.20 | 1012.07 | 1011.81 | 1011.73 | 1011.94 | 1010.47 | 1012.31 | 1012.87 | 1011.84 | 1011.91 | 1011.85 |
|         3 | 1010.80 | 1010.04 | 1010.75 | 1010.88 | 1011.10 | 1011.46 | 1011.11 | 1011.58 | 1011.78 | 1010.51 | 1010.22 | 1011.60 | 1011.04 | 1011.24 | 1010.91 | 1010.82 | 1010.48 | 1010.81 | 1009.92 | 1010.89 | 1010.41 | 1011.33 | 1010.79 | 1010.64 | 1011.42 | 1010.99 | 1010.46 | 1010.85 | 1010.49 | 1010.31 | 1011.13 | 1010.87 | 1011.03 | 1010.85 | 1009.62 | 1011.49 | 1012.00 | 1011.15 | 1011.12 | 1011.46 |
|         4 | 1010.77 | 1009.58 | 1010.26 | 1010.61 | 1010.80 | 1010.86 | 1010.76 | 1011.34 | 1011.42 | 1009.98 | 1010.27 | 1011.30 | 1010.46 | 1011.00 | 1010.91 | 1010.58 | 1010.02 | 1010.45 | 1009.82 | 1010.40 | 1010.11 | 1011.00 | 1010.49 | 1010.49 | 1011.19 | 1010.41 | 1010.03 | 1010.36 | 1010.11 | 1010.01 | 1010.89 | 1010.65 | 1010.94 | 1010.54 | 1009.36 | 1011.00 | 1011.43 | 1011.02 | 1010.71 | 1011.02 |
|         5 | 1010.82 | 1009.45 | 1009.91 | 1010.39 | 1010.81 | 1010.68 | 1010.32 | 1011.17 | 1011.46 | 1009.62 | 1010.16 | 1011.10 | 1010.16 | 1010.65 | 1010.93 | 1010.22 | 1009.97 | 1010.12 | 1009.74 | 1010.13 | 1009.89 | 1010.78 | 1010.60 | 1010.22 | 1011.13 | 1010.26 | 1010.00 | 1010.25 | 1010.07 | 1010.06 | 1010.85 | 1010.63 | 1011.01 | 1010.40 | 1009.06 | 1010.86 | 1011.12 | 1010.87 | 1010.39 | 1010.71 |
|         6 | 1011.01 | 1009.56 | 1009.73 | 1010.25 | 1010.97 | 1010.66 | 1010.13 | 1011.19 | 1011.38 | 1009.81 | 1010.13 | 1011.01 | 1009.85 | 1010.69 | 1010.84 | 1009.95 | 1009.94 | 1010.10 | 1009.66 | 1010.05 | 1009.56 | 1010.93 | 1010.63 | 1010.13 | 1011.25 | 1010.33 | 1010.16 | 1010.59 | 1009.95 | 1009.90 | 1010.87 | 1010.43 | 1011.20 | 1010.62 | 1009.02 | 1010.82 | 1011.12 | 1010.87 | 1010.04 | 1010.47 |
|         7 | 1010.59 | 1009.17 | 1009.42 | 1009.71 | 1010.47 | 1010.22 | 1009.69 | 1010.91 | 1010.91 | 1009.65 | 1009.87 | 1010.41 | 1009.41 | 1010.45 | 1010.07 | 1009.22 | 1009.66 | 1010.04 | 1009.49 | 1009.98 | 1009.08 | 1010.53 | 1010.09 | 1009.70 | 1010.94 | 1009.73 | 1009.84 | 1010.27 | 1009.53 | 1009.52 | 1010.42 | 1009.64 | 1011.06 | 1010.25 | 1008.58 | 1010.43 | 1010.78 | 1010.41 | 1009.47 | 1009.98 |
|         8 | 1010.38 | 1008.77 | 1009.47 | 1009.30 | 1010.29 | 1009.98 | 1009.37 | 1010.75 | 1010.48 | 1009.67 | 1010.09 | 1010.14 | 1009.31 | 1010.42 | 1009.58 | 1008.67 | 1009.53 | 1009.95 | 1009.42 | 1009.92 | 1008.87 | 1010.38 | 1009.81 | 1009.57 | 1010.58 | 1009.43 | 1009.71 | 1010.07 | 1009.19 | 1009.41 | 1010.13 | 1009.36 | 1011.07 | 1010.08 | 1008.52 | 1010.13 | 1010.79 | 1009.98 | 1009.17 | 1009.75 |
|         9 | 1009.99 | 1008.48 | 1009.13 | 1009.14 | 1009.84 | 1009.65 | 1009.18 | 1010.36 | 1010.17 | 1009.39 | 1010.32 | 1009.80 | 1009.19 | 1010.36 | 1009.39 | 1008.29 | 1009.32 | 1009.86 | 1009.16 | 1009.92 | 1008.68 | 1010.30 | 1009.75 | 1009.43 | 1010.10 | 1008.90 | 1009.62 | 1009.58 | 1008.92 | 1009.39 | 1010.13 | 1009.01 | 1010.86 | 1009.73 | 1008.38 | 1009.61 | 1010.58 | 1009.60 | 1008.69 | 1009.38 |
|        10 | 1009.71 | 1008.29 | 1008.80 | 1009.12 | 1009.31 | 1009.45 | 1009.04 | 1009.74 | 1010.18 | 1009.08 | 1010.06 | 1009.54 | 1008.83 | 1010.08 | 1009.27 | 1008.08 | 1009.03 | 1009.72 | 1008.75 | 1009.75 | 1008.54 | 1010.02 | 1009.65 | 1009.27 | 1009.81 | 1008.49 | 1009.45 | 1009.29 | 1008.53 | 1009.32 | 1010.02 | 1008.52 | 1010.56 | 1009.46 | 1008.22 | 1009.08 | 1010.04 | 1009.29 | 1008.35 | 1009.20 |
|        11 | 1009.31 | 1007.69 | 1008.05 | 1008.53 | 1008.71 | 1009.07 | 1008.55 | 1008.90 | 1009.80 | 1008.56 | 1009.39 | 1008.99 | 1008.12 | 1009.35 | 1008.73 | 1007.64 | 1008.52 | 1009.17 | 1008.31 | 1009.39 | 1008.10 | 1009.37 | 1009.29 | 1008.71 | 1009.32 | 1007.86 | 1008.94 | 1008.71 | 1007.91 | 1008.81 | 1009.20 | 1007.80 | 1009.96 | 1009.05 | 1007.58 | 1008.21 | 1009.54 | 1008.82 | 1007.67 | 1008.67 |
|        12 | 1008.84 | 1006.86 | 1007.13 | 1007.49 | 1008.17 | 1008.16 | 1007.78 | 1008.13 | 1009.00 | 1007.79 | 1008.52 | 1008.11 | 1007.25 | 1008.56 | 1007.76 | 1006.87 | 1007.86 | 1008.29 | 1007.41 | 1008.57 | 1007.29 | 1008.60 | 1008.53 | 1007.96 | 1008.59 | 1007.13 | 1008.28 | 1008.10 | 1007.04 | 1007.92 | 1008.20 | 1006.99 | 1009.21 | 1008.42 | 1006.53 | 1007.32 | 1008.91 | 1008.15 | 1006.93 | 1007.92 |
|        13 | 1008.44 | 1006.22 | 1006.78 | 1007.02 | 1007.78 | 1007.70 | 1007.32 | 1008.06 | 1008.67 | 1007.35 | 1008.28 | 1007.61 | 1007.10 | 1008.32 | 1007.34 | 1006.57 | 1007.48 | 1007.67 | 1006.83 | 1008.10 | 1006.83 | 1008.33 | 1008.09 | 1007.47 | 1008.00 | 1006.68 | 1008.00 | 1007.81 | 1006.62 | 1007.47 | 1007.66 | 1006.59 | 1008.67 | 1008.08 | 1006.20 | 1007.01 | 1008.31 | 1007.92 | 1006.54 | 1007.34 |
|        14 | 1008.04 | 1006.09 | 1006.62 | 1006.93 | 1007.56 | 1007.52 | 1007.07 | 1008.09 | 1008.70 | 1007.37 | 1008.26 | 1007.74 | 1007.14 | 1008.43 | 1007.35 | 1006.65 | 1007.43 | 1007.34 | 1006.56 | 1007.83 | 1006.61 | 1008.29 | 1007.99 | 1007.46 | 1007.80 | 1006.85 | 1007.94 | 1007.75 | 1006.48 | 1007.25 | 1007.52 | 1006.34 | 1008.41 | 1007.92 | 1006.24 | 1007.02 | 1008.05 | 1007.89 | 1006.24 | 1007.23 |
|        15 | 1007.90 | 1006.35 | 1006.58 | 1007.16 | 1007.47 | 1007.51 | 1007.16 | 1008.14 | 1008.99 | 1007.71 | 1008.38 | 1007.85 | 1007.35 | 1008.64 | 1007.74 | 1006.91 | 1007.47 | 1007.46 | 1006.96 | 1007.88 | 1006.65 | 1008.31 | 1007.94 | 1007.59 | 1007.76 | 1007.31 | 1007.99 | 1007.88 | 1006.63 | 1007.51 | 1007.56 | 1006.33 | 1008.51 | 1007.97 | 1006.26 | 1007.42 | 1008.11 | 1007.87 | 1006.36 | 1007.72 |
|        16 | 1007.99 | 1006.53 | 1006.35 | 1007.14 | 1007.06 | 1007.49 | 1007.14 | 1007.98 | 1009.11 | 1007.51 | 1008.38 | 1007.64 | 1007.24 | 1008.61 | 1007.68 | 1006.86 | 1007.50 | 1007.55 | 1007.03 | 1007.80 | 1006.59 | 1008.36 | 1007.92 | 1007.55 | 1007.90 | 1007.33 | 1007.98 | 1007.76 | 1006.61 | 1007.56 | 1007.61 | 1006.25 | 1008.74 | 1007.88 | 1006.13 | 1007.15 | 1008.00 | 1007.99 | 1006.06 | 1007.76 |
|        17 | 1007.83 | 1006.24 | 1005.83 | 1006.96 | 1006.64 | 1007.17 | 1006.98 | 1007.78 | 1008.82 | 1007.25 | 1008.41 | 1007.48 | 1006.81 | 1008.20 | 1007.35 | 1006.54 | 1007.30 | 1007.18 | 1006.81 | 1007.73 | 1006.31 | 1007.99 | 1007.92 | 1007.36 | 1007.61 | 1006.84 | 1007.63 | 1007.51 | 1006.33 | 1007.43 | 1007.10 | 1006.16 | 1008.61 | 1007.65 | 1006.00 | 1006.96 | 1007.67 | 1007.89 | 1005.74 | 1007.52 |
|        18 | 1007.43 | 1006.10 | 1005.23 | 1006.87 | 1006.45 | 1006.71 | 1006.81 | 1007.65 | 1008.57 | 1006.90 | 1008.11 | 1007.39 | 1006.24 | 1007.92 | 1006.85 | 1006.35 | 1006.92 | 1006.74 | 1006.49 | 1007.56 | 1006.02 | 1007.65 | 1007.59 | 1007.16 | 1006.91 | 1006.27 | 1007.28 | 1007.32 | 1006.01 | 1007.20 | 1006.80 | 1005.98 | 1008.42 | 1007.58 | 1005.72 | 1006.67 | 1007.32 | 1007.58 | 1005.34 | 1007.43 |
|        19 | 1007.12 | 1005.82 | 1005.28 | 1006.69 | 1006.37 | 1006.66 | 1006.86 | 1007.48 | 1008.92 | 1006.47 | 1007.87 | 1007.28 | 1006.13 | 1008.20 | 1006.79 | 1006.19 | 1006.87 | 1006.64 | 1006.29 | 1007.41 | 1005.91 | 1007.61 | 1007.12 | 1007.03 | 1006.74 | 1005.82 | 1007.14 | 1007.38 | 1005.82 | 1007.24 | 1006.83 | 1005.82 | 1008.36 | 1007.71 | 1005.61 | 1006.73 | 1007.04 | 1007.30 | 1004.95 | 1007.37 |
|        20 | 1006.84 | 1005.36 | 1005.08 | 1006.45 | 1006.12 | 1006.63 | 1006.55 | 1007.16 | 1009.11 | 1006.42 | 1007.67 | 1006.97 | 1005.72 | 1008.12 | 1006.64 | 1005.98 | 1006.76 | 1006.67 | 1006.09 | 1007.20 | 1005.68 | 1007.48 | 1007.20 | 1006.92 | 1006.75 | 1005.64 | 1007.02 | 1007.41 | 1005.64 | 1007.45 | 1006.56 | 1005.69 | 1008.20 | 1007.52 | 1005.07 | 1006.56 | 1006.75 | 1007.18 | 1004.76 | 1007.39 |
|        21 | 1006.68 | 1005.40 | 1004.96 | 1005.98 | 1005.80 | 1006.63 | 1006.24 | 1006.76 | 1008.83 | 1006.29 | 1007.58 | 1006.67 | 1005.27 | 1007.77 | 1006.54 | 1006.00 | 1006.68 | 1006.62 | 1006.18 | 1007.01 | 1005.61 | 1007.38 | 1007.20 | 1007.20 | 1006.75 | 1005.71 | 1006.98 | 1007.31 | 1005.40 | 1007.85 | 1006.10 | 1005.46 | 1007.95 | 1007.37 | 1004.95 | 1006.13 | 1006.61 | 1006.77 | 1004.73 | 1007.26 |
|        22 | 1006.36 | 1005.32 | 1004.47 | 1005.52 | 1005.25 | 1006.23 | 1005.99 | 1006.21 | 1008.56 | 1006.06 | 1007.67 | 1006.12 | 1004.89 | 1007.19 | 1006.12 | 1005.75 | 1006.41 | 1006.18 | 1006.02 | 1007.00 | 1005.44 | 1007.38 | 1006.69 | 1007.22 | 1006.25 | 1005.43 | 1006.70 | 1007.12 | 1005.19 | 1007.68 | 1005.60 | 1004.95 | 1007.96 | 1007.09 | 1004.81 | 1005.87 | 1006.36 | 1006.35 | 1004.61 | 1006.88 |
|        23 | 1006.15 | 1005.16 | 1004.01 | 1005.29 | 1004.94 | 1005.90 | 1006.14 | 1005.90 | 1008.69 | 1006.10 | 1007.46 | 1005.88 | 1004.50 | 1007.02 | 1005.85 | 1005.72 | 1006.24 | 1005.84 | 1005.60 | 1007.09 | 1005.36 | 1007.24 | 1006.32 | 1007.09 | 1006.05 | 1005.23 | 1006.76 | 1007.03 | 1004.84 | 1007.25 | 1005.07 | 1004.65 | 1007.70 | 1007.04 | 1004.33 | 1005.87 | 1006.18 | 1006.37 | 1004.41 | 1006.52 |
|        24 | 1005.85 | 1004.60 | 1003.61 | 1004.89 | 1004.34 | 1005.62 | 1005.92 | 1005.59 | 1008.41 | 1005.75 | 1007.11 | 1005.61 | 1004.07 | 1007.15 | 1005.81 | 1005.72 | 1006.22 | 1005.32 | 1005.18 | 1006.89 | 1005.00 | 1006.61 | 1005.84 | 1006.91 | 1005.65 | 1005.05 | 1006.50 | 1006.96 | 1004.70 | 1006.89 | 1004.48 | 1004.38 | 1007.38 | 1006.85 | 1003.97 | 1005.71 | 1005.56 | 1006.07 | 1003.79 | 1006.51 |
|        25 | 1005.48 | 1004.35 | 1003.27 | 1004.52 | 1003.89 | 1005.51 | 1005.74 | 1005.70 | 1008.00 | 1005.54 | 1007.06 | 1005.23 | 1003.43 | 1006.92 | 1005.89 | 1005.68 | 1006.13 | 1004.93 | 1004.66 | 1006.61 | 1004.86 | 1006.09 | 1005.29 | 1007.09 | 1005.05 | 1004.56 | 1006.16 | 1006.91 | 1004.32 | 1006.67 | 1004.05 | 1004.10 | 1007.52 | 1006.59 | 1003.72 | 1005.32 | 1005.03 | 1005.88 | 1003.36 | 1006.45 |
|        26 | 1005.00 | 1004.06 | 1002.77 | 1003.79 | 1003.38 | 1004.85 | 1005.30 | 1005.17 | 1007.48 | 1004.70 | 1006.81 | 1004.49 | 1002.68 | 1006.34 | 1005.43 | 1005.27 | 1005.60 | 1004.20 | 1003.91 | 1005.90 | 1004.58 | 1005.81 | 1004.57 | 1006.64 | 1004.27 | 1004.05 | 1005.63 | 1006.47 | 1003.79 | 1006.55 | 1003.34 | 1003.45 | 1007.07 | 1005.95 | 1003.13 | 1004.80 | 1004.52 | 1005.33 | 1002.91 | 1005.99 |
|        27 | 1004.27 | 1003.77 | 1002.17 | 1003.31 | 1002.69 | 1004.39 | 1004.82 | 1004.51 | 1006.86 | 1003.83 | 1006.58 | 1003.92 | 1001.84 | 1005.86 | 1004.75 | 1004.77 | 1004.83 | 1003.43 | 1003.32 | 1005.22 | 1004.30 | 1005.18 | 1003.82 | 1005.84 | 1003.63 | 1003.64 | 1005.06 | 1006.15 | 1003.07 | 1006.22 | 1002.51 | 1003.01 | 1006.59 | 1005.26 | 1002.73 | 1004.18 | 1003.92 | 1004.73 | 1002.51 | 1005.76 |
|        28 | 1003.77 | 1003.17 | 1001.50 | 1003.00 | 1002.24 | 1004.13 | 1004.60 | 1004.19 | 1006.20 | 1003.24 | 1006.30 | 1003.67 | 1001.12 | 1005.43 | 1004.39 | 1004.32 | 1004.55 | 1003.11 | 1002.87 | 1004.86 | 1003.93 | 1004.68 | 1003.34 | 1005.65 | 1003.13 | 1003.28 | 1004.53 | 1005.87 | 1002.50 | 1005.85 | 1002.11 | 1002.71 | 1006.25 | 1005.08 | 1002.23 | 1003.71 | 1003.24 | 1004.26 | 1002.27 | 1005.37 |
|        29 | 1003.21 | 1002.78 | 1001.07 | 1002.82 | 1001.55 | 1003.97 | 1004.51 | 1003.91 | 1005.80 | 1002.83 | 1005.74 | 1003.59 | 1000.52 | 1005.15 | 1004.22 | 1003.92 | 1004.08 | 1002.64 | 1002.39 | 1004.61 | 1003.42 | 1004.04 | 1002.89 | 1005.52 | 1002.65 | 1002.87 | 1004.05 | 1005.69 | 1001.77 | 1005.52 | 1001.42 | 1002.44 | 1005.96 | 1004.62 | 1001.75 | 1003.23 | 1002.48 | 1003.86 | 1001.84 | 1004.97 |
|        30 | 1002.55 | 1002.39 | 1000.65 | 1002.32 | 1000.79 | 1003.54 | 1004.45 | 1003.68 | 1005.62 | 1002.33 | 1005.27 | 1003.21 |  999.83 | 1004.81 | 1004.13 | 1003.91 | 1003.72 | 1002.07 | 1001.98 | 1003.95 | 1003.13 | 1003.36 | 1002.24 | 1005.44 | 1002.14 | 1002.61 | 1003.74 | 1005.75 | 1001.25 | 1005.23 | 1000.97 | 1001.93 | 1005.56 | 1003.98 | 1001.27 | 1002.81 | 1002.07 | 1003.49 | 1001.51 | 1004.50 |
|        31 | 1002.19 | 1002.14 | 1000.22 | 1002.06 | 1000.07 | 1003.43 | 1004.53 | 1003.16 | 1005.30 | 1002.12 | 1005.10 | 1002.90 |  999.24 | 1004.90 | 1003.78 | 1004.09 | 1003.55 | 1001.56 | 1001.45 | 1003.49 | 1003.11 | 1002.77 | 1001.46 | 1005.52 | 1001.63 | 1002.43 | 1003.53 | 1005.70 | 1001.05 | 1005.14 | 1000.34 | 1001.42 | 1005.39 | 1003.60 | 1000.91 | 1002.43 | 1001.82 | 1003.12 | 1001.37 | 1004.39 |
|        32 | 1002.08 | 1001.73 |  999.92 | 1001.86 |  999.45 | 1003.42 | 1004.51 | 1002.84 | 1005.17 | 1001.92 | 1005.05 | 1002.68 |  998.92 | 1004.95 | 1003.87 | 1004.25 | 1003.48 | 1000.93 | 1001.17 | 1003.43 | 1003.26 | 1002.45 | 1000.86 | 1005.30 | 1001.24 | 1002.39 | 1003.32 | 1005.95 | 1001.00 | 1005.16 | 1000.01 | 1000.93 | 1005.24 | 1003.40 | 1000.65 | 1002.52 | 1001.79 | 1002.58 | 1001.21 | 1004.17 |
|        33 | 1001.69 | 1001.37 | 1000.06 | 1001.68 |  998.85 | 1003.29 | 1004.18 | 1002.55 | 1004.75 | 1001.50 | 1005.00 | 1002.27 |  998.54 | 1004.81 | 1003.95 | 1004.21 | 1003.39 | 1000.44 | 1000.68 | 1003.35 | 1003.14 | 1001.94 | 1000.44 | 1005.36 | 1000.95 | 1002.30 | 1003.56 | 1005.96 | 1000.79 | 1005.11 |  999.80 | 1000.48 | 1005.05 | 1003.05 | 1000.36 | 1002.06 | 1001.29 | 1001.94 | 1000.90 | 1003.77 |
|        34 | 1000.98 | 1000.99 |  999.56 | 1001.47 |  997.98 | 1003.08 | 1003.89 | 1002.19 | 1004.31 | 1000.81 | 1004.93 | 1001.79 |  998.22 | 1004.55 | 1003.63 | 1004.13 | 1003.04 |  999.83 | 1000.13 | 1003.01 | 1002.81 | 1001.33 | 1000.27 | 1005.22 | 1000.33 | 1002.09 | 1003.63 | 1005.58 | 1000.30 | 1004.91 |  999.59 |  999.84 | 1004.73 | 1002.32 |  999.89 | 1001.39 | 1000.69 | 1001.41 | 1000.50 | 1003.30 |
|        35 | 1000.20 | 1000.64 |  998.62 | 1000.75 |  997.01 | 1002.82 | 1003.57 | 1001.50 | 1003.55 |  999.74 | 1004.24 | 1001.34 |  997.69 | 1003.91 | 1003.19 | 1003.90 | 1002.49 |  999.12 |  999.25 | 1002.32 | 1002.24 | 1000.36 |  999.50 | 1004.67 |  999.50 | 1001.70 | 1003.41 | 1005.13 |  999.47 | 1004.50 |  998.97 |  999.04 | 1003.93 | 1001.46 |  999.19 | 1000.30 |  999.88 | 1000.43 | 1000.15 | 1002.82 |
|        36 |  999.38 | 1000.10 |  997.60 |  999.84 |  995.77 | 1002.39 | 1002.82 | 1000.68 | 1002.58 |  998.74 | 1003.30 | 1000.63 |  997.25 | 1003.43 | 1002.92 | 1003.64 | 1001.95 |  997.97 |  998.35 | 1001.63 | 1001.58 |  999.30 |  998.37 | 1004.05 |  998.56 | 1001.21 | 1002.90 | 1004.65 |  998.35 | 1003.92 |  998.21 |  998.25 | 1003.05 | 1000.24 |  998.28 |  999.22 |  998.93 |  999.25 |  999.55 | 1002.07 |
|        37 |  998.85 |  999.28 |  996.89 |  999.23 |  994.90 | 1002.06 | 1002.04 |  999.90 | 1001.83 |  998.10 | 1002.66 | 1000.12 |  997.25 | 1003.16 | 1002.80 | 1003.47 | 1001.77 |  996.82 |  997.65 | 1001.31 | 1000.89 |  998.92 |  997.45 | 1003.73 |  998.07 | 1000.78 | 1002.70 | 1004.70 |  997.50 | 1003.54 |  997.64 |  997.64 | 1002.24 |  999.43 |  997.64 |  998.27 |  998.10 |  998.08 |  998.98 | 1001.49 |
|        38 |  998.33 |  998.62 |  996.43 |  998.80 |  993.79 | 1001.70 | 1001.41 |  999.11 | 1001.28 |  997.47 | 1002.02 |  999.79 |  997.08 | 1003.08 | 1002.75 | 1003.48 | 1001.42 |  995.99 |  996.80 | 1001.10 | 1000.39 |  999.04 |  996.66 | 1003.24 |  998.21 | 1000.34 | 1002.81 | 1004.76 |  996.89 | 1003.32 |  997.40 |  997.29 | 1001.50 |  998.72 |  997.15 |  997.43 |  997.51 |  996.96 |  998.46 | 1000.81 |
|        39 |  997.44 |  997.98 |  995.97 |  998.19 |  992.89 | 1001.23 | 1000.87 |  998.22 | 1000.23 |  996.85 | 1001.27 |  999.29 |  996.87 | 1002.66 | 1002.57 | 1003.01 | 1000.88 |  995.11 |  996.01 | 1000.78 | 1000.16 |  998.91 |  995.72 | 1002.67 |  998.02 |  999.72 | 1002.64 | 1003.98 |  996.22 | 1002.86 |  997.17 |  996.85 | 1000.84 |  997.63 |  996.89 |  996.61 |  996.72 |  996.06 |  997.70 | 1000.16 |
|        40 |  996.67 |  997.53 |  995.65 |  997.63 |  992.37 | 1000.56 | 1000.32 |  997.57 |  998.81 |  996.38 | 1000.61 |  998.55 |  996.41 | 1002.35 | 1002.37 | 1001.75 | 1000.14 |  994.43 |  995.73 | 1000.34 |  999.92 |  998.46 |  994.88 | 1001.91 |  997.90 |  999.01 | 1002.37 | 1003.30 |  996.00 | 1002.09 |  997.26 |  996.52 | 1000.19 |  996.40 |  996.71 |  995.82 |  995.85 |  995.70 |  997.62 |  999.63 |
|        41 |  996.30 |  997.43 |  995.25 |  997.19 |  991.73 | 1000.00 |  999.67 |  997.00 |  998.34 |  995.99 | 1000.00 |  997.76 |  996.33 | 1001.66 | 1002.33 | 1002.21 |  999.40 |  993.91 |  995.39 |  999.83 |  999.57 |  997.70 |  994.35 | 1001.45 |  997.96 |  998.43 | 1002.15 | 1002.59 |  995.84 | 1001.40 |  997.38 |  996.20 |  999.38 |  995.40 |  996.51 |  995.35 |  995.29 |  995.51 |  997.32 |  998.95 |
|        42 |  995.96 |  997.68 |  995.07 |  997.20 |  991.58 |  999.69 |  998.85 |  996.33 |  997.75 |  995.93 |  999.35 |  997.15 |  996.58 | 1001.00 | 1002.64 | 1001.48 |  999.20 |  993.68 |  995.47 |  999.34 |  999.58 |  997.64 |  994.02 | 1001.14 |  998.30 |  997.75 | 1002.02 | 1002.02 |  995.67 | 1001.20 |  997.68 |  996.05 |  998.99 |  994.68 |  996.50 |  995.28 |  995.17 |  995.60 |  997.05 |  998.54 |
|        43 |  996.04 |  997.91 |  994.98 |  997.38 |  991.72 |  999.27 |  998.85 |  995.89 |  997.29 |  996.19 |  998.77 |  996.47 |  996.60 | 1000.55 | 1002.85 | 1001.54 |  998.75 |  993.84 |  995.36 |  998.94 |  999.34 |  997.90 |  994.01 | 1000.44 |  998.74 |  997.24 | 1001.95 | 1001.75 |  995.50 | 1001.27 |  998.13 |  995.94 |  998.77 |  994.33 |  996.39 |  995.30 |  995.27 |  996.17 |  996.85 |  998.24 |
|        44 |  995.85 |  998.09 |  995.02 |  997.23 |  991.83 |  998.85 |  998.51 |  995.44 |  997.28 |  996.48 |  998.12 |  995.81 |  996.63 |  999.94 | 1002.85 | 1001.00 |  998.31 |  994.00 |  995.35 |  998.53 |  999.03 |  997.90 |  993.83 | 1000.04 |  999.03 |  996.41 | 1001.71 | 1001.70 |  995.34 | 1001.11 |  998.46 |  995.75 |  998.31 |  994.17 |  996.22 |  995.16 |  995.49 |  996.69 |  996.84 |  997.79 |
|        45 |  995.81 |  998.32 |  995.23 |  997.18 |  991.92 |  998.44 |  998.13 |  995.24 |  997.32 |  996.87 |  997.71 |  995.89 |  996.93 |  999.41 | 1002.86 | 1000.81 |  998.26 |  994.25 |  995.46 |  998.11 |  998.85 |  998.06 |  994.05 |  999.65 |  999.54 |  995.57 | 1001.65 | 1001.35 |  995.38 | 1000.98 |  998.96 |  995.78 |  998.00 |  994.12 |  996.27 |  995.00 |  995.61 |  997.31 |  996.61 |  997.46 |
|        46 |  995.76 |  998.77 |  995.55 |  997.46 |  992.09 |  998.15 |  998.41 |  995.22 |  997.33 |  997.27 |  997.68 |  995.77 |  997.28 |  999.54 | 1003.18 | 1000.51 |  998.06 |  994.70 |  995.70 |  997.63 |  998.75 |  998.26 |  994.57 |  999.09 | 1000.17 |  994.67 | 1002.37 | 1001.11 |  995.72 | 1001.04 |  999.61 |  995.74 |  997.98 |  994.11 |  996.68 |  994.66 |  995.92 |  997.94 |  996.80 |  997.38 |
|        47 |  995.95 |  999.31 |  995.91 |  997.72 |  992.50 |  997.89 |  998.28 |  995.44 |  997.35 |  997.77 |  997.72 |  995.54 |  997.56 |  999.88 | 1003.45 | 1000.45 |  997.81 |  995.16 |  995.90 |  997.11 |  998.81 |  998.47 |  995.08 |  999.51 | 1000.52 |  994.11 | 1002.47 | 1000.70 |  996.26 | 1001.25 | 1000.34 |  995.89 |  997.86 |  994.30 |  997.10 |  994.27 |  996.29 |  998.22 |  997.18 |  997.48 |
|        48 |  996.12 | 1000.15 |  996.14 |  998.07 |  992.94 |  997.88 |  998.52 |  995.83 |  997.22 |  998.13 |  997.78 |  995.43 |  997.67 |  999.98 | 1003.89 | 1000.28 |  997.64 |  995.72 |  996.03 |  996.79 |  999.06 |  998.78 |  995.66 |  998.87 | 1000.96 |  993.64 | 1002.62 | 1000.36 |  996.72 | 1001.68 | 1000.89 |  996.08 |  997.28 |  994.55 |  997.33 |  993.97 |  996.46 |  998.90 |  997.66 |  997.59 |
|        51 |  996.99 | 1002.69 |  997.11 |  999.69 |  995.03 |  998.69 |  999.61 |  997.17 |  997.70 |  999.59 |  998.89 |  995.35 |  999.17 |  999.38 | 1004.28 |  999.41 |  996.76 |  996.83 |  998.00 |  996.84 | 1000.37 | 1000.71 |  997.42 |  998.48 | 1003.20 |  994.34 | 1003.45 |  998.81 |  998.10 | 1003.08 | 1003.55 |  996.84 |  996.15 |  996.02 |  999.09 |  994.73 |  997.80 | 1000.38 |  999.08 |  998.10 |
|        54 |  998.75 | 1004.53 |  998.46 | 1001.90 |  996.73 | 1000.28 | 1000.84 |  998.32 |  998.45 | 1001.06 | 1000.59 |  996.46 | 1000.94 |  998.78 | 1004.75 |  999.64 |  996.79 |  997.51 | 1000.34 |  998.54 | 1001.54 | 1003.16 |  999.77 |  996.31 | 1004.98 |  995.94 | 1004.16 |  997.28 |  999.08 | 1003.91 | 1006.00 |  998.52 |  996.41 |  997.53 | 1000.73 |  996.01 |  998.52 | 1001.97 | 1000.07 |  999.88 |
|        57 | 1001.03 | 1006.97 | 1001.06 | 1004.32 |  999.60 | 1002.98 | 1002.78 |  999.96 |  999.81 | 1002.74 | 1003.16 |  998.47 | 1003.78 | 1000.09 | 1005.70 | 1001.79 |  998.96 |  999.56 | 1003.29 | 1001.05 | 1003.66 | 1005.47 | 1002.91 |  997.71 | 1007.46 |  998.43 | 1005.70 |  999.70 | 1000.89 | 1006.12 | 1008.77 | 1001.26 |  998.53 |  999.68 | 1002.73 |  998.32 |  999.69 | 1004.62 | 1001.33 | 1002.86 |
|        60 | 1001.56 | 1008.34 | 1002.52 | 1005.22 | 1000.94 | 1004.58 | 1003.34 | 1000.43 |  999.70 | 1003.71 | 1003.45 |  999.06 | 1004.99 |  999.76 | 1005.90 | 1003.07 | 1000.18 | 1000.82 | 1004.88 | 1002.21 | 1003.71 | 1006.51 | 1004.34 |  998.45 | 1008.01 | 1000.05 | 1006.15 | 1001.48 | 1002.05 | 1006.12 | 1009.02 | 1002.75 |  999.91 | 1000.68 | 1003.57 |  999.55 | 1000.95 | 1005.63 | 1001.98 | 1003.69 |
|        63 | 1002.71 | 1009.04 | 1005.14 | 1006.04 | 1002.98 | 1006.59 | 1004.33 | 1001.71 | 1000.80 | 1005.43 | 1004.41 |  999.78 | 1006.65 |  999.86 | 1006.44 | 1005.15 | 1001.56 | 1001.79 | 1006.94 | 1003.73 | 1004.46 | 1007.79 | 1006.05 | 1000.31 | 1009.17 | 1002.63 | 1006.93 | 1004.69 | 1003.95 | 1007.22 | 1009.25 | 1004.85 | 1001.48 | 1001.45 | 1005.30 | 1001.50 | 1002.56 | 1007.02 | 1003.75 | 1004.78 |
|        66 | 1004.28 | 1009.89 | 1007.09 | 1007.48 | 1004.69 | 1008.92 | 1004.57 | 1003.97 | 1002.22 | 1007.09 | 1005.95 | 1001.38 | 1007.98 |  999.58 | 1007.44 | 1006.47 | 1002.90 | 1002.55 | 1008.74 | 1005.76 | 1005.28 | 1008.60 | 1007.55 | 1002.51 | 1009.50 | 1005.76 | 1007.31 | 1006.75 | 1006.32 | 1007.89 | 1008.94 | 1006.53 | 1003.74 | 1002.57 | 1007.77 | 1002.82 | 1003.68 | 1008.43 | 1005.68 | 1005.90 |
|        69 | 1004.97 | 1010.47 | 1008.05 | 1008.43 | 1006.33 | 1009.59 | 1003.95 | 1005.40 | 1003.34 | 1007.49 | 1007.45 | 1002.95 | 1008.67 |  998.96 | 1007.76 | 1007.22 | 1004.15 | 1003.23 | 1009.55 | 1007.14 | 1005.53 | 1008.76 | 1008.28 | 1004.52 | 1009.92 | 1008.24 | 1006.58 | 1008.07 | 1007.24 | 1008.17 | 1006.91 | 1007.62 | 1005.41 | 1004.10 | 1009.85 | 1002.51 | 1003.83 | 1009.03 | 1006.42 | 1006.19 |
|        72 | 1006.59 | 1010.88 | 1008.50 | 1009.40 | 1007.55 | 1009.66 | 1003.46 | 1006.98 | 1003.84 | 1007.42 | 1009.48 | 1005.36 | 1008.51 |  999.10 | 1008.76 | 1007.62 | 1005.66 | 1004.33 | 1010.36 | 1008.38 | 1006.07 | 1008.98 | 1009.34 | 1006.58 | 1009.89 | 1010.51 | 1005.36 | 1008.47 | 1008.21 | 1009.57 | 1005.67 | 1008.91 | 1007.21 | 1006.05 | 1011.18 | 1001.93 | 1003.31 | 1009.69 | 1006.96 | 1006.88 |
|        78 | 1007.99 | 1009.24 | 1007.28 | 1009.70 | 1006.84 | 1010.00 | 1006.86 | 1006.80 | 1002.50 | 1005.17 | 1010.96 | 1008.45 | 1002.24 | 1002.88 | 1009.76 | 1005.25 | 1006.45 | 1006.93 | 1009.12 | 1008.72 | 1006.58 | 1007.87 | 1008.76 | 1007.36 | 1008.98 | 1010.64 | 1004.57 | 1008.38 | 1006.10 | 1011.48 | 1006.88 | 1009.41 | 1009.03 | 1009.17 | 1010.69 | 1003.20 |  999.07 | 1008.65 | 1003.29 | 1006.26 |
|        84 | 1009.25 | 1008.39 | 1008.92 | 1010.91 | 1006.16 | 1011.11 | 1011.12 | 1009.42 | 1005.98 | 1005.46 | 1010.79 | 1011.59 | 1002.46 | 1008.34 | 1011.23 | 1008.51 | 1006.75 | 1009.32 | 1009.00 | 1010.07 | 1007.45 | 1010.20 | 1009.12 | 1006.26 | 1009.33 | 1010.56 | 1008.90 | 1011.08 | 1006.19 | 1014.23 | 1011.14 | 1010.34 | 1009.18 | 1011.95 | 1009.92 | 1009.03 | 1006.31 | 1014.54 | 1005.80 | 1010.61 |
|        90 | 1012.87 | 1012.03 | 1010.37 | 1014.23 | 1008.38 | 1012.87 | 1013.78 | 1012.14 | 1010.74 | 1007.88 | 1011.67 | 1012.71 | 1007.98 | 1009.03 | 1013.91 | 1012.26 | 1008.47 | 1011.42 | 1012.12 | 1012.41 | 1010.65 | 1012.00 | 1012.67 | 1008.13 | 1012.65 | 1015.65 | 1012.21 | 1015.57 | 1013.29 | 1016.58 | 1014.36 | 1011.39 | 1011.18 | 1013.17 | 1010.58 | 1011.71 | 1012.00 | 1018.77 | 1010.73 | 1015.94 |
|        96 | 1018.22 | 1015.13 | 1010.24 | 1014.61 | 1005.50 | 1013.94 | 1014.13 | 1013.38 | 1014.15 | 1009.62 | 1012.68 | 1013.85 | 1011.65 | 1004.28 | 1017.19 | 1013.98 | 1009.95 | 1011.89 | 1012.56 | 1015.28 | 1015.42 | 1010.69 | 1013.43 | 1010.68 | 1012.82 | 1017.02 | 1014.03 | 1018.04 | 1017.43 | 1017.44 | 1013.34 | 1013.79 | 1014.90 | 1014.65 | 1008.40 | 1012.10 | 1012.78 | 1019.42 | 1017.34 | 1018.57 |
|       102 | 1020.30 | 1013.95 | 1007.76 | 1011.87 | 1012.14 | 1013.26 | 1013.77 | 1013.96 | 1012.59 | 1009.57 | 1012.24 | 1013.16 | 1011.02 | 1012.06 | 1017.99 | 1013.95 | 1010.28 | 1009.15 | 1010.25 | 1016.62 | 1018.47 | 1006.98 | 1010.52 | 1008.10 | 1013.08 | 1015.98 | 1014.22 | 1017.63 | 1018.20 | 1016.77 | 1010.48 | 1013.95 | 1015.65 | 1014.40 | 1005.17 | 1012.77 | 1011.71 | 1018.67 | 1020.33 | 1016.18 |
|       108 | 1019.64 | 1011.97 | 1009.75 | 1008.72 | 1019.23 | 1010.91 | 1011.30 | 1013.73 | 1009.75 | 1009.41 | 1009.46 | 1011.59 | 1007.99 | 1018.42 | 1017.03 | 1012.82 | 1007.06 | 1006.33 | 1010.47 | 1017.44 | 1018.48 | 1004.18 | 1014.83 | 1005.65 | 1010.54 | 1015.21 | 1011.96 | 1016.11 | 1018.97 | 1015.35 | 1011.02 | 1013.58 | 1016.60 | 1012.11 | 1002.42 | 1011.31 | 1011.20 | 1015.44 | 1021.49 | 1012.29 |
|       114 | 1016.15 | 1009.60 | 1015.38 | 1021.61 | 1021.47 | 1015.79 | 1006.44 | 1017.47 | 1011.13 | 1006.42 | 1017.22 | 1011.41 | 1007.60 | 1021.92 | 1013.84 | 1011.44 | 1005.40 | 1007.64 | 1012.17 | 1017.35 | 1016.44 | 1011.88 | 1021.31 | 1019.73 | 1010.77 | 1017.14 | 1009.85 | 1017.42 | 1019.43 | 1017.35 | 1012.09 | 1013.27 | 1015.09 | 1012.98 | 1011.53 | 1008.67 | 1008.99 | 1017.86 | 1020.72 | 1014.73 |
|       120 | 1017.96 | 1008.67 | 1022.84 | 1026.12 | 1021.65 | 1024.42 | 1019.83 | 1021.31 | 1015.31 | 1008.17 | 1023.95 | 1018.39 | 1013.40 | 1023.24 | 1015.82 | 1017.83 | 1015.75 | 1012.70 | 1014.71 | 1018.11 | 1015.05 | 1022.90 | 1023.17 | 1025.89 | 1015.79 | 1022.34 | 1012.85 | 1020.10 | 1019.49 | 1020.96 | 1018.68 | 1013.62 | 1015.21 | 1015.78 | 1020.16 | 1009.04 | 1009.17 | 1022.40 | 1019.76 | 1021.78 |
