# variable: Momentary Wind Speed at 10m
# units: km/h
# 
| fcst_hour |     1 |     2 |     3 |     4 |     5 |     6 |     7 |     8 |     9 |    10 |    11 |    12 |    13 |    14 |    15 |    16 |    17 |    18 |    19 |    20 |    21 |    22 |    23 |    24 |    25 |    26 |    27 |    28 |    29 |    30 |    31 |    32 |    33 |    34 |    35 |    36 |    37 |    38 |    39 |    40 |
|         0 |  6.06 |  7.89 |  6.11 |  5.37 |  5.92 |  6.46 |  7.83 |  5.83 |  5.46 |  5.93 |  6.55 |  6.02 |  5.53 |  4.59 |  4.61 |  6.08 |  5.84 |  7.85 |  6.00 |  6.73 |  4.80 |  5.61 |  5.09 |  4.62 |  5.23 |  7.62 |  5.65 |  4.90 |  4.67 |  5.41 |  5.29 |  4.22 |  6.37 |  5.13 |  5.33 |  5.85 |  5.43 |  5.29 |  5.42 |  5.78 |
|         1 |  5.64 |  7.69 |  5.80 |  4.81 |  5.90 |  5.91 |  7.79 |  5.78 |  5.01 |  5.90 |  6.21 |  5.84 |  5.63 |  4.06 |  4.16 |  6.04 |  5.53 |  7.19 |  5.45 |  6.61 |  4.89 |  5.63 |  5.12 |  4.39 |  4.78 |  7.37 |  5.51 |  4.41 |  4.53 |  5.17 |  5.07 |  4.33 |  6.09 |  5.21 |  5.51 |  5.76 |  5.36 |  4.84 |  5.05 |  5.47 |
|         2 |  5.88 |  8.25 |  6.04 |  4.84 |  6.58 |  6.07 |  8.20 |  6.23 |  5.05 |  6.40 |  6.25 |  6.07 |  6.27 |  4.51 |  4.33 |  6.40 |  5.90 |  7.35 |  5.87 |  7.16 |  5.21 |  6.19 |  5.28 |  4.84 |  4.99 |  7.52 |  6.32 |  4.40 |  4.85 |  5.30 |  5.32 |  4.77 |  6.32 |  6.02 |  5.96 |  6.15 |  5.67 |  4.93 |  5.19 |  5.88 |
|         3 |  5.60 |  8.38 |  6.18 |  4.94 |  7.49 |  5.89 |  7.91 |  6.37 |  5.27 |  6.32 |  6.26 |  6.02 |  6.68 |  5.02 |  4.60 |  6.53 |  6.16 |  7.40 |  6.10 |  7.37 |  5.49 |  6.48 |  5.35 |  5.02 |  5.21 |  7.70 |  7.00 |  4.36 |  4.97 |  5.22 |  5.39 |  5.06 |  6.30 |  6.62 |  6.16 |  6.54 |  5.75 |  5.18 |  5.25 |  6.45 |
|         4 |  5.44 |  8.54 |  6.30 |  5.03 |  8.03 |  5.62 |  7.15 |  6.53 |  5.38 |  5.97 |  6.78 |  6.03 |  6.98 |  5.05 |  4.78 |  6.68 |  6.17 |  7.28 |  6.18 |  7.48 |  5.85 |  6.55 |  5.31 |  5.10 |  4.97 |  8.23 |  7.43 |  4.54 |  5.24 |  5.14 |  5.36 |  4.84 |  6.33 |  7.70 |  6.38 |  6.90 |  5.93 |  5.60 |  5.33 |  6.35 |
|         5 |  5.56 |  8.69 |  6.92 |  5.10 |  8.73 |  6.42 |  7.55 |  7.27 |  5.71 |  6.23 |  7.72 |  6.75 |  7.82 |  5.66 |  5.22 |  7.46 |  6.65 |  7.74 |  6.64 |  7.99 |  6.36 |  7.40 |  5.81 |  5.27 |  5.73 |  9.43 |  8.23 |  4.93 |  5.65 |  5.89 |  5.51 |  5.06 |  7.14 |  8.93 |  6.98 |  7.70 |  6.77 |  6.27 |  5.68 |  6.39 |
|         6 |  6.20 |  8.60 |  7.73 |  5.72 |  9.43 |  7.54 |  8.44 |  8.09 |  6.43 |  6.69 |  9.30 |  7.76 |  8.97 |  6.40 |  5.95 |  8.08 |  7.66 |  8.40 |  7.39 |  8.88 |  6.98 |  8.77 |  6.29 |  5.79 |  6.65 | 11.06 |  9.31 |  5.33 |  6.25 |  7.08 |  5.86 |  5.76 |  8.41 | 10.42 |  7.86 |  8.34 |  7.83 |  7.44 |  6.39 |  6.75 |
|         7 |  7.25 |  8.98 |  9.10 |  7.12 | 10.07 |  8.91 |  9.40 |  9.24 |  7.19 |  7.46 | 11.54 |  9.20 |  9.84 |  7.19 |  6.28 |  8.61 |  9.27 |  9.38 |  8.28 |  9.84 |  8.53 | 10.26 |  6.62 |  6.76 |  7.28 | 13.18 | 11.42 |  6.51 |  6.83 |  7.96 |  6.35 |  6.97 | 10.07 | 10.81 |  8.84 |  9.37 |  8.73 |  8.26 |  6.91 |  7.38 |
|         8 |  8.53 |  9.94 | 10.67 |  8.82 | 13.95 | 10.69 | 10.27 | 10.62 |  8.55 |  8.68 | 16.19 | 11.20 | 10.56 |  9.93 |  7.53 | 10.27 | 11.47 | 11.82 |  9.68 | 11.21 | 10.40 | 11.85 |  7.24 |  9.03 |  8.76 | 15.72 | 13.87 |  7.73 |  8.02 | 10.03 |  7.79 |  9.50 | 11.21 | 13.13 |  9.82 | 11.21 | 13.66 | 10.35 |  7.34 |  8.86 |
|         9 | 10.85 | 11.59 | 14.00 | 15.42 | 19.41 | 13.27 | 12.16 | 13.03 | 12.47 | 10.63 | 21.14 | 14.71 | 11.95 | 13.06 | 13.20 | 13.19 | 14.90 | 15.34 | 12.81 | 14.44 | 15.92 | 14.74 | 12.14 | 14.19 | 13.38 | 20.41 | 17.03 | 11.31 | 11.39 | 14.43 | 10.45 | 14.27 | 13.53 | 17.66 | 13.95 | 14.50 | 19.41 | 14.86 | 11.01 | 12.81 |
|        10 | 15.78 | 17.10 | 19.16 | 22.48 | 21.42 | 16.84 | 18.15 | 16.94 | 16.98 | 14.27 | 23.19 | 18.88 | 16.43 | 19.18 | 18.98 | 19.59 | 19.09 | 18.65 | 15.73 | 19.59 | 20.27 | 17.91 | 15.98 | 19.12 | 18.30 | 23.06 | 21.43 | 19.11 | 16.93 | 20.87 | 14.10 | 19.19 | 18.82 | 20.76 | 17.56 | 17.11 | 21.40 | 18.21 | 15.34 | 17.93 |
|        11 | 20.23 | 19.58 | 23.87 | 24.39 | 22.75 | 21.20 | 22.20 | 18.71 | 19.23 | 17.40 | 24.84 | 21.52 | 21.28 | 21.79 | 20.83 | 21.45 | 22.45 | 22.55 | 21.31 | 21.99 | 24.62 | 18.86 | 19.39 | 20.64 | 22.17 | 23.95 | 23.60 | 23.68 | 19.15 | 22.72 | 17.35 | 21.71 | 21.83 | 20.96 | 17.95 | 19.06 | 22.06 | 20.83 | 20.09 | 20.16 |
|        12 | 20.71 | 19.03 | 23.48 | 22.78 | 22.45 | 22.76 | 22.61 | 17.45 | 20.06 | 19.25 | 25.06 | 21.26 | 21.72 | 22.84 | 20.04 | 19.43 | 20.55 | 23.95 | 20.59 | 21.89 | 23.50 | 20.85 | 20.32 | 20.47 | 21.91 | 22.25 | 21.47 | 23.89 | 18.13 | 21.12 | 19.37 | 18.75 | 21.60 | 19.04 | 20.01 | 20.51 | 21.78 | 20.73 | 20.24 | 20.28 |
|        13 | 19.43 | 21.70 | 24.05 | 20.57 | 22.94 | 23.42 | 23.16 | 19.16 | 17.82 | 19.26 | 25.00 | 20.98 | 21.03 | 23.31 | 18.53 | 18.64 | 17.82 | 21.50 | 16.21 | 21.72 | 22.09 | 20.89 | 19.36 | 21.08 | 20.99 | 21.06 | 20.83 | 21.86 | 17.27 | 19.96 | 18.37 | 17.68 | 20.70 | 18.50 | 19.88 | 20.58 | 20.56 | 20.36 | 17.79 | 18.51 |
|        14 | 18.61 | 19.40 | 21.39 | 21.56 | 21.94 | 22.28 | 23.37 | 20.07 | 17.48 | 16.93 | 23.98 | 19.56 | 18.83 | 19.84 | 18.33 | 18.84 | 16.63 | 21.14 | 15.70 | 19.98 | 20.79 | 19.58 | 18.37 | 21.32 | 20.89 | 20.98 | 22.12 | 20.61 | 17.37 | 20.43 | 17.81 | 19.07 | 21.11 | 19.17 | 18.56 | 20.27 | 19.82 | 21.25 | 15.45 | 18.91 |
|        15 | 18.01 | 18.39 | 18.74 | 21.11 | 19.35 | 21.33 | 17.91 | 17.99 | 15.41 | 15.47 | 20.71 | 18.16 | 18.92 | 21.15 | 16.48 | 19.06 | 16.83 | 18.42 | 16.89 | 18.60 | 17.65 | 19.83 | 18.39 | 21.59 | 21.65 | 21.38 | 19.34 | 19.13 | 16.11 | 19.42 | 17.62 | 17.76 | 19.46 | 17.86 | 17.35 | 19.60 | 20.52 | 18.97 | 16.21 | 18.80 |
|        16 | 18.12 | 17.70 | 14.64 | 19.19 | 18.87 | 18.69 | 15.59 | 18.77 | 13.98 | 14.05 | 16.34 | 16.77 | 16.62 | 18.97 | 15.00 | 19.38 | 15.23 | 15.62 | 15.57 | 18.05 | 17.78 | 16.70 | 16.93 | 22.88 | 21.55 | 19.09 | 18.22 | 19.90 | 16.46 | 21.44 | 16.19 | 16.02 | 17.29 | 15.87 | 16.29 | 17.53 | 21.63 | 17.29 | 14.31 | 17.49 |
|        17 | 18.46 | 17.97 | 12.62 | 16.24 | 18.59 | 16.71 | 13.34 | 15.21 | 14.38 | 12.60 | 17.83 | 16.65 | 16.54 | 15.82 | 12.24 | 19.49 | 13.22 | 14.78 | 14.25 | 18.46 | 17.29 | 16.58 | 13.61 | 19.44 | 17.71 | 18.13 | 19.19 | 15.69 | 18.90 | 17.56 | 13.68 | 14.14 | 16.44 | 14.45 | 15.12 | 16.12 | 19.24 | 15.81 | 13.39 | 17.27 |
|        18 | 18.05 | 17.67 | 14.49 | 13.90 | 16.37 | 15.90 | 12.10 | 16.53 | 13.49 | 10.74 | 19.67 | 11.88 | 13.78 | 17.34 | 10.75 | 18.96 | 12.62 | 15.26 | 13.03 | 17.80 | 17.85 | 15.05 | 14.38 | 19.71 | 19.84 | 20.25 | 18.05 | 17.25 | 15.49 | 18.37 | 11.63 | 14.79 | 15.63 | 14.19 | 13.41 | 17.24 | 19.62 | 13.31 | 13.94 | 17.56 |
|        19 | 19.81 | 20.65 | 15.05 | 14.90 | 18.68 | 16.16 | 11.97 | 19.83 | 15.67 | 14.39 | 20.59 | 11.10 | 14.25 | 18.30 | 12.23 | 20.63 | 15.62 | 19.06 | 15.07 | 19.49 | 21.19 | 18.14 | 16.76 | 20.03 | 20.73 | 20.29 | 18.56 | 21.68 | 15.69 | 20.63 | 10.92 | 18.32 | 15.56 | 14.13 | 15.21 | 19.69 | 20.59 | 14.40 | 14.74 | 17.04 |
|        20 | 20.27 | 21.74 | 16.84 | 17.55 | 20.55 | 18.18 | 14.56 | 20.42 | 17.96 | 18.15 | 20.49 | 14.97 | 15.60 | 18.96 | 14.18 | 20.66 | 19.48 | 21.61 | 20.35 | 21.18 | 21.37 | 22.24 | 19.07 | 20.39 | 23.31 | 21.13 | 19.99 | 21.65 | 17.86 | 21.65 | 12.10 | 19.90 | 16.65 | 16.08 | 16.67 | 21.15 | 21.03 | 17.70 | 16.53 | 18.24 |
|        21 | 23.38 | 23.15 | 17.91 | 22.83 | 21.85 | 18.90 | 16.44 | 21.29 | 18.81 | 21.88 | 20.24 | 17.97 | 20.06 | 22.27 | 16.75 | 21.37 | 21.77 | 23.71 | 23.63 | 22.34 | 22.11 | 24.18 | 20.73 | 20.12 | 25.86 | 21.62 | 20.65 | 22.93 | 20.25 | 21.67 | 15.88 | 20.98 | 18.81 | 17.48 | 18.53 | 20.84 | 21.05 | 19.94 | 18.24 | 19.69 |
|        22 | 24.01 | 25.11 | 16.08 | 24.65 | 23.53 | 18.18 | 19.59 | 23.66 | 22.28 | 22.13 | 21.58 | 21.94 | 23.79 | 24.68 | 18.75 | 21.51 | 24.58 | 23.90 | 24.55 | 23.16 | 21.96 | 26.76 | 21.07 | 20.90 | 26.41 | 22.60 | 19.75 | 26.19 | 22.32 | 21.91 | 20.31 | 20.86 | 21.40 | 18.69 | 18.46 | 20.60 | 21.55 | 21.07 | 19.69 | 21.51 |
|        23 | 25.48 | 24.88 | 15.95 | 24.29 | 24.31 | 19.31 | 22.56 | 25.20 | 22.09 | 24.37 | 23.57 | 25.82 | 26.91 | 26.63 | 22.64 | 21.31 | 27.32 | 22.85 | 27.47 | 22.56 | 23.17 | 28.44 | 22.65 | 22.13 | 27.23 | 23.70 | 19.81 | 27.82 | 23.10 | 22.38 | 22.21 | 20.81 | 24.64 | 20.20 | 19.35 | 21.33 | 24.42 | 22.23 | 19.68 | 22.15 |
|        24 | 29.92 | 26.42 | 21.14 | 23.98 | 25.95 | 22.68 | 25.75 | 26.11 | 22.63 | 26.46 | 24.51 | 28.80 | 27.17 | 27.76 | 26.26 | 22.82 | 30.22 | 23.73 | 28.01 | 26.88 | 24.32 | 29.88 | 22.71 | 24.97 | 28.06 | 24.62 | 19.86 | 30.11 | 25.50 | 23.76 | 23.41 | 22.29 | 26.23 | 19.84 | 23.37 | 24.61 | 26.70 | 25.38 | 20.68 | 22.28 |
|        25 | 32.74 | 26.19 | 23.84 | 26.54 | 29.15 | 24.62 | 26.95 | 28.14 | 24.49 | 26.57 | 22.02 | 31.55 | 30.95 | 28.34 | 26.08 | 27.09 | 31.86 | 22.85 | 30.22 | 30.35 | 27.22 | 32.17 | 24.43 | 27.99 | 27.10 | 24.42 | 21.80 | 31.80 | 24.62 | 27.51 | 24.41 | 23.69 | 28.73 | 20.47 | 25.64 | 26.71 | 25.20 | 29.02 | 21.47 | 24.54 |
|        26 | 33.29 | 26.58 | 24.77 | 31.88 | 34.08 | 24.49 | 30.03 | 31.48 | 27.59 | 28.27 | 18.07 | 32.41 | 32.75 | 31.28 | 25.05 | 30.43 | 33.24 | 25.55 | 31.04 | 30.40 | 28.64 | 31.25 | 25.87 | 29.30 | 30.75 | 23.19 | 26.99 | 32.63 | 28.17 | 30.18 | 26.61 | 27.24 | 30.82 | 20.27 | 27.72 | 26.35 | 25.87 | 31.12 | 23.26 | 27.22 |
|        27 | 33.93 | 28.20 | 27.58 | 32.66 | 34.82 | 26.99 | 32.84 | 31.45 | 28.12 | 29.61 | 22.45 | 34.05 | 30.50 | 33.14 | 25.95 | 30.77 | 36.27 | 30.08 | 31.01 | 32.01 | 29.74 | 30.46 | 25.37 | 30.80 | 33.36 | 23.13 | 27.19 | 32.17 | 30.07 | 31.56 | 28.50 | 28.04 | 33.92 | 23.46 | 28.33 | 27.39 | 29.11 | 30.36 | 21.38 | 28.25 |
|        28 | 32.32 | 31.06 | 30.16 | 31.25 | 33.87 | 28.36 | 33.30 | 29.89 | 27.69 | 29.67 | 32.29 | 35.97 | 30.64 | 33.57 | 28.47 | 30.06 | 36.39 | 31.47 | 32.52 | 31.57 | 32.28 | 28.84 | 27.67 | 30.51 | 32.18 | 26.75 | 28.69 | 34.93 | 31.52 | 30.61 | 31.23 | 25.63 | 34.56 | 27.95 | 29.44 | 29.36 | 31.38 | 30.19 | 23.30 | 29.93 |
|        29 | 34.57 | 33.22 | 31.94 | 28.70 | 33.79 | 31.42 | 35.85 | 30.38 | 29.15 | 31.32 | 33.72 | 34.33 | 34.10 | 36.21 | 26.84 | 30.05 | 37.42 | 35.08 | 34.43 | 30.40 | 32.35 | 31.82 | 28.71 | 30.12 | 33.99 | 31.12 | 30.27 | 33.05 | 32.54 | 30.73 | 30.41 | 27.68 | 36.09 | 31.54 | 33.07 | 30.53 | 34.09 | 27.26 | 25.69 | 30.38 |
|        30 | 33.95 | 33.42 | 34.48 | 30.25 | 35.22 | 30.75 | 35.55 | 28.49 | 30.61 | 33.43 | 36.61 | 33.30 | 34.01 | 36.66 | 29.44 | 31.42 | 37.14 | 34.93 | 34.36 | 29.18 | 29.91 | 33.48 | 28.97 | 31.62 | 35.27 | 31.54 | 28.95 | 32.68 | 31.07 | 30.43 | 31.33 | 31.23 | 37.77 | 33.40 | 32.81 | 30.30 | 37.38 | 29.71 | 27.30 | 31.93 |
|        31 | 35.17 | 34.66 | 36.16 | 34.01 | 36.39 | 33.31 | 31.60 | 26.33 | 30.87 | 34.57 | 36.96 | 30.33 | 32.93 | 36.08 | 28.94 | 31.51 | 35.14 | 36.09 | 33.33 | 28.97 | 31.30 | 33.99 | 30.21 | 33.54 | 36.69 | 32.73 | 28.04 | 32.54 | 30.65 | 31.70 | 33.15 | 30.64 | 38.34 | 34.85 | 35.15 | 32.04 | 34.37 | 30.37 | 26.53 | 34.05 |
|        32 | 36.34 | 33.46 | 36.40 | 34.31 | 34.89 | 36.34 | 30.96 | 24.91 | 31.77 | 35.09 | 33.06 | 27.46 | 31.19 | 34.35 | 31.48 | 31.51 | 33.40 | 35.44 | 32.80 | 28.74 | 32.99 | 33.14 | 32.84 | 32.09 | 32.85 | 33.53 | 31.27 | 29.63 | 29.91 | 34.36 | 30.32 | 30.54 | 38.44 | 36.07 | 36.94 | 33.50 | 32.31 | 32.27 | 29.27 | 35.24 |
|        33 | 32.32 | 32.22 | 36.00 | 34.33 | 31.89 | 39.27 | 33.57 | 26.56 | 31.09 | 36.75 | 28.54 | 27.50 | 30.32 | 32.51 | 31.22 | 32.24 | 34.44 | 33.88 | 32.10 | 27.82 | 31.51 | 31.76 | 32.50 | 29.81 | 33.38 | 31.33 | 32.84 | 29.38 | 30.76 | 33.19 | 28.99 | 30.66 | 36.78 | 35.42 | 35.16 | 33.72 | 32.00 | 33.99 | 32.91 | 32.51 |
|        34 | 30.98 | 31.23 | 34.96 | 33.91 | 31.08 | 38.89 | 35.32 | 26.65 | 29.27 | 34.36 | 31.05 | 29.50 | 29.21 | 31.02 | 27.75 | 29.99 | 32.05 | 33.74 | 32.33 | 28.77 | 31.77 | 31.61 | 31.10 | 28.83 | 33.14 | 29.13 | 32.26 | 29.83 | 29.98 | 30.98 | 28.17 | 29.91 | 33.83 | 32.96 | 32.91 | 32.81 | 32.70 | 32.92 | 35.99 | 30.60 |
|        35 | 31.52 | 29.71 | 31.29 | 29.03 | 29.74 | 36.63 | 34.73 | 26.14 | 28.27 | 32.58 | 32.55 | 29.85 | 29.71 | 30.84 | 27.30 | 28.57 | 29.36 | 30.27 | 31.13 | 26.00 | 31.92 | 31.70 | 29.58 | 27.87 | 33.77 | 29.61 | 29.59 | 29.12 | 29.46 | 30.04 | 28.88 | 28.01 | 30.43 | 29.78 | 32.84 | 32.72 | 32.80 | 30.32 | 37.96 | 28.87 |
|        36 | 32.89 | 29.24 | 28.18 | 27.70 | 29.25 | 31.93 | 33.13 | 25.15 | 28.55 | 29.10 | 33.08 | 28.41 | 28.65 | 30.90 | 25.71 | 27.84 | 28.46 | 31.39 | 31.68 | 23.37 | 33.78 | 33.35 | 28.94 | 27.78 | 33.79 | 28.73 | 30.33 | 28.24 | 28.64 | 28.49 | 29.01 | 26.21 | 30.31 | 28.35 | 31.79 | 31.60 | 31.87 | 27.39 | 37.14 | 27.88 |
|        37 | 34.22 | 28.85 | 25.18 | 25.61 | 29.54 | 29.03 | 33.01 | 24.63 | 26.11 | 28.21 | 34.81 | 30.38 | 27.93 | 30.89 | 24.13 | 28.23 | 28.81 | 30.39 | 33.80 | 21.33 | 34.73 | 33.54 | 28.12 | 30.08 | 31.46 | 27.76 | 28.87 | 29.08 | 27.38 | 28.34 | 28.28 | 24.86 | 30.08 | 27.74 | 27.35 | 29.71 | 32.04 | 25.63 | 34.43 | 27.65 |
|        38 | 33.15 | 26.66 | 24.55 | 22.16 | 28.84 | 27.87 | 33.57 | 24.51 | 24.92 | 26.62 | 31.90 | 31.21 | 27.93 | 30.68 | 24.06 | 25.65 | 27.26 | 29.46 | 29.54 | 19.58 | 32.52 | 30.86 | 24.94 | 29.48 | 28.43 | 27.25 | 28.11 | 28.28 | 25.28 | 26.52 | 26.95 | 22.83 | 28.90 | 24.60 | 26.78 | 27.83 | 28.50 | 22.02 | 29.41 | 26.76 |
|        39 | 30.14 | 23.13 | 22.54 | 19.84 | 25.65 | 26.06 | 31.56 | 23.32 | 22.07 | 22.55 | 31.04 | 31.65 | 25.23 | 29.38 | 19.16 | 24.30 | 24.52 | 24.94 | 28.24 | 14.73 | 30.08 | 27.74 | 22.29 | 26.37 | 26.54 | 24.10 | 26.57 | 23.74 | 21.65 | 24.86 | 24.02 | 20.67 | 26.88 | 21.56 | 23.17 | 22.47 | 25.39 | 20.11 | 21.93 | 23.29 |
|        40 | 25.45 | 19.40 | 19.25 | 16.85 | 23.35 | 23.68 | 28.12 | 21.58 | 19.83 | 16.84 | 26.63 | 30.87 | 22.02 | 25.87 | 16.05 | 19.61 | 21.95 | 19.67 | 23.02 |  9.66 | 30.62 | 26.84 | 19.15 | 23.65 | 21.92 | 19.24 | 25.01 | 23.41 | 18.37 | 25.02 | 20.81 | 17.20 | 23.76 | 20.63 | 19.53 | 21.06 | 23.23 | 16.48 | 18.18 | 19.71 |
|        41 | 19.75 | 17.02 | 15.61 | 13.55 | 22.05 | 22.65 | 22.15 | 18.97 | 18.60 | 13.73 | 21.99 | 26.47 | 19.33 | 24.06 | 15.00 | 15.64 | 16.84 | 16.43 | 19.39 |  8.28 | 27.29 | 18.78 | 16.43 | 20.59 | 16.52 | 17.45 | 24.85 | 23.39 | 14.44 | 26.79 | 18.78 | 14.66 | 21.58 | 17.47 | 17.02 | 18.83 | 21.16 | 12.24 | 15.16 | 19.46 |
|        42 | 17.41 | 14.22 | 11.77 | 12.83 | 20.33 | 23.70 | 15.17 | 16.50 | 14.28 | 12.07 | 14.53 | 17.39 | 19.49 | 24.72 | 17.58 | 14.05 | 19.50 | 14.80 | 17.88 |  7.77 | 21.63 | 18.34 | 18.75 | 15.45 | 12.77 | 15.26 | 16.56 | 24.94 | 13.26 | 28.52 | 17.61 | 12.53 | 20.40 | 13.57 | 15.06 | 15.50 | 22.02 | 10.55 | 14.39 | 18.25 |
|        43 | 11.46 | 11.50 |  9.73 | 11.52 | 18.17 | 24.71 | 12.66 | 13.25 | 13.78 | 12.08 | 14.44 | 15.62 | 19.74 | 19.95 | 20.55 | 10.95 | 23.17 | 11.89 | 13.34 |  7.42 | 20.87 | 15.20 | 21.51 | 11.20 | 11.26 | 11.20 | 11.19 | 21.58 | 10.10 | 24.83 | 13.75 | 12.76 | 15.95 | 12.10 | 13.27 | 12.07 | 21.12 |  9.90 | 12.00 | 14.85 |
|        44 | 10.03 |  9.52 |  9.52 | 10.90 | 12.92 | 14.53 | 12.70 | 12.24 | 10.64 | 12.55 | 12.41 | 13.22 |  8.39 | 16.62 | 23.37 |  8.77 | 19.29 |  9.64 | 11.50 |  7.17 | 17.91 | 13.49 | 26.08 | 10.01 |  8.84 |  7.89 | 10.17 | 17.87 |  9.43 | 21.60 |  8.87 | 12.55 | 12.76 | 12.34 | 11.53 |  9.19 | 17.26 |  9.47 |  9.41 | 11.07 |
|        45 |  9.16 |  7.09 | 10.04 | 11.26 |  8.26 | 11.63 | 10.14 |  9.22 |  8.60 | 11.53 | 11.90 | 11.57 |  6.26 |  9.34 | 23.14 |  8.05 | 15.37 |  7.23 |  8.75 |  6.48 | 17.75 | 12.17 | 23.15 |  7.44 |  7.27 |  5.51 |  7.27 | 13.02 |  8.08 | 16.68 |  6.17 | 10.19 |  9.72 | 13.16 |  9.40 |  7.30 | 10.85 |  8.65 |  8.35 |  8.24 |
|        46 |  8.55 |  4.73 | 10.95 |  9.46 | 10.86 | 11.88 |  9.39 |  6.64 |  5.62 | 10.46 | 10.89 | 10.72 |  8.84 |  7.85 | 21.30 |  7.34 | 10.72 |  6.02 |  7.39 |  6.04 | 17.56 | 11.76 | 18.29 |  4.76 |  5.71 |  4.28 |  6.93 | 11.75 |  7.26 |  9.35 |  4.85 |  7.85 |  9.91 | 13.34 |  7.83 |  6.23 |  5.55 |  8.12 |  7.63 |  8.03 |
|        47 |  8.26 |  2.35 | 11.11 |  8.03 | 10.23 | 10.35 |  9.10 |  5.97 |  4.93 | 10.32 |  9.75 | 10.32 |  9.35 |  5.09 | 19.65 |  6.74 |  8.00 |  4.43 |  6.21 |  5.84 | 15.18 | 10.65 | 13.75 |  3.89 |  3.76 |  3.74 |  6.20 |  9.68 |  5.92 |  9.80 |  3.13 |  5.37 |  6.90 | 13.82 |  5.15 |  4.99 |  5.58 |  8.83 |  7.00 |  9.12 |
|        48 |  8.14 |  1.82 |  9.76 |  7.39 |  5.31 |  9.38 |  9.40 |  5.78 |  3.85 |  9.81 |  9.68 |  9.90 |  8.49 |  4.57 | 19.48 |  6.53 |  8.20 |  0.80 |  5.11 |  5.63 | 13.93 |  9.61 |  7.94 |  3.43 |  2.49 |  2.31 |  5.60 |  8.06 |  4.35 | 10.77 |  3.27 |  2.96 |  3.51 | 12.69 |  3.48 |  2.79 |  6.30 |  8.86 |  6.10 |  7.07 |
|        51 |  7.96 |  4.69 |  7.85 |  5.02 |  2.15 |  8.68 |  9.86 |  6.11 |  2.67 |  8.34 |  9.72 |  9.40 |  8.61 |  5.67 | 12.23 |  6.51 |  7.66 |  8.71 |  4.50 |  4.42 |  9.09 | 10.23 |  6.85 |  3.32 |  7.16 |  2.51 |  5.24 |  6.34 |  4.68 | 11.37 |  4.75 |  1.52 |  3.50 | 12.15 |  3.90 |  2.37 |  6.05 |  8.57 |  3.32 |  1.86 |
|        54 |  8.62 |  4.50 |  6.73 |  4.82 |  3.74 |  9.60 | 11.02 |  7.34 |  3.75 |  7.31 |  9.11 |  9.80 |  9.59 |  6.25 |  5.51 |  7.49 |  9.22 |  3.84 |  5.55 |  8.21 | 10.05 | 11.37 |  7.90 |  5.23 |  4.41 |  4.55 |  6.20 |  5.90 |  2.36 | 13.54 |  5.76 |  2.56 |  6.78 | 17.35 |  2.58 |  3.66 |  7.19 |  8.62 |  3.25 |  5.59 |
|        57 | 16.99 |  5.03 | 12.13 |  8.06 | 11.91 | 17.50 | 19.91 | 12.78 | 14.98 |  8.13 | 16.74 | 19.19 | 19.81 | 12.34 | 13.43 | 16.44 | 19.44 |  2.24 | 15.72 |  7.58 | 22.26 | 20.81 | 17.79 | 12.60 |  1.28 | 12.43 | 16.15 | 13.41 |  3.68 | 22.79 | 11.76 |  9.09 | 13.02 | 13.94 | 12.05 |  6.24 | 15.99 | 13.76 |  4.65 | 13.74 |
|        60 | 21.39 | 16.45 | 17.25 | 15.47 | 19.02 | 22.36 | 25.06 | 17.54 | 21.73 | 15.28 | 20.10 | 22.53 | 24.07 | 17.09 | 18.33 | 21.80 | 25.27 | 11.32 | 25.37 |  4.20 | 23.15 | 24.55 | 21.09 | 17.78 |  9.39 | 19.70 | 24.56 | 19.12 |  9.48 | 27.72 | 17.77 | 12.35 | 20.14 | 13.69 | 17.51 | 15.98 | 21.10 | 20.98 | 10.80 | 17.96 |
|        63 | 15.65 | 17.12 | 12.53 | 14.05 | 18.60 | 16.88 | 18.77 | 15.74 | 19.79 | 14.66 | 16.33 | 21.22 | 17.11 | 14.46 | 14.18 | 16.39 | 20.72 | 12.43 | 23.19 |  4.23 | 22.04 | 22.47 | 19.00 | 15.14 | 11.79 | 17.63 | 20.24 | 16.35 | 10.66 | 20.60 | 15.33 | 12.08 | 17.88 | 18.67 | 17.00 | 15.58 | 16.53 | 17.72 | 10.96 | 14.19 |
|        66 | 11.04 | 15.98 |  6.86 | 12.34 | 11.75 | 13.48 | 15.13 | 10.41 | 16.09 |  8.06 | 10.57 | 17.42 | 10.86 | 11.63 |  9.31 | 10.43 | 16.79 |  8.03 | 15.93 |  2.39 | 18.85 | 17.63 | 13.64 |  8.17 |  6.86 | 11.07 | 17.03 |  8.30 |  5.81 | 14.07 |  8.77 |  7.65 | 13.46 | 17.96 | 10.69 | 10.78 | 10.27 | 10.56 |  5.38 |  8.89 |
|        69 | 10.39 | 15.00 |  7.01 |  8.42 |  9.57 | 13.22 | 13.19 | 11.16 |  8.71 |  7.80 |  8.42 | 10.12 |  9.58 | 10.12 |  8.27 |  7.39 | 14.57 |  7.47 | 13.08 |  1.05 | 12.42 | 13.36 | 14.11 |  7.29 |  6.14 |  9.96 | 17.04 |  7.44 |  5.57 | 12.77 |  7.71 |  6.59 | 12.87 | 15.40 |  9.55 | 10.03 |  8.56 |  7.18 |  4.51 |  7.56 |
|        72 |  9.38 | 11.16 |  1.59 |  6.08 |  8.49 | 13.50 | 11.06 |  9.80 |  5.96 |  7.11 |  7.79 |  8.63 |  8.62 |  9.81 |  6.92 |  4.84 |  9.74 |  6.49 |  8.47 |  1.39 |  8.57 |  8.93 |  7.61 |  6.88 |  5.08 |  7.12 | 11.84 |  6.54 |  5.02 | 10.40 |  6.77 |  5.87 | 11.01 |  9.35 |  8.29 |  7.14 |  7.46 |  5.74 |  4.19 |  7.07 |
|        78 |  7.05 |  8.42 |  2.81 |  3.90 |  4.13 |  7.58 |  5.94 |  8.20 |  4.66 |  3.93 |  5.63 |  5.57 |  4.54 |  9.84 |  4.33 |  1.57 |  6.52 |  4.16 |  5.37 |  3.94 |  7.58 |  5.49 |  7.38 |  4.99 |  2.98 |  3.13 |  7.36 |  4.62 |  2.35 |  6.68 |  3.84 |  3.67 |  9.06 |  3.27 |  5.77 |  4.31 |  5.22 |  2.14 |  2.69 |  4.55 |
|        84 |  6.65 | 10.10 | 11.97 |  7.10 |  6.69 |  3.57 |  0.41 |  8.47 |  5.67 | 10.51 |  2.60 |  7.02 |  3.43 | 10.50 |  3.59 | 10.83 |  6.67 |  4.81 |  5.25 | 13.27 | 13.42 |  2.27 | 11.17 |  1.08 |  9.34 |  7.91 |  5.80 |  5.58 |  6.79 |  7.04 |  2.98 |  5.33 |  6.78 |  3.92 |  4.22 |  2.61 |  6.61 | 10.12 |  6.84 |  3.67 |
|        90 |  4.23 |  3.35 |  6.24 |  5.66 |  5.38 |  4.23 |  5.28 |  2.51 |  4.13 |  6.18 |  4.86 |  3.42 |  5.09 |  3.51 |  4.36 |  5.16 |  5.45 |  5.30 |  3.20 |  7.14 |  3.55 |  4.97 |  3.71 |  4.93 |  6.04 |  5.82 |  4.24 |  4.08 |  4.89 |  2.85 |  5.13 |  4.62 |  4.52 |  6.49 |  4.32 |  3.36 |  3.52 |  5.80 |  5.35 |  4.71 |
|        96 |  5.69 |  2.29 |  5.98 |  6.45 |  5.45 |  4.19 |  6.11 |  4.47 |  3.63 |  5.14 |  5.63 |  2.18 |  3.33 |  4.15 |  2.34 |  0.67 |  4.13 |  5.32 |  4.76 |  4.55 |  1.13 |  5.80 |  3.00 |  4.32 |  2.98 |  6.76 |  6.36 |  1.38 |  4.22 |  4.60 |  5.16 |  5.27 |  2.83 |  7.14 |  3.76 |  4.32 |  4.51 |  3.88 |  5.01 |  5.39 |
|       102 |  2.78 |  5.28 |  3.86 |  2.07 |  2.21 |  2.18 |  3.86 |  5.43 |  0.81 |  2.21 |  3.56 |  1.01 |  1.41 |  3.30 |  1.30 |  1.74 |  1.30 |  1.93 |  5.53 |  1.50 |  2.23 |  7.33 |  3.59 |  2.95 |  1.21 |  5.57 |  4.11 |  0.79 |  2.20 |  5.04 |  1.52 |  1.57 |  1.35 |  3.26 |  0.86 |  3.84 |  2.58 |  1.27 |  1.92 |  5.33 |
|       108 |  2.21 |  8.98 |  2.43 |  2.72 |  3.39 |  2.47 |  1.81 |  1.52 |  0.95 |  3.97 |  0.52 |  3.55 |  0.61 |  1.18 |  1.27 |  4.35 |  2.01 |  1.66 |  7.06 |  1.69 |  2.20 |  5.54 |  2.70 |  5.60 |  2.57 |  3.77 |  2.13 |  5.33 |  0.86 |  2.42 |  2.22 |  4.55 |  3.60 |  1.11 |  3.32 |  2.06 |  0.23 |  0.97 |  1.84 |  1.81 |
|       114 |  2.55 |  1.97 |  1.78 |  3.42 |  1.45 |  5.05 |  1.55 |  3.79 |  0.81 |  3.26 |  0.24 |  5.10 |  1.01 |  3.37 |  5.56 |  2.81 |  2.55 |  2.20 |  0.73 |  1.19 |  3.11 |  2.65 |  3.81 |  4.23 |  6.56 |  2.46 |  0.44 |  6.80 |  1.91 |  3.00 |  2.65 |  4.34 |  2.36 |  3.39 |  5.50 |  1.75 |  2.78 |  2.91 |  2.21 |  1.34 |
|       120 |  3.36 |  4.17 |  3.08 |  5.04 |  1.42 |  4.72 |  3.76 |  5.21 |  3.07 |  6.60 |  2.45 |  6.07 |  5.46 |  4.01 |  2.89 |  3.19 |  2.40 |  2.00 |  1.96 |  2.41 |  5.19 |  0.69 |  4.90 |  4.41 |  7.03 |  2.40 |  1.68 |  7.19 |  3.38 |  5.08 |  2.40 |  4.32 |  4.91 |  4.03 |  4.00 |  1.11 |  3.91 |  3.47 |  2.99 |  3.36 |
